,Start_blink,End_blink,Blink_frame,No_of_frames
0,20,23,20,3
1,230,234,230,4
2,273,278,275,5
3,306,320,306,14
4,511,515,511,4
5,571,576,572,5
6,612,621,613,9
7,689,705,689,16
8,785,814,785,29
9,815,817,815,2
10,861,867,863,6
11,959,964,961,5
12,985,991,986,6
13,1060,1065,1061,5
14,1069,1074,1070,5
15,1113,1116,1113,3
16,1155,1158,1155,3
17,1252,1259,1252,7
18,1267,1270,1267,3
19,1323,1327,1325,4
20,1396,1400,1398,4
21,1419,1423,1421,4
22,1438,1441,1438,3
23,1477,1482,1477,5
24,1511,1518,1513,7
25,1528,1531,1528,3
26,1591,1596,1593,5
27,1654,1661,1654,7
28,1693,1699,1693,6
29,1726,1733,1727,7
30,1771,1782,1771,11
31,1815,1819,1815,4
32,1845,1853,1845,8
33,1873,1883,1873,10
34,1907,1913,1907,6
35,1958,1960,1958,2
36,1973,1978,1975,5
37,2047,2055,2047,8
38,2119,2124,2119,5
39,2165,2176,2165,11
40,2258,2261,2258,3
41,2331,2340,2332,9
42,2388,2395,2388,7
43,2438,2445,2440,7
44,2496,2500,2496,4
45,2553,2562,2553,9
46,2612,2618,2612,6
47,2726,2728,2726,2
48,2768,2771,2770,3
49,2816,2820,2816,4
50,2833,2837,2834,4
51,2857,2861,2857,4
52,2910,2916,2913,6
53,3013,3017,3013,4
54,3052,3056,3052,4
55,3114,3121,3114,7
56,3186,3189,3186,3
57,3253,3264,3253,11
58,3285,3291,3285,6
59,3309,3313,3310,4
60,3364,3378,3364,14
61,3491,3496,3492,5
62,3556,3559,3556,3
63,3591,3596,3592,5
64,3623,3628,3625,5
65,3649,3654,3651,5
66,3680,3686,3683,6
67,3689,3695,3692,6
68,3722,3735,3722,13
69,3747,3757,3747,10
70,3775,3780,3777,5
71,3796,3799,3796,3
72,3805,3807,3805,2
73,3868,3873,3868,5
74,3887,3891,3887,4
75,3912,3918,3914,6
76,3948,3954,3950,6
77,3989,3995,3989,6
78,4041,4067,4041,26
79,4068,4071,4068,3
80,4089,4095,4091,6
81,4182,4186,4182,4
82,4244,4246,4244,2
83,4274,4276,4274,2
84,4373,4387,4373,14
85,4439,4445,4441,6
86,4502,4505,4502,3
87,4545,4561,4545,16
88,4641,4646,4641,5
89,4713,4722,4713,9
90,4763,4769,4765,6
91,4794,4800,4794,6
92,4836,4841,4838,5
93,4872,4875,4872,3
94,5043,5047,5043,4
95,5051,5058,5053,7
96,5163,5207,5163,44
97,5273,5278,5275,5
98,5325,5330,5326,5
99,5410,5413,5410,3
100,5459,5462,5459,3
101,5523,5542,5523,19
102,5608,5612,5608,4
103,5641,5644,5641,3
104,5714,5721,5716,7
105,5766,5782,5766,16
106,5823,5830,5825,7
107,5898,5903,5898,5
108,5912,5916,5912,4
109,5926,5931,5926,5
110,6036,6049,6036,13
111,6066,6072,6068,6
112,6093,6098,6096,5
113,6112,6114,6112,2
114,6126,6131,6128,5
115,6171,6175,6171,4
116,6201,6206,6203,5
117,6264,6266,6264,2
118,6293,6297,6293,4
119,6336,6339,6336,3
120,6345,6348,6346,3
121,6415,6428,6415,13
122,6461,6466,6463,5
123,6497,6501,6497,4
124,6546,6558,6547,12
125,6586,6591,6587,5
126,6655,6668,6655,13
127,6706,6709,6706,3
128,6736,6741,6736,5
129,6769,6773,6770,4
130,6857,6871,6857,14
131,6900,6903,6900,3
132,6954,6958,6954,4
133,6989,6995,6989,6
134,7037,7041,7037,4
135,7067,7072,7069,5
136,7100,7104,7100,4
137,7137,7143,7137,6
138,7181,7210,7181,29
139,7211,7215,7211,4
140,7264,7271,7264,7
141,7503,7524,7503,21
142,7535,7537,7535,2
143,7600,7613,7600,13
144,7656,7662,7656,6
145,7682,7694,7682,12
146,7753,7760,7753,7
147,7788,7792,7788,4
148,7835,7838,7835,3
149,7907,7911,7907,4
150,8032,8054,8033,22
151,8101,8109,8101,8
152,8161,8166,8163,5
153,8189,8194,8189,5
154,8229,8233,8229,4
155,8274,8280,8277,6
156,8429,8433,8430,4
157,8472,8481,8472,9
158,8530,8539,8530,9
159,8540,8543,8540,3
160,8599,8606,8599,7
161,8624,8630,8626,6
162,8665,8669,8667,4
163,8713,8722,8716,9
164,8765,8769,8765,4
165,8773,8778,8776,5
166,8811,8816,8811,5
167,8934,8942,8934,8
168,9029,9031,9029,2
169,9136,9140,9136,4
170,9240,9256,9240,16
171,9291,9293,9291,2
172,9347,9351,9347,4
173,9367,9393,9367,26
174,9412,9415,9412,3
175,9444,9447,9444,3
176,9499,9514,9499,15
177,9564,9567,9564,3
178,9585,9589,9585,4
179,9673,9678,9673,5
180,9732,9734,9732,2
181,9782,9788,9782,6
182,9853,9857,9853,4
183,9919,9926,9921,7
184,9956,9960,9956,4
185,9968,9971,9968,3
186,10017,10037,10017,20
187,10293,10299,10293,6
188,10461,10467,10461,6
189,10487,10491,10487,4
190,10548,10554,10548,6
191,10656,10661,10658,5
192,10703,10722,10703,19
193,10723,10726,10723,3
194,10855,10858,10855,3
195,10884,10888,10884,4
196,10987,10997,10987,10
197,11057,11062,11059,5
198,11094,11126,11094,32
199,11166,11183,11166,17
200,11220,11225,11220,5
201,11248,11270,11248,22
202,11291,11299,11291,8
203,11407,11410,11407,3
204,11494,11499,11496,5
205,11786,11791,11786,5
206,12302,12308,12304,6
207,12559,12578,12559,19
208,12655,12663,12655,8
209,12681,12685,12681,4
210,12875,12887,12875,12
211,13005,13020,13005,15
212,13138,13144,13138,6
213,13368,13378,13370,10
214,13431,13441,13434,10
215,13469,13474,13469,5
216,13612,13617,13612,5
217,13627,13631,13627,4
218,13674,13679,13676,5
219,13782,13789,13782,7
220,13844,13851,13846,7
221,13875,13878,13875,3
222,13944,13950,13946,6
223,14018,14023,14021,5
224,14129,14133,14129,4
225,14203,14208,14205,5
226,14383,14387,14383,4
227,14520,14525,14523,5
228,14585,14590,14588,5
229,14607,14611,14607,4
230,14651,14655,14651,4
231,14792,14795,14792,3
232,14860,14867,14862,7
233,14888,14893,14888,5
234,15001,15009,15002,8
235,15050,15054,15051,4
236,15090,15094,15091,4
237,15140,15145,15142,5
238,15219,15225,15219,6
239,15268,15273,15268,5
240,15295,15298,15295,3
241,15309,15315,15309,6
242,15414,15418,15414,4
243,15659,15671,15659,12
244,15715,15725,15715,10
245,15726,15732,15726,6
246,15866,15871,15866,5
247,15877,15880,15877,3
248,15922,15928,15924,6
249,15984,15986,15984,2
250,16015,16030,16015,15
251,16056,16064,16058,8
252,16105,16108,16105,3
253,16195,16226,16195,31
254,16227,16230,16227,3
255,16310,16322,16310,12
256,16365,16368,16365,3
257,16410,16414,16410,4
258,16458,16460,16458,2
259,16487,16491,16487,4
260,16498,16500,16498,2
261,16559,16562,16559,3
262,16590,16594,16590,4
263,16708,16712,16708,4
264,16717,16721,16719,4
265,16836,16839,16836,3
266,16913,16918,16913,5
267,16950,16972,16950,22
268,17021,17028,17021,7
269,17037,17043,17038,6
270,17105,17112,17107,7
271,17197,17200,17197,3
272,17323,17328,17323,5
273,17345,17348,17345,3
274,17545,17549,17545,4
275,17588,17594,17590,6
276,17639,17641,17639,2
277,17676,17681,17676,5
278,17756,17761,17756,5
279,17897,17907,17897,10
280,17997,18000,17997,3
281,18056,18062,18056,6
282,18191,18197,18191,6
283,18314,18322,18314,8
284,18407,18413,18408,6
285,18535,18550,18536,15
286,18551,18553,18551,2
287,18626,18632,18626,6
288,18763,18765,18763,2
289,18805,18810,18805,5
290,18839,18842,18839,3
291,18865,18872,18865,7
292,18946,18950,18946,4
293,19052,19055,19052,3
294,19098,19102,19099,4
295,19156,19162,19156,6
296,19185,19192,19187,7
297,19224,19228,19225,4
298,19276,19279,19276,3
299,19432,19447,19432,15
300,19617,19644,19617,27
301,19975,19984,19975,9
302,20036,20056,20036,20
303,20078,20090,20078,12
304,20142,20159,20142,17
305,20251,20254,20251,3
306,20265,20272,20267,7
307,20293,20298,20293,5
308,20450,20458,20450,8
309,20496,20501,20496,5
310,20509,20513,20509,4
311,20569,20574,20571,5
312,20783,20795,20785,12
313,20840,20844,20840,4
314,20874,20880,20876,6
315,20937,20940,20937,3
316,20973,20976,20974,3
317,21038,21044,21039,6
318,21081,21090,21081,9
319,21219,21232,21220,13
320,21284,21287,21284,3
321,21614,21618,21614,4
322,21650,21655,21653,5
323,21768,21772,21768,4
324,21854,21856,21854,2
325,22039,22045,22041,6
326,22282,22288,22284,6
327,22312,22324,22312,12
328,22443,22449,22443,6
329,22515,22526,22516,11
330,22527,22529,22527,2
331,22594,22601,22594,7
332,22627,22631,22627,4
333,22662,22666,22662,4
334,22684,22689,22684,5
335,22754,22757,22754,3
336,22834,22837,22834,3
337,22913,22930,22913,17
338,23082,23087,23082,5
339,23150,23158,23150,8
340,23196,23199,23196,3
341,23212,23216,23214,4
342,23225,23231,23226,6
343,23284,23288,23285,4
344,23363,23374,23363,11
345,23434,23438,23434,4
346,23665,23692,23665,27
347,23727,23732,23728,5
348,23826,23829,23826,3
349,23967,23976,23970,9
350,23982,23986,23984,4
351,24092,24097,24094,5
352,24200,24206,24200,6
353,24327,24332,24329,5
354,24367,24371,24367,4
355,24472,24480,24474,8
356,24549,24553,24549,4
357,24558,24561,24558,3
358,24629,24747,24629,118
359,24765,24772,24765,7
360,24785,24791,24785,6
361,24833,24839,24835,6
362,24847,24852,24849,5
363,24915,24923,24915,8
364,24924,24928,24924,4
365,25087,25092,25087,5
366,25126,25129,25126,3
367,25168,25176,25170,8
368,25191,25196,25194,5
369,25232,25243,25233,11
370,25244,25247,25244,3
371,25362,25368,25364,6
372,25389,25391,25389,2
373,25453,25456,25453,3
374,25489,25496,25492,7
375,25526,25532,25526,6
376,25584,25591,25586,7
377,25655,25659,25657,4
378,25705,25711,25705,6
379,25746,25751,25748,5
380,25873,25880,25873,7
381,25960,25963,25960,3
382,26038,26046,26040,8
383,26171,26192,26171,21
384,26245,26250,26247,5
385,26322,26328,26322,6
386,26550,26557,26550,7
387,26717,26724,26718,7
388,26728,26731,26728,3
389,26834,26837,26834,3
390,26848,26851,26848,3
391,26972,26977,26972,5
392,27115,27136,27115,21
393,27193,27196,27193,3
394,27255,27262,27257,7
395,27266,27268,27266,2
396,27316,27319,27316,3
397,27344,27348,27344,4
398,27405,27414,27406,9
399,27511,27517,27511,6
400,27767,27772,27767,5
401,27821,27826,27821,5
402,27853,27878,27853,25
403,27988,27993,27988,5
404,27997,28000,27997,3
405,28173,28176,28173,3
406,28182,28184,28182,2
407,28309,28313,28309,4
408,28456,28460,28456,4
409,28496,28499,28496,3
410,28562,28567,28564,5
411,28604,28608,28604,4
412,28647,28652,28650,5
413,28676,28679,28676,3
414,28851,28854,28851,3
415,28918,28921,28918,3
416,28971,28975,28973,4
417,29103,29107,29103,4
418,29522,29526,29522,4
419,29724,29731,29724,7
420,29889,29892,29889,3
421,29915,29923,29915,8
422,29924,29927,29924,3
423,30088,30097,30088,9
424,30210,30222,30213,12
425,30270,30275,30272,5
426,30309,30313,30310,4
427,30360,30365,30361,5
428,30395,30401,30397,6
429,30547,30553,30549,6
430,30636,30644,30637,8
431,30801,30810,30801,9
432,30860,30864,30860,4
433,30929,30933,30929,4
434,30949,30954,30949,5
435,31140,31145,31140,5
436,31199,31205,31201,6
437,31270,31273,31270,3
438,31292,31296,31294,4
439,31306,31458,31308,152
440,31459,31464,31459,5
441,31575,31579,31577,4
442,31593,31648,31593,55
443,31676,31681,31677,5
444,31777,31784,31779,7
445,31819,31829,31822,10
446,31840,31845,31843,5
447,31855,31860,31857,5
448,31959,31963,31959,4
449,31999,32016,31999,17
450,32017,32020,32017,3
451,32083,32090,32083,7
452,32109,32114,32109,5
453,32313,32335,32313,22
454,32374,32380,32374,6
455,32419,32424,32420,5
456,32469,32472,32469,3
457,32526,32530,32527,4
458,32607,32612,32607,5
459,32618,32620,32618,2
460,32706,32709,32706,3
461,32760,32767,32762,7
462,32879,32891,32879,12
463,32996,33004,32998,8
464,33057,33078,33057,21
465,33109,33115,33111,6
466,33159,33163,33159,4
467,33190,33197,33192,7
468,33353,33356,33353,3
469,33421,33424,33421,3
470,33431,33434,33431,3
471,33444,33446,33444,2
472,33502,33513,33503,11
473,33514,33517,33514,3
474,33573,33576,33573,3
475,33593,33595,33593,2
476,33649,33652,33649,3
477,33688,33696,33690,8
478,33720,33725,33720,5
479,33764,33769,33766,5
480,33808,33815,33810,7
481,33861,33865,33861,4
482,33883,33888,33885,5
483,33899,33901,33899,2
484,34034,34038,34034,4
485,34142,34156,34142,14
486,34325,34328,34325,3
487,34384,34388,34384,4
488,34530,34534,34530,4
489,34612,34619,34612,7
490,34665,34669,34665,4
491,34801,34826,34803,25
492,34877,34880,34877,3
493,34997,35004,34997,7
494,35044,35048,35044,4
495,35117,35120,35117,3
496,35162,35166,35164,4
497,35331,35334,35331,3
498,35472,35484,35472,12
499,35588,35592,35588,4
500,35648,35653,35648,5
501,35773,35779,35773,6
502,35921,35925,35923,4
503,35953,35956,35953,3
504,36065,36072,36065,7
505,36081,36084,36081,3
506,36093,36098,36093,5
507,36206,36209,36206,3
508,36486,36491,36487,5
509,36531,36536,36531,5
510,36598,36606,36598,8
511,36634,36637,36634,3
512,36673,36676,36673,3
513,36706,36710,36706,4
514,36716,36720,36717,4
515,36940,36949,36942,9
516,36974,36977,36974,3
517,37059,37063,37059,4
518,37114,37118,37116,4
519,37171,37174,37171,3
520,37210,37223,37212,13
521,37224,37227,37224,3
522,37321,37325,37321,4
523,37377,37383,37379,6
524,37392,37397,37394,5
525,37410,37414,37412,4
526,37489,37495,37489,6
527,37568,37575,37568,7
528,37644,37653,37645,9
529,37930,37936,37930,6
530,38068,38106,38071,38
531,38119,38123,38121,4
532,38174,38179,38176,5
533,38184,38189,38186,5
534,38351,38353,38351,2
535,38420,38429,38421,9
536,38483,38512,38483,29
537,38622,38638,38622,16
538,38682,38689,38683,7
539,38736,38742,38738,6
540,38814,38821,38817,7
541,38864,38872,38867,8
542,38884,38893,38887,9
543,38932,38939,38935,7
544,38943,38951,38946,8
545,38986,38990,38987,4
546,39025,39029,39025,4
547,39072,39078,39075,6
548,39111,39117,39113,6
549,39123,39128,39125,5
550,39189,39202,39189,13
551,39226,39232,39228,6
552,39277,39283,39280,6
553,39312,39321,39315,9
554,39360,39366,39362,6
555,39476,39479,39476,3
556,39530,39535,39532,5
557,39569,39574,39572,5
558,39685,39705,39687,20
559,39775,39784,39778,9
560,39829,39835,39832,6
561,39931,39938,39934,7
562,39984,39990,39986,6
563,40040,40045,40040,5
564,40099,40102,40099,3
565,40148,40156,40150,8
566,40231,40235,40231,4
567,40315,40318,40315,3
568,40378,40384,40379,6
569,40456,40461,40457,5
570,40478,40485,40478,7
571,40569,40575,40571,6
572,40608,40619,40608,11
573,40672,40677,40672,5
574,40732,40737,40732,5
575,40840,40846,40842,6
576,40881,40884,40881,3
577,40940,40947,40940,7
578,40979,40987,40979,8
579,41042,41051,41042,9
580,41100,41119,41100,19
581,41120,41125,41120,5
582,41145,41150,41147,5
583,41193,41198,41193,5
584,41235,41252,41235,17
585,41253,41259,41253,6
586,41399,41404,41401,5
587,41535,41601,41535,66
588,41696,41707,41696,11
589,41734,41742,41737,8
590,41910,41921,41912,11
591,41960,41964,41960,4
592,42032,42037,42033,5
593,42056,42064,42056,8
594,42089,42093,42091,4
595,42233,42237,42234,4
596,42267,42272,42269,5
597,42335,42338,42335,3
598,42392,42397,42392,5
599,42451,42454,42451,3
600,42536,42540,42536,4
601,42583,42585,42583,2
602,42632,42637,42634,5
603,42641,42646,42644,5
604,42755,42759,42757,4
605,42821,42842,42821,21
606,42843,42846,42843,3
607,42940,42968,42942,28
608,43026,43030,43026,4
609,43062,43066,43062,4
610,43123,43128,43125,5
611,43345,43351,43347,6
612,43416,43434,43416,18
613,43492,43497,43494,5
614,43501,43507,43504,6
615,43579,43585,43582,6
616,43698,43703,43701,5
617,43795,43801,43797,6
618,44102,44109,44102,7
619,44429,44441,44429,12
620,44479,44484,44479,5
621,44530,44535,44532,5
622,44625,44628,44625,3
623,44698,44702,44698,4
624,44796,44805,44796,9
625,44944,44967,44947,23
626,45090,45095,45093,5
627,45194,45201,45197,7
628,45263,45268,45265,5
629,45348,45360,45351,12
630,45366,45376,45368,10
631,45428,45433,45428,5
632,45478,45482,45479,4
633,45511,45516,45513,5
634,45570,45575,45572,5
635,45634,45643,45637,9
636,45712,45719,45714,7
637,45746,45754,45746,8
638,45808,45814,45810,6
639,45896,45915,45896,19
640,46006,46019,46007,13
641,46066,46069,46066,3
642,46083,46110,46083,27
643,46134,46138,46136,4
644,46219,46238,46220,19
645,46449,46454,46449,5
646,46574,46578,46574,4
647,46596,46599,46596,3
648,46645,46650,46645,5
649,46682,46688,46682,6
650,46734,46743,46734,9
651,46747,46751,46748,4
652,46814,46817,46814,3
653,46865,46871,46865,6
654,46943,46948,46943,5
655,47024,47034,47024,10
656,47041,47046,47041,5
657,47214,47221,47214,7
658,47282,47285,47282,3
659,47315,47320,47317,5
660,47383,47387,47385,4
661,47638,47641,47638,3
662,47740,47747,47741,7
663,47819,47824,47819,5
664,47987,47991,47987,4
665,48048,48050,48048,2
666,48144,48149,48146,5
667,48183,48190,48183,7
668,48215,48218,48215,3
669,48262,48267,48262,5
670,48332,48347,48334,15
671,48375,48382,48378,7
672,48464,48470,48467,6
673,48516,48521,48519,5
674,48590,48596,48592,6
675,48725,48730,48727,5
676,48879,48898,48879,19
677,48899,48902,48899,3
678,48965,48971,48965,6
679,49076,49078,49076,2
680,49094,49099,49095,5
681,49171,49180,49172,9
682,49185,49191,49186,6
683,49197,49199,49197,2
684,49258,49261,49258,3
685,49497,49509,49497,12
686,49546,49552,49546,6
687,49609,49613,49609,4
688,50115,50125,50115,10
689,50126,50128,50126,2
690,50179,50194,50181,15
691,50212,50215,50212,3
692,50412,50415,50412,3
693,50469,50478,50471,9
694,50529,50536,50531,7
695,50569,50574,50571,5
696,50605,50609,50605,4
697,50646,50651,50648,5
698,50665,50671,50665,6
699,50722,50725,50722,3
700,50805,50812,50808,7
701,50936,50939,50936,3
702,50957,50960,50957,3
703,51040,51049,51042,9
704,51097,51107,51097,10
705,51234,51238,51234,4
706,51342,51350,51342,8
707,51423,51426,51423,3
708,51480,51485,51480,5
709,51507,51511,51507,4
710,51559,51563,51559,4
711,51634,51640,51636,6
712,51680,51684,51680,4
713,51784,51788,51784,4
714,51805,51808,51806,3
715,51828,51831,51828,3
716,51894,51898,51894,4
717,51980,51984,51980,4
718,52028,52031,52028,3
719,52071,52073,52071,2
720,52104,52107,52104,3
721,52111,52118,52114,7
722,52227,52231,52228,4
723,52285,52287,52285,2
724,52346,52352,52346,6
725,52357,52362,52357,5
726,52395,52398,52395,3
727,52422,52440,52423,18
728,52558,52561,52558,3
729,52569,52572,52569,3
730,52613,52616,52613,3
731,52657,52663,52658,6
732,52677,52679,52677,2
733,52714,52717,52714,3
734,52726,52730,52727,4
735,52887,52891,52888,4
736,52926,52928,52926,2
737,52937,52941,52937,4
738,52989,52994,52989,5
739,53026,53029,53026,3
740,53084,53088,53084,4
741,53161,53167,53163,6
742,53213,53218,53213,5
743,53252,53257,53254,5
744,53384,53388,53386,4
745,53550,53562,53550,12
746,53678,53683,53681,5
747,53774,53781,53776,7
748,53840,53845,53840,5
749,53943,53949,53945,6
750,54097,54102,54099,5
751,54228,54232,54228,4
752,54317,54322,54318,5
753,54368,54372,54369,4
754,54656,54661,54658,5
755,54767,54771,54767,4
756,54833,54844,54833,11
757,54931,54934,54931,3
758,54955,54960,54957,5
759,55075,55079,55075,4
760,55146,55150,55146,4
761,55198,55202,55198,4
762,55327,55357,55327,30
763,55358,55361,55358,3
764,55370,55426,55370,56
765,55598,55631,55598,33
766,55685,55689,55687,4
767,55825,55828,55825,3
768,55945,55951,55948,6
769,56073,56087,56074,14
770,56139,56200,56139,61
771,56255,56264,56255,9
772,56364,56368,56364,4
773,56980,56995,56980,15
774,57009,57013,57009,4
775,57135,57137,57135,2
776,57156,57161,57156,5
777,57217,57223,57220,6
778,57379,57383,57379,4
779,57614,57618,57616,4
780,57628,57637,57631,9
781,57787,57798,57787,11
782,57845,57850,57847,5
783,57862,57873,57865,11
784,57977,58007,57977,30
785,58037,58042,58039,5
786,58150,58157,58153,7
787,58202,58205,58202,3
788,58286,58294,58288,8
789,58337,58342,58339,5
790,58371,58373,58371,2
791,58384,58387,58384,3
792,58401,58404,58401,3
793,58420,58422,58420,2
794,58443,58448,58445,5
795,58515,58520,58516,5
796,58562,58566,58562,4
797,58601,58607,58603,6
798,58620,58624,58620,4
799,58654,58660,58654,6
800,58696,58702,58699,6
801,58737,58752,58737,15
802,58784,58793,58786,9
803,58815,58819,58817,4
804,58848,58851,58848,3
805,58890,58895,58892,5
806,58916,58924,58916,8
807,58976,58982,58977,6
808,59008,59010,59008,2
809,59051,59056,59053,5
810,59065,59070,59068,5
811,59104,59109,59106,5
812,59143,59145,59143,2
813,59196,59201,59196,5
814,59320,59326,59323,6
815,59386,59393,59386,7
816,59413,59418,59413,5
817,59444,59448,59444,4
818,59507,59511,59507,4
819,59547,59552,59547,5
820,59582,59588,59584,6
821,59592,59597,59594,5
822,59664,59670,59664,6
823,59730,59733,59730,3
824,59762,59772,59762,10
825,59780,59783,59780,3
826,59827,59830,59827,3
827,59895,59900,59895,5
828,59914,59919,59914,5
829,59950,59962,59950,12
830,60028,60032,60028,4
831,60121,60125,60121,4
832,60167,60186,60167,19
833,60216,60221,60218,5
834,60232,60234,60232,2
835,60289,60292,60289,3
836,60336,60344,60336,8
837,60405,60409,60405,4
838,60420,60424,60420,4
839,60533,60545,60535,12
840,60567,60572,60567,5
841,60617,60620,60617,3
842,60767,60776,60768,9
843,60843,60846,60843,3
844,60864,60867,60864,3
845,60948,60953,60949,5
846,60996,61000,60996,4
847,61015,61019,61017,4
848,61025,61029,61027,4
849,61123,61126,61123,3
850,61140,61144,61140,4
851,61192,61197,61194,5
852,61233,61236,61233,3
853,61245,61248,61245,3
854,61307,61311,61307,4
855,61350,61352,61350,2
856,61422,61425,61422,3
857,61612,61617,61613,5
858,61673,61680,61674,7
859,61721,61727,61723,6
860,61858,61863,61858,5
861,61983,61986,61983,3
862,62021,62033,62021,12
863,62099,62104,62101,5
864,62153,62175,62153,22
865,62200,62206,62200,6
866,62271,62277,62274,6
867,62300,62304,62301,4
868,62366,62369,62366,3
869,62394,62397,62394,3
870,62404,62409,62406,5
871,62479,62483,62479,4
872,62528,62532,62528,4
873,62544,62548,62544,4
874,62553,62558,62556,5
875,62590,62593,62590,3
876,62644,62666,62644,22
877,62681,62687,62681,6
878,62723,62726,62723,3
879,62737,62740,62737,3
880,62822,62826,62822,4
881,62867,62875,62867,8
882,62891,62896,62893,5
883,62992,62997,62994,5
884,63108,63125,63109,17
885,63134,63137,63134,3
886,63317,63320,63317,3
887,63378,63382,63378,4
888,63431,63436,63433,5
889,63514,63520,63516,6
890,63677,63679,63677,2
891,63817,63824,63817,7
892,63962,63968,63964,6
893,64031,64036,64033,5
894,64099,64103,64099,4
895,64131,64134,64131,3
896,64177,64191,64177,14
897,64252,64257,64254,5
898,64362,64366,64362,4
899,64410,64416,64412,6
900,64434,64439,64436,5
901,64447,64450,64447,3
902,64560,64562,64560,2
903,64584,64589,64584,5
904,64592,64598,64595,6
905,64646,64649,64646,3
906,64715,64718,64715,3
907,64726,64732,64728,6
908,64778,64784,64779,6
909,64802,64808,64804,6
910,64835,64838,64835,3
911,64870,64874,64870,4
912,64878,64882,64879,4
913,64937,64943,64937,6
914,65032,65042,65032,10
915,65043,65046,65043,3
916,65194,65197,65194,3
917,65310,65313,65310,3
918,65498,65503,65498,5
919,65697,65700,65697,3
920,65735,65743,65735,8
921,65810,65816,65810,6
922,65874,65877,65874,3
923,65940,65942,65940,2
924,66022,66026,66024,4
925,66076,66081,66078,5
926,66362,66369,66364,7
927,66468,66479,66468,11
928,66560,66564,66560,4
929,66736,66741,66738,5
930,66879,66883,66879,4
931,66952,66958,66954,6
932,66999,67003,66999,4
933,67084,67088,67084,4
934,67146,67155,67148,9
935,67200,67203,67200,3
936,67247,67249,67247,2
937,67343,67346,67343,3
938,67382,67385,67382,3
939,67389,67395,67391,6
940,67435,67441,67435,6
941,67527,67532,67529,5
942,67689,67693,67690,4
943,67746,67749,67746,3
944,67861,67870,67861,9
945,67871,67875,67871,4
946,67995,68003,67995,8
947,68040,68046,68040,6
948,68093,68097,68094,4
949,68134,68143,68134,9
950,68144,68147,68144,3
951,68225,68227,68225,2
952,68323,68326,68323,3
953,68365,68369,68365,4
954,68435,68445,68435,10
955,68468,68485,68468,17
956,68520,68522,68520,2
957,68556,68562,68556,6
958,68577,68582,68578,5
959,68642,68645,68642,3
960,68701,68705,68701,4
961,68758,68762,68758,4
962,68830,68836,68830,6
963,68858,68863,68858,5
964,68908,68946,68908,38
965,69022,69024,69022,2
966,69070,69075,69070,5
967,69126,69142,69126,16
968,69173,69181,69173,8
969,69284,69287,69284,3
970,69306,69312,69309,6
971,69416,69431,69417,15
972,69439,69446,69442,7
973,69472,69476,69472,4
974,69537,69549,69539,12
975,69586,69595,69589,9
976,69627,69632,69629,5
977,69725,69738,69727,13
978,69767,69777,69770,10
979,69799,69801,69799,2
980,69909,69915,69909,6
981,69972,69979,69972,7
982,70042,70048,70042,6
983,70073,70076,70073,3
984,70288,70296,70288,8
985,70324,70332,70324,8
986,70361,70370,70361,9
987,70446,70451,70446,5
988,70472,70488,70472,16
989,70509,70520,70509,11
990,70558,70561,70558,3
991,70599,70606,70599,7
992,70662,70668,70662,6
993,70717,70722,70717,5
994,70777,70786,70777,9
995,70846,70853,70847,7
996,70906,70910,70906,4
997,70927,70932,70927,5
998,71064,71070,71066,6
999,71134,71142,71134,8
1000,71272,71280,71272,8
1001,71318,71325,71318,7
1002,71429,71434,71429,5
1003,71641,71657,71641,16
1004,71686,71734,71686,48
1005,71897,71902,71897,5
1006,71962,71965,71962,3
1007,72057,72061,72057,4
1008,72079,72088,72079,9
1009,72136,72152,72136,16
1010,72248,72265,72248,17
1011,72304,72319,72304,15
1012,72615,72635,72615,20
1013,72694,72701,72697,7
1014,72736,72758,72736,22
1015,72905,72908,72905,3
1016,72918,72923,72918,5
1017,72928,72933,72928,5
1018,72937,72954,72940,17
1019,73021,73070,73021,49
1020,73219,73223,73219,4
1021,73242,73246,73242,4
1022,73254,73258,73256,4
1023,73267,73273,73270,6
1024,73285,73290,73287,5
1025,73320,73326,73322,6
1026,73350,73358,73350,8
1027,73381,73389,73381,8
1028,73529,73533,73529,4
1029,73559,73564,73559,5
1030,73709,73752,73709,43
1031,73935,73941,73937,6
1032,73955,74053,73955,98
1033,74054,74057,74054,3
1034,74168,74176,74169,8
1035,74321,74328,74321,7
1036,74414,74432,74414,18
1037,74482,74486,74482,4
1038,74548,74558,74548,10
1039,74631,74636,74631,5
1040,74797,74811,74797,14
1041,74974,74977,74974,3
1042,75171,75176,75171,5
1043,75305,75350,75305,45
1044,75463,75471,75463,8
1045,75609,75614,75609,5
1046,75662,75668,75662,6
1047,75676,75679,75676,3
1048,75793,75799,75793,6
1049,75805,75807,75805,2
1050,75867,75873,75868,6
1051,76239,76245,76239,6
1052,76371,76374,76371,3
1053,76420,76425,76423,5
1054,76574,76659,76574,85
1055,76814,76821,76815,7
1056,76864,76942,76864,78
1057,76943,76946,76943,3
1058,76997,77001,76997,4
1059,77116,77133,77116,17
1060,77254,77299,77255,45
1061,77471,77490,77474,19
1062,77740,77745,77743,5
1063,77782,77787,77782,5
1064,77880,77885,77880,5
1065,77928,77937,77931,9
1066,78028,78042,78028,14
1067,78070,78075,78070,5
1068,78236,78268,78236,32
1069,78288,78295,78290,7
1070,78371,78379,78371,8
1071,78447,78453,78448,6
1072,78520,78534,78520,14
1073,78551,78563,78551,12
1074,78637,78642,78637,5
1075,78694,78718,78694,24
1076,78726,78730,78726,4
1077,78784,78788,78784,4
1078,78817,78821,78817,4
1079,78858,78863,78858,5
1080,78889,78893,78889,4
1081,78928,78932,78928,4
1082,79030,79033,79030,3
1083,79050,79053,79050,3
1084,79088,79095,79090,7
1085,79263,79270,79263,7
1086,79346,79352,79346,6
1087,79526,79530,79526,4
1088,79556,79592,79556,36
1089,79650,79678,79650,28
1090,79679,79691,79679,12
1091,79748,79752,79748,4
1092,79798,79804,79798,6
1093,79846,79852,79847,6
1094,79973,79977,79973,4
1095,79986,79995,79987,9
1096,80056,80062,80056,6
1097,80089,80095,80091,6
1098,80123,80130,80123,7
1099,80194,80197,80194,3
1100,80263,80268,80263,5
1101,80276,80282,80277,6
1102,80343,80347,80343,4
1103,80402,80406,80402,4
1104,80436,80453,80436,17
1105,80591,80597,80591,6
1106,80625,80631,80627,6
1107,80647,80653,80649,6
1108,80690,80697,80690,7
1109,80762,80766,80762,4
1110,80808,80814,80811,6
1111,80845,80849,80845,4
1112,80957,80963,80957,6
1113,80985,80989,80986,4
1114,81012,81017,81012,5
1115,81081,81085,81081,4
1116,81133,81137,81133,4
1117,81190,81212,81192,22
1118,81267,81281,81270,14
1119,81354,81363,81357,9
1120,81387,81393,81390,6
1121,81438,81445,81441,7
1122,81477,81479,81477,2
1123,81590,81611,81590,21
1124,81637,81641,81637,4
1125,81692,81698,81692,6
1126,81722,81728,81725,6
1127,81781,81784,81781,3
1128,81915,81921,81917,6
1129,82103,82107,82103,4
1130,82282,82287,82284,5
1131,82300,82303,82300,3
1132,82353,82357,82355,4
1133,82406,82421,82407,15
1134,82602,82606,82602,4
1135,82683,82688,82685,5
1136,82888,82902,82888,14
1137,82903,82906,82903,3
1138,82964,82970,82966,6
1139,83041,83044,83041,3
1140,83190,83194,83190,4
1141,83249,83252,83249,3
1142,83296,83302,83298,6
1143,83360,83364,83360,4
1144,83444,83447,83444,3
1145,83492,83496,83492,4
1146,83507,83513,83507,6
1147,83581,83589,83583,8
1148,83601,83604,83601,3
1149,83630,83634,83630,4
1150,83697,83700,83697,3
1151,83711,83714,83711,3
1152,83747,83752,83748,5
1153,83809,83814,83809,5
1154,83870,83875,83872,5
1155,83986,83989,83986,3
1156,84076,84107,84076,31
1157,84156,84161,84156,5
1158,84189,84196,84189,7
1159,84229,84233,84230,4
1160,84451,84461,84451,10
1161,84572,84578,84574,6
1162,84643,84648,84644,5
1163,84684,84692,84687,8
1164,84771,84779,84773,8
1165,84825,84839,84827,14
1166,84897,84910,84897,13
1167,85025,85031,85025,6
1168,85100,85105,85100,5
1169,85184,85194,85185,10
1170,85246,85250,85246,4
1171,85286,85317,85286,31
1172,85429,85436,85431,7
1173,85500,85504,85500,4
1174,85535,85543,85538,8
1175,85601,85623,85603,22
1176,85682,85686,85682,4
1177,85692,85699,85693,7
1178,85729,85732,85729,3
1179,85778,85783,85778,5
1180,85924,85929,85927,5
1181,86027,86033,86030,6
1182,86076,86086,86079,10
1183,86116,86121,86116,5
1184,86153,86166,86153,13
1185,86204,86206,86204,2
1186,86261,86265,86261,4
1187,86277,86288,86278,11
1188,86438,86444,86441,6
1189,86465,86467,86465,2
1190,86495,86500,86497,5
1191,86510,86515,86513,5
1192,86538,86541,86538,3
1193,86570,86572,86570,2
1194,86616,86632,86619,16
1195,86736,86764,86738,28
1196,86771,86775,86773,4
1197,86872,86891,86872,19
1198,86970,86975,86972,5
1199,87010,87014,87012,4
1200,87051,87106,87051,55
1201,87107,87112,87107,5
1202,87126,87130,87128,4
1203,87218,87228,87221,10
1204,87292,87302,87294,10
1205,87373,87385,87373,12
1206,87457,87466,87460,9
1207,87573,87578,87574,5
1208,87604,87618,87604,14
1209,87673,87677,87673,4
1210,87805,87815,87805,10
1211,87847,87855,87850,8
1212,87891,87898,87892,7
1213,88118,88235,88118,117
1214,88236,88239,88236,3
1215,88436,88442,88439,6
1216,88555,88561,88557,6
1217,88643,88653,88643,10
1218,88689,88698,88692,9
1219,88736,88741,88738,5
1220,88809,88814,88811,5
1221,89181,89187,89184,6
1222,89244,89249,89246,5
1223,89293,89299,89294,6
1224,89333,89339,89336,6
1225,89368,89373,89370,5
1226,89441,89446,89441,5
1227,89489,89497,89491,8
1228,89537,89545,89537,8
1229,89643,89649,89645,6
1230,89697,89733,89698,36
1231,89745,89760,89745,15
1232,89810,89816,89810,6
1233,89942,89952,89944,10
1234,90031,90036,90034,5
1235,90049,90055,90051,6
1236,90067,90075,90070,8
1237,90121,90129,90121,8
1238,90197,90203,90199,6
1239,90261,90268,90261,7
1240,90318,90324,90321,6
1241,90419,90456,90419,37
1242,90573,90578,90573,5
1243,91235,91254,91235,19
1244,91255,91257,91255,2
1245,91604,91611,91604,7
1246,91619,91641,91622,22
1247,91748,91762,91748,14
