,Start_blink,End_blink,Blink_frame,No_of_frames
0,29,32,30,3
1,87,91,88,4
2,150,157,153,7
3,201,204,202,3
4,349,352,350,3
5,622,625,624,3
6,818,821,819,3
7,927,930,928,3
8,1068,1071,1069,3
9,1169,1172,1170,3
10,1291,1322,1295,31
11,1334,1339,1336,5
12,1355,1358,1356,3
13,1370,1373,1371,3
14,1544,1547,1545,3
15,2429,2433,2430,4
16,2643,2646,2645,3
17,2863,2865,2864,2
18,2927,2935,2930,8
19,3868,3873,3869,5
20,3999,4003,4001,4
21,4121,4124,4122,3
22,5041,5046,5042,5
23,5177,5191,5179,14
24,5250,5255,5253,5
25,5288,5291,5289,3
26,5325,5351,5326,26
27,5403,5462,5405,59
28,5481,5484,5482,3
29,5606,5609,5607,3
30,5746,5748,5747,2
31,5762,5768,5766,6
32,6485,6505,6488,20
33,6568,6573,6569,5
34,6633,6635,6634,2
35,6710,6713,6711,3
36,7186,7188,7187,2
37,7247,7249,7248,2
38,7258,7264,7259,6
39,8003,8006,8004,3
40,8610,8613,8612,3
41,8677,8680,8679,3
42,8777,8780,8778,3
43,9046,9050,9047,4
44,9195,9203,9197,8
45,9373,9375,9374,2
46,9561,9565,9562,4
47,9662,9664,9663,2
48,9746,9749,9747,3
49,9926,9929,9927,3
50,10016,10018,10017,2
51,10279,10282,10280,3
52,10319,10322,10320,3
53,10518,10521,10519,3
54,10679,10681,10680,2
55,10739,10747,10742,8
56,10871,10879,10872,8
57,10991,10995,10994,4
58,11238,11241,11239,3
59,11409,11412,11410,3
60,11568,11570,11569,2
61,11791,11794,11792,3
62,11959,11969,11963,10
63,12336,12339,12337,3
64,12592,12595,12593,3
65,12652,12654,12653,2
66,12699,12703,12701,4
67,12748,12751,12749,3
68,12798,12801,12799,3
69,12812,12816,12813,4
70,12863,12866,12864,3
71,12906,12909,12907,3
72,12947,12950,12949,3
73,13034,13036,13035,2
74,13051,13053,13052,2
75,13097,13099,13098,2
76,13142,13144,13143,2
77,13175,13177,13176,2
78,13278,13280,13279,2
79,13344,13348,13347,4
80,13411,13415,13412,4
81,13477,13480,13478,3
82,13575,13578,13576,3
83,13587,13595,13590,8
84,13664,13674,13665,10
85,13703,13717,13707,14
86,13754,13759,13756,5
87,13788,13795,13789,7
88,13812,13823,13813,11
89,13863,13873,13865,10
90,13911,13918,13913,7
91,13940,13943,13941,3
92,13959,13965,13962,6
93,14023,14027,14024,4
94,14044,14047,14045,3
95,14095,14098,14096,3
96,14121,14124,14122,3
97,14153,14157,14154,4
98,14198,14201,14199,3
99,14428,14430,14429,2
100,14546,14550,14547,4
101,14621,14625,14623,4
102,14690,14692,14691,2
103,14699,14703,14702,4
104,14784,14786,14785,2
105,14813,14815,14814,2
106,14844,14846,14845,2
107,14865,14869,14868,4
108,14924,14927,14925,3
109,14970,14972,14971,2
110,14986,14988,14987,2
111,15076,15078,15077,2
112,15159,15162,15160,3
113,15200,15203,15202,3
114,15284,15286,15285,2
115,15371,15373,15372,2
116,15406,15409,15407,3
117,15428,15432,15430,4
118,15497,15499,15498,2
119,15559,15563,15561,4
120,15644,15647,15645,3
121,15769,15773,15772,4
122,15871,15874,15872,3
123,15951,15953,15952,2
124,15993,15997,15994,4
125,16007,16009,16008,2
126,16069,16071,16070,2
127,16105,16109,16107,4
128,16167,16171,16168,4
129,16205,16209,16206,4
130,16215,16220,16216,5
131,16303,16306,16304,3
132,16330,16333,16332,3
133,16354,16356,16355,2
134,16372,16375,16374,3
135,16459,16462,16460,3
136,16473,16476,16474,3
137,16611,16615,16612,4
138,16713,16715,16714,2
139,16829,16832,16830,3
140,17044,17046,17045,2
141,17069,17072,17070,3
142,17139,17141,17140,2
143,17236,17239,17237,3
144,17392,17396,17393,4
145,17434,17436,17435,2
146,17482,17485,17483,3
147,17493,17496,17495,3
148,17682,17685,17684,3
149,17708,17710,17709,2
150,17724,17727,17725,3
151,17872,17875,17873,3
152,17892,17895,17893,3
153,17948,17950,17949,2
154,18036,18040,18038,4
155,18110,18114,18111,4
156,18119,18123,18120,4
157,18181,18184,18182,3
158,18246,18250,18247,4
159,18280,18283,18281,3
160,18291,18293,18292,2
161,18352,18356,18353,4
162,18391,18394,18393,3
163,18440,18443,18441,3
164,18487,18489,18488,2
165,18519,18521,18520,2
166,18605,18608,18606,3
167,18811,18815,18813,4
168,18976,18980,18977,4
169,19087,19089,19088,2
170,19117,19121,19118,4
171,19177,19180,19179,3
172,19225,19227,19226,2
173,19241,19244,19243,3
174,19309,19314,19311,5
175,19367,19370,19368,3
176,19376,19379,19377,3
177,19473,19478,19476,5
178,19503,19506,19504,3
179,19579,19581,19580,2
180,19656,19659,19657,3
181,19710,19712,19711,2
182,19845,19849,19847,4
183,19890,19894,19891,4
184,19970,19972,19971,2
185,20054,20060,20055,6
186,20114,20117,20115,3
187,20196,20199,20197,3
188,20218,20221,20219,3
189,20274,20277,20275,3
190,20470,20472,20471,2
191,20518,20520,20519,2
192,20627,20632,20629,5
193,20738,20741,20739,3
194,20792,20795,20793,3
195,20858,20862,20860,4
196,20886,20889,20887,3
197,21088,21092,21091,4
198,21168,21172,21169,4
199,21198,21200,21199,2
200,21216,21219,21217,3
201,21249,21252,21251,3
202,21338,21340,21339,2
203,21386,21389,21387,3
204,21461,21463,21462,2
205,21507,21510,21508,3
206,21605,21608,21606,3
207,22127,22130,22128,3
208,22370,22373,22371,3
209,22425,22428,22427,3
210,22466,22468,22467,2
211,22608,22611,22609,3
212,22619,22623,22621,4
213,22658,22662,22659,4
214,22742,22746,22744,4
215,22788,22791,22789,3
216,22920,22923,22921,3
217,22976,22979,22977,3
218,23097,23101,23100,4
219,23337,23341,23338,4
220,23372,23375,23374,3
221,23439,23442,23440,3
222,23602,23604,23603,2
223,23670,23674,23671,4
224,23716,23719,23718,3
225,23794,23797,23795,3
226,23892,23896,23893,4
227,23962,23967,23964,5
228,24001,24004,24002,3
229,24103,24107,24104,4
230,24156,24159,24157,3
231,24265,24268,24266,3
232,24275,24278,24276,3
233,24384,24390,24385,6
234,24430,24435,24432,5
235,24614,24618,24615,4
236,24647,24652,24649,5
237,24662,24667,24663,5
238,24714,24716,24715,2
239,24772,24776,24774,4
240,25066,25070,25067,4
241,25075,25079,25077,4
242,25180,25184,25182,4
243,25248,25250,25249,2
244,26274,26276,26275,2
245,26330,26332,26331,2
246,26576,26578,26577,2
247,26621,26626,26625,5
248,26637,26642,26638,5
249,26673,26677,26674,4
250,26767,26771,26769,4
251,26779,26783,26780,4
252,26964,26968,26967,4
253,27215,27218,27216,3
254,27259,27261,27260,2
255,27310,27315,27311,5
256,27363,27365,27364,2
257,27371,27376,27375,5
258,27511,27515,27514,4
259,27605,27608,27606,3
260,27655,27658,27656,3
261,27688,27690,27689,2
262,27756,27759,27758,3
263,27792,27796,27793,4
264,27856,27859,27857,3
265,27871,27874,27872,3
266,27898,27903,27900,5
267,27973,27977,27974,4
268,28070,28074,28071,4
269,28209,28212,28210,3
270,28309,28313,28310,4
271,28562,28566,28563,4
272,28598,28601,28599,3
273,28663,28667,28664,4
274,28724,28729,28725,5
275,28941,28945,28942,4
276,28972,28976,28974,4
277,28990,28995,28992,5
278,29068,29072,29071,4
279,29188,29191,29189,3
280,29198,29204,29199,6
281,29330,29333,29331,3
282,29342,29347,29343,5
283,29734,29736,29735,2
284,29768,29771,29769,3
285,29929,29932,29931,3
286,29973,29977,29975,4
287,29997,30000,29998,3
288,30020,30024,30022,4
289,30037,30040,30039,3
290,30099,30101,30100,2
291,30170,30172,30171,2
292,30358,30362,30359,4
293,30617,30621,30618,4
294,31007,31009,31008,2
295,31050,31053,31051,3
296,31087,31090,31089,3
297,31147,31151,31148,4
298,31255,31258,31256,3
299,31285,31289,31287,4
300,31328,31331,31329,3
301,31407,31409,31408,2
302,31454,31457,31455,3
303,31488,31491,31489,3
304,31517,31520,31518,3
305,31542,31546,31545,4
306,31620,31625,31623,5
307,31683,31686,31684,3
308,31764,31769,31765,5
309,31926,31930,31927,4
310,31962,31967,31964,5
311,32026,32030,32027,4
312,32063,32067,32065,4
313,32086,32089,32087,3
314,32195,32197,32196,2
315,32207,32209,32208,2
316,32255,32259,32257,4
317,32367,32370,32369,3
318,32410,32413,32411,3
319,32513,32517,32515,4
320,32575,32577,32576,2
321,32717,32720,32718,3
322,32771,32773,32772,2
323,32816,32820,32818,4
324,32894,32898,32896,4
325,32907,32911,32909,4
326,32942,32944,32943,2
327,32970,32973,32971,3
328,32986,32990,32988,4
329,33077,33080,33079,3
330,33262,33267,33265,5
331,33336,33339,33337,3
332,33354,33357,33355,3
333,33411,33416,33413,5
334,33502,33505,33503,3
335,33579,33582,33581,3
336,33702,33705,33704,3
337,33750,33753,33751,3
338,34252,34254,34253,2
339,34439,34442,34440,3
340,34653,34657,34654,4
341,34680,34684,34681,4
342,34709,34714,34711,5
343,34776,34779,34777,3
344,34826,34829,34827,3
345,34899,34902,34900,3
346,34952,34956,34954,4
347,34977,34981,34978,4
348,35098,35102,35099,4
349,35115,35119,35116,4
350,35219,35221,35220,2
351,35250,35252,35251,2
352,35375,35378,35376,3
353,35436,35440,35438,4
354,35506,35510,35508,4
355,35548,35553,35549,5
356,35620,35624,35621,4
357,35652,35655,35653,3
358,35967,35969,35968,2
359,36216,36220,36218,4
360,36234,36240,36237,6
361,36303,36308,36306,5
362,36446,36449,36447,3
363,36499,36504,36501,5
364,36569,36571,36570,2
365,36597,36614,36600,17
366,36655,36662,36657,7
367,36784,36786,36785,2
368,36794,36797,36795,3
369,37096,37099,37097,3
370,37194,37197,37195,3
371,37715,37719,37716,4
372,37994,38000,37996,6
373,38073,38076,38074,3
374,38092,38095,38093,3
375,38160,38164,38162,4
376,38208,38211,38210,3
377,38240,38244,38241,4
378,38254,38257,38255,3
379,38366,38368,38367,2
380,38405,38409,38406,4
381,38472,38475,38473,3
382,38619,38623,38620,4
383,38631,38634,38632,3
384,38689,38691,38690,2
385,38701,38703,38702,2
386,38738,38742,38740,4
387,38869,38873,38871,4
388,39474,39476,39475,2
389,39529,39532,39530,3
390,39595,39597,39596,2
391,39633,39635,39634,2
392,39717,39721,39718,4
393,39846,39848,39847,2
394,39952,39956,39953,4
395,39986,39989,39987,3
396,40036,40039,40037,3
397,40141,40144,40142,3
398,40181,40184,40182,3
399,40222,40226,40224,4
400,40267,40270,40269,3
401,40338,40344,40339,6
402,40357,40361,40359,4
403,40451,40455,40453,4
404,40463,40466,40464,3
405,40485,40489,40486,4
406,40540,40543,40541,3
407,40684,40690,40686,6
408,40780,40783,40781,3
409,40840,40843,40841,3
410,41015,41018,41017,3
411,41161,41165,41162,4
412,41170,41174,41171,4
413,41336,41339,41338,3
414,41404,41409,41405,5
415,41470,41474,41472,4
416,42086,42089,42087,3
417,42341,42343,42342,2
418,42583,42586,42584,3
419,42707,42711,42708,4
420,42717,42721,42719,4
421,42766,42769,42768,3
422,43124,43127,43125,3
423,43157,43159,43158,2
424,43167,43170,43169,3
425,43180,43183,43182,3
426,43487,43490,43489,3
427,43545,43547,43546,2
428,43555,43559,43556,4
429,43717,43721,43718,4
430,43927,43930,43928,3
431,43942,43945,43944,3
432,44156,44159,44157,3
433,44247,44250,44248,3
434,44478,44480,44479,2
435,44487,44490,44488,3
436,44582,44584,44583,2
437,44650,44654,44651,4
438,44710,44713,44711,3
439,44722,44725,44724,3
440,44827,44830,44828,3
441,44845,44848,44846,3
442,44997,45000,44999,3
443,45117,45120,45118,3
444,45238,45240,45239,2
445,45310,45313,45311,3
446,45361,45364,45362,3
447,45487,45490,45488,3
448,45525,45528,45526,3
449,45558,45561,45560,3
450,45597,45600,45598,3
451,45748,45751,45749,3
452,45894,45896,45895,2
453,45907,45909,45908,2
454,46014,46017,46016,3
455,46038,46041,46039,3
456,46072,46075,46073,3
457,46132,46134,46133,2
458,46310,46313,46311,3
459,46344,46347,46345,3
460,46399,46402,46400,3
461,46494,46497,46495,3
462,46585,46588,46586,3
463,46622,46624,46623,2
464,46690,46692,46691,2
465,46724,46727,46725,3
466,46863,46866,46864,3
467,46882,46884,46883,2
468,46994,46997,46995,3
469,47002,47006,47004,4
470,47122,47125,47123,3
471,47179,47184,47181,5
472,47305,47310,47307,5
473,47316,47321,47317,5
474,47375,47378,47376,3
475,47428,47432,47431,4
476,47459,47463,47461,4
477,47495,47499,47496,4
478,47651,47654,47652,3
479,47770,47773,47771,3
480,47814,47818,47816,4
481,47897,47899,47898,2
482,48039,48041,48040,2
483,48238,48244,48239,6
484,48305,48308,48306,3
485,48332,48342,48335,10
486,48348,48352,48349,4
487,48411,48415,48412,4
488,48447,48450,48448,3
489,48479,48483,48480,4
490,48490,48492,48491,2
491,48566,48571,48568,5
492,48607,48612,48610,5
493,48620,48624,48621,4
494,48656,48659,48657,3
495,48666,48671,48668,5
496,48715,48718,48716,3
497,48724,48728,48725,4
498,48761,48766,48764,5
499,48831,48833,48832,2
500,48986,48990,48987,4
501,48995,49000,48996,5
502,49040,49045,49043,5
503,49096,49100,49099,4
504,49136,49142,49138,6
505,49190,49193,49191,3
506,49217,49222,49219,5
507,49272,49275,49273,3
508,49284,49288,49285,4
509,49329,49332,49330,3
510,49384,49389,49388,5
511,49399,49403,49401,4
512,49475,49479,49476,4
513,49497,49501,49499,4
514,49555,49560,49559,5
515,49604,49608,49606,4
516,49672,49675,49673,3
517,49734,49737,49735,3
518,49778,49782,49779,4
519,49790,49794,49792,4
520,49824,49828,49826,4
521,49868,49871,49869,3
522,49887,49892,49889,5
523,49954,49958,49956,4
524,50016,50020,50018,4
525,50052,50056,50053,4
526,50090,50093,50092,3
527,50100,50105,50101,5
528,50133,50136,50134,3
529,50161,50166,50163,5
530,50195,50199,50197,4
531,50231,50236,50232,5
532,50312,50317,50315,5
533,50345,50350,50348,5
534,50364,50369,50365,5
535,50424,50428,50425,4
536,50472,50477,50473,5
537,50494,50498,50496,4
538,50528,50533,50531,5
539,50568,50573,50570,5
540,50621,50625,50622,4
541,50653,50657,50656,4
542,50685,50690,50688,5
543,50709,50714,50712,5
544,50749,50754,50750,5
545,50874,50879,50877,5
546,50918,50921,50919,3
547,50931,50935,50933,4
548,51002,51006,51004,4
549,51016,51020,51017,4
550,51051,51056,51052,5
551,51152,51156,51153,4
552,51196,51200,51198,4
553,51211,51215,51214,4
554,51279,51282,51280,3
555,51382,51386,51383,4
556,51509,51513,51511,4
557,51526,51531,51530,5
558,51617,51627,51618,10
559,51682,51689,51685,7
560,51730,51733,51731,3
561,51749,51753,51750,4
562,51812,51821,51815,9
563,51847,51851,51850,4
564,51933,51940,51934,7
565,51976,51984,51978,8
566,52154,52159,52155,5
567,52176,52181,52177,5
568,52360,52364,52362,4
569,52584,52602,52586,18
570,52637,52642,52639,5
571,52946,52950,52948,4
572,52964,52968,52965,4
573,53001,53004,53002,3
574,53041,53054,53042,13
575,53126,53137,53127,11
576,53319,53322,53320,3
577,53422,53426,53424,4
578,53639,53644,53640,5
579,53673,53678,53674,5
580,53725,53728,53726,3
581,53918,53923,53919,5
582,53951,53954,53952,3
583,53989,53992,53990,3
584,54050,54053,54051,3
585,54121,54125,54122,4
586,54199,54202,54200,3
587,54225,54229,54226,4
588,54286,54291,54288,5
589,54430,54435,54432,5
590,54543,54549,54545,6
591,54576,54579,54577,3
592,54673,54675,54674,2
593,54735,54737,54736,2
594,54744,54747,54746,3
595,54804,54808,54806,4
596,54835,54839,54836,4
597,54966,54969,54967,3
598,55027,55031,55030,4
599,55099,55103,55101,4
600,55270,55274,55271,4
601,55360,55365,55362,5
602,55388,55392,55390,4
603,55481,55486,55482,5
604,55508,55512,55510,4
605,55533,55536,55534,3
606,55584,55587,55586,3
607,55703,55705,55704,2
608,55714,55718,55715,4
609,55723,55728,55725,5
610,55759,55763,55761,4
611,55776,55778,55777,2
612,56177,56181,56179,4
613,56237,56243,56239,6
614,56250,56254,56251,4
615,56423,56428,56425,5
616,56536,56539,56537,3
617,56700,56702,56701,2
618,56776,56780,56778,4
619,56815,56820,56816,5
620,56968,56972,56971,4
621,57000,57003,57001,3
622,57027,57031,57029,4
623,57037,57041,57039,4
624,57076,57080,57079,4
625,57125,57128,57126,3
626,57136,57139,57137,3
627,57252,57256,57253,4
628,57261,57266,57263,5
629,57332,57337,57333,5
630,57341,57346,57343,5
631,57363,57368,57365,5
632,57400,57414,57402,14
633,57596,57599,57597,3
634,57612,57616,57613,4
635,57709,57713,57711,4
636,57719,57722,57720,3
637,57753,57757,57754,4
638,57790,57795,57791,5
639,57896,57898,57897,2
640,57952,57954,57953,2
641,57963,57965,57964,2
642,57999,58006,58003,7
643,58016,58021,58018,5
644,58096,58100,58097,4
645,58119,58124,58122,5
646,58157,58160,58158,3
647,58196,58200,58197,4
648,58228,58232,58229,4
649,58323,58328,58325,5
650,58746,58750,58747,4
651,58804,58809,58806,5
652,58814,58819,58816,5
653,58892,58896,58893,4
654,58935,58939,58937,4
655,59136,59139,59137,3
656,59358,59364,59360,6
657,59490,59494,59491,4
658,59582,59587,59585,5
659,59598,59608,59600,10
660,59681,59684,59683,3
661,59726,59731,59727,5
662,59844,59846,59845,2
663,59852,59855,59854,3
664,59902,59908,59905,6
665,60009,60012,60010,3
666,60067,60069,60068,2
667,60096,60101,60097,5
668,60173,60176,60174,3
669,60237,60240,60238,3
670,60247,60250,60248,3
671,60281,60284,60282,3
672,60620,60624,60621,4
673,60680,60684,60681,4
674,61090,61092,61091,2
675,61120,61136,61122,16
676,61368,61372,61371,4
677,61401,61405,61402,4
678,61499,61502,61500,3
679,61580,61583,61581,3
680,61725,61728,61726,3
681,61957,61971,61959,14
682,62017,62022,62019,5
683,62066,62069,62067,3
684,62169,62174,62172,5
685,62270,62274,62271,4
686,62337,62340,62338,3
687,62493,62516,62494,23
688,62593,62599,62595,6
689,62660,62666,62662,6
690,62745,62747,62746,2
691,62774,62778,62775,4
692,62919,62922,62920,3
693,62975,62978,62976,3
694,63060,63063,63062,3
695,63329,63346,63333,17
696,63443,63451,63444,8
697,63506,63510,63507,4
698,63536,63540,63537,4
699,63587,63589,63588,2
700,63620,63623,63621,3
701,63639,63643,63640,4
702,63694,63697,63695,3
703,63716,63720,63718,4
704,63768,63774,63772,6
705,63812,63816,63813,4
706,63841,63846,63843,5
707,63863,63866,63864,3
708,63982,63986,63983,4
709,64263,64265,64264,2
710,64328,64332,64330,4
711,64606,64609,64607,3
712,64615,64619,64616,4
713,64730,64732,64731,2
714,64853,64855,64854,2
715,64901,64904,64902,3
716,65050,65053,65052,3
717,65060,65062,65061,2
718,65186,65190,65188,4
719,65229,65232,65230,3
720,65292,65296,65293,4
721,65305,65308,65306,3
722,65360,65363,65362,3
723,65396,65400,65399,4
724,65535,65539,65537,4
725,65572,65574,65573,2
726,65600,65603,65601,3
727,65652,65654,65653,2
728,65709,65713,65711,4
729,65838,65842,65840,4
730,65896,65899,65897,3
731,65926,65929,65927,3
732,65962,65966,65963,4
733,66055,66059,66057,4
734,66101,66103,66102,2
735,66111,66116,66113,5
736,66143,66147,66144,4
737,66171,66176,66172,5
738,66191,66193,66192,2
739,66308,66312,66311,4
740,66428,66430,66429,2
741,66515,66519,66517,4
742,66635,66638,66636,3
743,66694,66698,66697,4
744,66708,66713,66710,5
745,66751,66755,66753,4
746,66805,66811,66809,6
747,66881,66883,66882,2
748,66916,66920,66917,4
749,67009,67013,67010,4
750,67061,67065,67063,4
751,67089,67094,67092,5
752,67112,67114,67113,2
753,67187,67193,67190,6
754,67244,67248,67245,4
755,67295,67300,67296,5
756,67351,67356,67352,5
757,67368,67373,67370,5
758,67448,67450,67449,2
759,67465,67470,67466,5
760,67593,67595,67594,2
761,67613,67621,67617,8
762,67832,67834,67833,2
763,67879,67883,67882,4
764,68087,68092,68089,5
765,68117,68121,68118,4
766,68243,68245,68244,2
767,68255,68258,68256,3
768,68313,68315,68314,2
769,68381,68384,68382,3
770,68420,68424,68422,4
771,68554,68558,68555,4
772,68573,68576,68574,3
773,68601,68605,68602,4
774,68764,68767,68765,3
775,68816,68819,68817,3
776,68862,68865,68863,3
777,69170,69172,69171,2
778,69336,69338,69337,2
779,69349,69353,69351,4
780,69373,69375,69374,2
781,69445,69447,69446,2
782,69479,69483,69481,4
783,69518,69522,69520,4
784,69596,69600,69597,4
785,69643,69647,69645,4
786,69675,69678,69677,3
787,69714,69719,69716,5
788,69885,69889,69887,4
789,69953,69956,69954,3
790,70056,70059,70058,3
791,70113,70115,70114,2
792,70194,70196,70195,2
793,70206,70209,70208,3
794,70235,70238,70237,3
795,70255,70258,70256,3
796,70308,70311,70310,3
797,70325,70327,70326,2
798,70344,70348,70347,4
799,70375,70379,70376,4
800,70444,70446,70445,2
801,70479,70481,70480,2
802,70493,70497,70495,4
803,70528,70531,70529,3
804,70557,70561,70558,4
805,70668,70672,70671,4
806,70737,70740,70738,3
807,70774,70780,70778,6
808,70855,70858,70856,3
809,70944,70947,70945,3
810,71109,71111,71110,2
811,71153,71156,71155,3
812,71190,71194,71193,4
813,71218,71221,71220,3
814,71263,71267,71264,4
815,71292,71294,71293,2
816,71324,71326,71325,2
817,71428,71432,71429,4
818,71438,71441,71439,3
819,71588,71590,71589,2
820,71654,71656,71655,2
821,71734,71736,71735,2
822,71768,71770,71769,2
823,72149,72152,72150,3
824,72208,72212,72210,4
825,72235,72238,72237,3
826,72245,72249,72246,4
827,72305,72308,72306,3
828,72329,72335,72330,6
829,72369,72372,72370,3
830,72391,72397,72393,6
831,72446,72450,72447,4
832,72683,72686,72684,3
833,72711,72713,72712,2
834,72808,72810,72809,2
835,72859,72862,72860,3
836,72920,72923,72921,3
837,73317,73320,73318,3
838,73433,73435,73434,2
839,73526,73529,73527,3
840,73536,73542,73537,6
841,73862,73866,73864,4
842,74316,74320,74317,4
843,74353,74355,74354,2
844,74451,74453,74452,2
845,74626,74628,74627,2
846,74682,74685,74683,3
847,74716,74722,74719,6
848,74728,74732,74729,4
849,74802,74806,74803,4
850,75047,75051,75048,4
851,75114,75120,75115,6
852,75257,75285,75258,28
853,75573,75575,75574,2
854,75721,75733,75724,12
855,75780,75791,75781,11
856,75833,75838,75834,5
857,76060,76064,76062,4
858,76328,76331,76329,3
859,76668,76673,76669,5
860,76956,76960,76958,4
861,77058,77063,77060,5
862,77122,77127,77123,5
863,77131,77135,77133,4
864,77152,77159,77153,7
865,77369,77371,77370,2
866,77379,77392,77382,13
867,77399,77405,77400,6
868,77483,77487,77484,4
869,77560,77562,77561,2
870,77631,77635,77634,4
871,77648,77651,77649,3
872,77807,77809,77808,2
873,77820,77824,77821,4
874,78064,78066,78065,2
875,78152,78156,78154,4
876,78199,78202,78201,3
877,78275,78277,78276,2
878,78312,78318,78314,6
879,78375,78380,78377,5
880,78409,78413,78410,4
881,78465,78470,78466,5
882,78504,78507,78505,3
883,78528,78533,78529,5
884,78564,78567,78565,3
885,78608,78612,78609,4
886,78619,78622,78620,3
887,78665,78672,78666,7
888,78779,78783,78780,4
889,78826,78830,78827,4
890,78878,78881,78880,3
891,78939,78942,78940,3
892,78977,78980,78978,3
893,79036,79039,79037,3
894,79080,79084,79081,4
895,79127,79132,79128,5
896,79149,79152,79150,3
897,79182,79185,79184,3
898,79262,79265,79263,3
899,79322,79326,79323,4
900,79363,79368,79364,5
901,79467,79469,79468,2
902,79489,79493,79490,4
903,79522,79525,79524,3
904,79685,79689,79688,4
905,79754,79757,79755,3
906,79876,79880,79878,4
907,80012,80015,80013,3
908,80074,80081,80076,7
909,80170,80172,80171,2
910,80273,80275,80274,2
911,80433,80436,80434,3
912,80500,80503,80502,3
913,80519,80521,80520,2
914,80601,80604,80602,3
915,80629,80633,80631,4
916,80653,80660,80655,7
917,80724,80726,80725,2
918,80743,80749,80745,6
919,80810,80813,80812,3
920,80835,80839,80838,4
921,80860,80864,80862,4
922,80886,80889,80887,3
923,80909,80912,80911,3
924,80926,80929,80927,3
925,80981,80984,80982,3
926,81023,81026,81024,3
927,81070,81073,81071,3
928,81087,81089,81088,2
929,81130,81133,81131,3
930,81177,81180,81178,3
931,81292,81299,81295,7
932,81305,81307,81306,2
933,81335,81339,81336,4
934,81352,81356,81353,4
935,81404,81408,81406,4
936,81432,81438,81434,6
937,81510,81514,81511,4
938,81527,81539,81529,12
939,81554,81557,81555,3
940,81640,81643,81641,3
941,81696,81699,81697,3
942,81726,81729,81727,3
943,81735,81738,81736,3
944,81791,81793,81792,2
945,81839,81842,81840,3
946,81861,81866,81863,5
947,81908,81914,81909,6
948,81955,81959,81956,4
949,81964,81969,81967,5
950,81995,81999,81996,4
951,82074,82078,82075,4
952,82112,82116,82114,4
953,82285,82287,82286,2
954,82455,82460,82456,5
955,82485,82491,82486,6
956,82498,82502,82499,4
957,82578,82584,82581,6
958,82677,82679,82678,2
959,82718,82722,82719,4
960,82837,82842,82838,5
961,82855,82861,82857,6
962,82963,82985,82965,22
963,82999,83022,83000,23
964,83071,83091,83075,20
965,83111,83117,83112,6
966,83223,83227,83225,4
967,83264,83279,83266,15
968,83324,83329,83326,5
969,83364,83374,83366,10
970,83382,83385,83383,3
971,83393,83398,83396,5
972,83428,83432,83429,4
973,83437,83441,83438,4
974,83473,83479,83474,6
975,83521,83525,83522,4
976,83549,83555,83551,6
977,83560,83568,83563,8
978,83884,83888,83885,4
979,83926,83931,83929,5
980,83983,83988,83987,5
981,84035,84038,84036,3
982,84089,84092,84090,3
983,84157,84161,84159,4
984,84205,84210,84208,5
985,84283,84285,84284,2
986,84331,84335,84332,4
987,84342,84349,84343,7
988,84434,84440,84437,6
989,84530,84533,84532,3
990,84560,84564,84562,4
991,84689,84694,84690,5
992,84930,84933,84931,3
993,84986,84992,84989,6
994,84997,85003,85000,6
995,85184,85188,85185,4
996,85239,85241,85240,2
997,85290,85295,85293,5
998,85312,85317,85313,5
999,85335,85339,85336,4
1000,85348,85353,85349,5
1001,85418,85422,85419,4
1002,85428,85432,85429,4
1003,85592,85595,85593,3
1004,85747,85751,85748,4
1005,85765,85769,85768,4
1006,85803,85807,85805,4
1007,85874,85877,85875,3
1008,85933,85936,85934,3
1009,86065,86069,86066,4
1010,86108,86112,86109,4
1011,86119,86122,86120,3
1012,86196,86200,86198,4
1013,86283,86286,86284,3
1014,86330,86335,86331,5
1015,86338,86343,86342,5
1016,86358,86361,86360,3
1017,86395,86398,86396,3
1018,86408,86412,86409,4
1019,86445,86450,86448,5
1020,86496,86499,86497,3
1021,86511,86515,86514,4
1022,86680,86684,86681,4
1023,86852,86859,86855,7
1024,86888,86890,86889,2
1025,86945,86949,86947,4
1026,86981,86985,86983,4
1027,87000,87003,87001,3
1028,87106,87108,87107,2
1029,87283,87287,87285,4
1030,87676,87680,87678,4
1031,87721,87727,87723,6
1032,87768,87772,87770,4
1033,87807,87812,87810,5
1034,87852,87858,87854,6
1035,87926,87928,87927,2
1036,87950,87955,87952,5
1037,88014,88020,88015,6
1038,88024,88030,88025,6
1039,88062,88068,88065,6
1040,88124,88126,88125,2
1041,88211,88214,88212,3
1042,88252,88257,88254,5
1043,88263,88267,88265,4
1044,88299,88303,88300,4
1045,88350,88355,88353,5
1046,88392,88395,88393,3
1047,88401,88405,88402,4
1048,88447,88451,88449,4
1049,88464,88467,88466,3
1050,88492,88495,88493,3
1051,88536,88538,88537,2
1052,88575,88577,88576,2
1053,88586,88590,88588,4
1054,88610,88612,88611,2
1055,88630,88634,88632,4
1056,88662,88665,88664,3
1057,88703,88707,88705,4
1058,88755,88759,88756,4
1059,88828,88831,88830,3
1060,88921,88925,88922,4
1061,88935,88940,88936,5
1062,88944,88950,88947,6
1063,88988,88992,88990,4
1064,89013,89017,89016,4
1065,89024,89029,89027,5
1066,89035,89039,89037,4
1067,89052,89056,89054,4
1068,89137,89142,89138,5
1069,89153,89158,89155,5
1070,89177,89182,89181,5
1071,89234,89237,89235,3
1072,89351,89354,89352,3
1073,89399,89401,89400,2
1074,89595,89599,89596,4
1075,89642,89645,89643,3
1076,89652,89654,89653,2
1077,89703,89705,89704,2
1078,89714,89717,89715,3
1079,89767,89778,89768,11
1080,89825,89828,89827,3
1081,89835,89840,89837,5
1082,89895,89899,89896,4
1083,89943,89948,89945,5
1084,89952,89957,89954,5
1085,90176,90179,90178,3
1086,90341,90345,90342,4
1087,90366,90368,90367,2
1088,90391,90395,90393,4
1089,90443,90447,90445,4
1090,90475,90479,90476,4
1091,90503,90506,90504,3
1092,90519,90523,90521,4
1093,90545,90549,90547,4
1094,90613,90615,90614,2
1095,90633,90636,90634,3
1096,90647,90649,90648,2
1097,90716,90718,90717,2
1098,90813,90818,90814,5
1099,90848,90851,90850,3
1100,90890,90893,90891,3
1101,90997,91000,90998,3
1102,91084,91086,91085,2
1103,91407,91409,91408,2
1104,91470,91473,91471,3
1105,91599,91602,91600,3
1106,91610,91614,91611,4
1107,91664,91669,91667,5
1108,91762,91766,91763,4
1109,91815,91817,91816,2
1110,91862,91865,91863,3
1111,91900,91904,91902,4
1112,91916,91920,91918,4
1113,91990,91995,91992,5
1114,92038,92041,92039,3
1115,92047,92051,92048,4
1116,92112,92116,92115,4
1117,92150,92152,92151,2
1118,92193,92195,92194,2
1119,92221,92224,92222,3
1120,92240,92243,92242,3
1121,92255,92261,92256,6
1122,92279,92282,92280,3
1123,92326,92331,92328,5
1124,92388,92390,92389,2
1125,92431,92434,92433,3
1126,92526,92528,92527,2
1127,92548,92551,92549,3
1128,92592,92596,92593,4
1129,92701,92705,92702,4
1130,92755,92758,92756,3
1131,92903,92906,92905,3
1132,92926,92930,92928,4
1133,92974,92977,92975,3
1134,92997,92999,92998,2
1135,93055,93058,93056,3
1136,93081,93083,93082,2
1137,93139,93141,93140,2
1138,93178,93183,93180,5
1139,93225,93227,93226,2
1140,93409,93411,93410,2
1141,93639,93644,93641,5
1142,93649,93654,93650,5
1143,93688,93692,93691,4
1144,93721,93725,93724,4
1145,93740,93744,93742,4
1146,93751,93755,93752,4
1147,93785,93789,93787,4
1148,93913,93915,93914,2
1149,94179,94183,94182,4
1150,94449,94454,94451,5
1151,94506,94510,94507,4
1152,94555,94559,94556,4
1153,94572,94587,94574,15
1154,94642,94658,94644,16
1155,94732,94734,94733,2
1156,94881,94896,94882,15
1157,94924,94927,94925,3
1158,94981,94985,94982,4
1159,95022,95027,95023,5
1160,95111,95114,95112,3
1161,95154,95159,95156,5
1162,95189,95205,95192,16
1163,95719,95722,95720,3
1164,95778,95785,95779,7
1165,95790,95794,95791,4
1166,95844,95848,95845,4
1167,95924,95927,95926,3
1168,96016,96020,96017,4
1169,96066,96071,96069,5
1170,96116,96118,96117,2
1171,96156,96159,96157,3
1172,96165,96169,96166,4
1173,96286,96293,96288,7
1174,96305,96311,96307,6
1175,96370,96375,96373,5
1176,96406,96413,96409,7
1177,96515,96518,96516,3
1178,96643,96648,96645,5
1179,96848,96851,96849,3
1180,96900,96905,96903,5
1181,96936,96940,96937,4
1182,98217,98220,98218,3
1183,99095,99098,99096,3
1184,99225,99229,99226,4
1185,99471,99474,99473,3
1186,99482,99487,99483,5
1187,99613,99615,99614,2
1188,99737,99741,99738,4
1189,99947,99952,99950,5
1190,100098,100105,100099,7
1191,100547,100553,100549,6
1192,100686,100689,100687,3
1193,100695,100697,100696,2
1194,100750,100755,100751,5
1195,101031,101036,101034,5
1196,101139,101143,101140,4
1197,101319,101322,101320,3
1198,101364,101370,101365,6
1199,101421,101429,101422,8
1200,101473,101479,101475,6
1201,101693,101697,101694,4
1202,101740,101746,101743,6
1203,101790,101793,101791,3
1204,101932,101935,101934,3
1205,101984,101987,101986,3
1206,102618,102623,102621,5
1207,102869,102872,102870,3
1208,102917,102921,102919,4
1209,102981,102983,102982,2
1210,103058,103063,103059,5
1211,103088,103090,103089,2
1212,103177,103181,103179,4
1213,103331,103336,103333,5
1214,103341,103346,103342,5
1215,103376,103379,103377,3
1216,103415,103419,103416,4
1217,103431,103436,103433,5
1218,103461,103467,103462,6
1219,103530,103535,103531,5
1220,103704,103710,103705,6
1221,103722,103728,103723,6
1222,103883,103887,103884,4
1223,103943,103949,103944,6
1224,104014,104019,104015,5
1225,104036,104043,104038,7
1226,104097,104099,104098,2
1227,104133,104136,104135,3
1228,104149,104153,104152,4
1229,104514,104517,104516,3
1230,104647,104652,104649,5
1231,104743,104747,104744,4
1232,104866,104879,104867,13
1233,104925,104927,104926,2
1234,104963,104966,104964,3
1235,105003,105008,105004,5
1236,105015,105019,105016,4
1237,105311,105314,105313,3
1238,105331,105335,105334,4
1239,105376,105387,105377,11
1240,105433,105436,105434,3
1241,105452,105461,105455,9
1242,105538,105542,105540,4
1243,105619,105621,105620,2
1244,105753,105759,105756,6
1245,105765,105767,105766,2
1246,105823,105828,105825,5
1247,105857,105863,105858,6
1248,105868,105874,105870,6
1249,105953,105956,105955,3
1250,106012,106017,106014,5
1251,106048,106051,106049,3
1252,106094,106098,106096,4
1253,106152,106156,106153,4
1254,106210,106213,106212,3
1255,106344,106347,106345,3
1256,106382,106386,106384,4
1257,106478,106488,106480,10
1258,106599,106602,106600,3
1259,106615,106620,106617,5
1260,106692,106697,106694,5
1261,106702,106708,106703,6
1262,106767,106772,106769,5
1263,106824,106829,106826,5
1264,106865,106870,106869,5
1265,106919,106922,106920,3
1266,106960,106963,106961,3
1267,107029,107033,107030,4
1268,107055,107059,107057,4
1269,107066,107069,107067,3
1270,107098,107106,107099,8
1271,107160,107163,107161,3
1272,107292,107296,107294,4
1273,107351,107356,107352,5
1274,107385,107389,107386,4
1275,107414,107417,107416,3
1276,107477,107481,107480,4
1277,107522,107525,107523,3
1278,107569,107573,107571,4
1279,107681,107708,107682,27
1280,107823,107840,107825,17
1281,107994,107999,107997,5
1282,108026,108030,108028,4
1283,108171,108178,108173,7
1284,108275,108278,108276,3
1285,108315,108317,108316,2
1286,108358,108364,108360,6
1287,108453,108458,108455,5
1288,108495,108501,108498,6
1289,108527,108532,108530,5
1290,108644,108647,108645,3
1291,108713,108719,108716,6
1292,108741,108743,108742,2
1293,108851,108854,108853,3
1294,108904,108909,108907,5
1295,108963,108967,108964,4
1296,109002,109006,109004,4
1297,109088,109092,109089,4
1298,109142,109144,109143,2
1299,109272,109274,109273,2
1300,109286,109290,109287,4
1301,109313,109316,109314,3
1302,109395,109398,109396,3
1303,109405,109409,109407,4
1304,109485,109489,109486,4
1305,109497,109501,109499,4
1306,109552,109557,109554,5
1307,109611,109616,109613,5
1308,109632,109638,109633,6
1309,109686,109690,109689,4
1310,109723,109726,109725,3
1311,109736,109742,109738,6
1312,109763,109767,109764,4
1313,109852,109856,109853,4
1314,109910,109914,109911,4
1315,109991,109994,109992,3
1316,110001,110006,110004,5
1317,110074,110077,110075,3
1318,110222,110226,110224,4
1319,110304,110309,110307,5
1320,110451,110453,110452,2
1321,110520,110526,110522,6
1322,110583,110588,110584,5
1323,110667,110672,110669,5
1324,110723,110728,110725,5
1325,110806,110810,110808,4
1326,110867,110870,110868,3
1327,110876,110882,110878,6
1328,110963,110966,110964,3
1329,110973,110977,110975,4
1330,111000,111009,111004,9
1331,111036,111041,111038,5
1332,111098,111103,111100,5
1333,111154,111158,111157,4
1334,111258,111262,111259,4
1335,111459,111462,111461,3
1336,111490,111493,111491,3
1337,111508,111512,111509,4
1338,111702,111704,111703,2
1339,111712,111717,111714,5
1340,111721,111726,111723,5
1341,111742,111747,111743,5
1342,111793,111797,111796,4
1343,111874,111876,111875,2
1344,111926,111930,111928,4
1345,111960,111962,111961,2
1346,111973,111978,111975,5
1347,111986,111990,111988,4
1348,112061,112064,112062,3
1349,112070,112075,112072,5
1350,112124,112127,112125,3
1351,112180,112185,112181,5
1352,112240,112243,112241,3
1353,112305,112310,112307,5
1354,112335,112340,112336,5
1355,112364,112368,112367,4
1356,112402,112407,112403,5
1357,112516,112519,112517,3
1358,112562,112565,112563,3
1359,112628,112632,112629,4
1360,112640,112644,112641,4
1361,112689,112694,112691,5
1362,112746,112750,112747,4
1363,112757,112761,112758,4
1364,112890,112895,112892,5
1365,112945,112949,112946,4
1366,113005,113008,113006,3
1367,113049,113053,113051,4
1368,113064,113068,113065,4
1369,113105,113109,113107,4
1370,113165,113169,113166,4
1371,113210,113213,113211,3
1372,113220,113238,113223,18
1373,113272,113278,113273,6
1374,113320,113323,113322,3
1375,113439,113442,113440,3
1376,113476,113478,113477,2
1377,113551,113556,113553,5
1378,113677,113682,113678,5
1379,113766,113769,113768,3
1380,113825,113829,113826,4
1381,113857,113862,113860,5
1382,113899,113902,113901,3
1383,113982,113985,113983,3
1384,114030,114034,114031,4
1385,114057,114059,114058,2
1386,114066,114069,114068,3
1387,114108,114112,114111,4
1388,114165,114171,114167,6
1389,114223,114228,114225,5
1390,114303,114305,114304,2
1391,114361,114365,114363,4
1392,114413,114416,114415,3
1393,114481,114484,114482,3
1394,114531,114535,114533,4
1395,114568,114572,114570,4
1396,114641,114645,114642,4
1397,114651,114655,114653,4
1398,114732,114736,114733,4
1399,114785,114790,114789,5
1400,114800,114803,114802,3
1401,114870,114874,114873,4
1402,114940,114942,114941,2
1403,114978,114983,114980,5
1404,114994,114999,114997,5
1405,115059,115063,115060,4
1406,115097,115099,115098,2
1407,115110,115133,115112,23
1408,115171,115173,115172,2
1409,115183,115186,115184,3
1410,115199,115203,115201,4
1411,115293,115295,115294,2
1412,115305,115307,115306,2
1413,115341,115344,115342,3
1414,115351,115353,115352,2
1415,115412,115417,115413,5
1416,115457,115461,115458,4
1417,115466,115471,115467,5
1418,115485,115489,115486,4
1419,115524,115527,115525,3
1420,115557,115561,115558,4
1421,115874,115877,115875,3
1422,115942,115947,115945,5
1423,116104,116107,116105,3
1424,116119,116122,116120,3
1425,116176,116180,116179,4
1426,116196,116216,116198,20
1427,116263,116265,116264,2
1428,116350,116354,116353,4
1429,116600,116604,116601,4
1430,116630,116634,116631,4
1431,116755,116759,116757,4
1432,117088,117090,117089,2
1433,117136,117140,117137,4
1434,117440,117442,117441,2
1435,117547,117550,117548,3
1436,117580,117583,117582,3
1437,117657,117662,117659,5
1438,117672,117676,117673,4
1439,117690,117694,117692,4
1440,117747,117750,117748,3
1441,117845,117847,117846,2
1442,117884,117887,117885,3
1443,117893,117899,117894,6
1444,118005,118009,118006,4
1445,118060,118062,118061,2
1446,118077,118080,118078,3
1447,118096,118098,118097,2
1448,118169,118172,118170,3
1449,118182,118186,118183,4
1450,118194,118198,118196,4
1451,118211,118215,118213,4
1452,118326,118328,118327,2
1453,118399,118402,118401,3
1454,118431,118435,118433,4
1455,118486,118489,118488,3
1456,118583,118588,118584,5
1457,118605,118609,118606,4
1458,118614,118618,118615,4
1459,118669,118674,118672,5
1460,118713,118716,118714,3
1461,118774,118777,118776,3
1462,118990,118993,118991,3
1463,119085,119087,119086,2
1464,119172,119175,119173,3
1465,119248,119251,119249,3
1466,119355,119360,119358,5
1467,119410,119412,119411,2
1468,119516,119519,119518,3
1469,119550,119554,119552,4
1470,119740,119743,119742,3
1471,119846,119850,119847,4
1472,119904,119907,119905,3
1473,119977,119979,119978,2
1474,120014,120016,120015,2
1475,120040,120043,120041,3
1476,120080,120083,120081,3
1477,120131,120133,120132,2
1478,120185,120187,120186,2
1479,120235,120238,120236,3
1480,120307,120309,120308,2
1481,120414,120419,120417,5
1482,120454,120459,120456,5
1483,120502,120504,120503,2
1484,120562,120564,120563,2
1485,120586,120590,120588,4
1486,120597,120599,120598,2
1487,120641,120645,120644,4
1488,120663,120666,120664,3
1489,120712,120715,120714,3
1490,120767,120770,120768,3
1491,120838,120842,120840,4
1492,120898,120901,120899,3
1493,120929,120932,120930,3
1494,120952,120957,120953,5
1495,121049,121052,121051,3
1496,121315,121317,121316,2
1497,121401,121403,121402,2
1498,121528,121533,121529,5
1499,121553,121558,121555,5
1500,121623,121626,121624,3
1501,121689,121694,121692,5
1502,121740,121742,121741,2
1503,121755,121761,121756,6
1504,121816,121820,121817,4
1505,121834,121836,121835,2
1506,121845,121849,121847,4
1507,121890,121893,121892,3
1508,122043,122049,122045,6
1509,122086,122094,122087,8
1510,122137,122140,122138,3
1511,122182,122191,122185,9
1512,122283,122288,122287,5
1513,122303,122311,122305,8
1514,122417,122421,122418,4
1515,122552,122559,122556,7
1516,122576,122580,122578,4
1517,122689,122694,122691,5
1518,122707,122713,122710,6
1519,122727,122734,122731,7
1520,122766,122773,122769,7
1521,122802,122806,122804,4
1522,122824,122828,122826,4
1523,122835,122839,122837,4
1524,122886,122901,122889,15
1525,122970,122974,122971,4
1526,123042,123053,123044,11
1527,123107,123111,123108,4
1528,123190,123192,123191,2
1529,123214,123221,123215,7
1530,123279,123284,123281,5
1531,123291,123296,123292,5
1532,123430,123436,123431,6
1533,123473,123476,123475,3
1534,123485,123487,123486,2
1535,123548,123550,123549,2
1536,123600,123614,123601,14
1537,123702,123705,123703,3
1538,123722,123729,123723,7
1539,123787,123800,123789,13
1540,123846,123850,123847,4
1541,124000,124006,124003,6
1542,124067,124073,124069,6
1543,124103,124108,124106,5
1544,124143,124149,124145,6
1545,124168,124172,124170,4
1546,124213,124217,124215,4
1547,124269,124273,124270,4
1548,124327,124332,124329,5
1549,124492,124495,124493,3
1550,124510,124518,124513,8
1551,124632,124637,124634,5
1552,124659,124663,124661,4
1553,124681,124683,124682,2
1554,124718,124720,124719,2
1555,124728,124732,124730,4
1556,124761,124772,124765,11
1557,124798,124803,124799,5
1558,124851,124855,124853,4
1559,124879,124882,124880,3
1560,124917,124921,124918,4
1561,124933,124937,124935,4
1562,124943,124946,124945,3
1563,125007,125011,125008,4
1564,125060,125064,125063,4
1565,125083,125086,125085,3
1566,125111,125115,125112,4
1567,125121,125129,125123,8
1568,125193,125199,125194,6
1569,125295,125300,125297,5
1570,125365,125368,125366,3
1571,125394,125397,125395,3
1572,125438,125442,125439,4
1573,125494,125498,125496,4
1574,125506,125512,125507,6
1575,125585,125589,125586,4
1576,125650,125653,125652,3
1577,125662,125667,125664,5
1578,125704,125706,125705,2
1579,125778,125781,125779,3
1580,125874,125879,125875,5
1581,125908,125912,125911,4
1582,125928,125931,125930,3
1583,125995,125998,125996,3
1584,126028,126032,126030,4
1585,126084,126089,126087,5
1586,126159,126161,126160,2
1587,126169,126171,126170,2
1588,126209,126212,126210,3
1589,126234,126238,126236,4
1590,126261,126267,126262,6
1591,126307,126309,126308,2
1592,126333,126337,126334,4
1593,126368,126372,126369,4
1594,126416,126420,126418,4
1595,126466,126471,126467,5
1596,126527,126529,126528,2
1597,126541,126544,126542,3
1598,126594,126596,126595,2
1599,126629,126632,126631,3
1600,126665,126670,126666,5
1601,126693,126697,126694,4
1602,126767,126771,126768,4
1603,126802,126806,126803,4
1604,126837,126840,126839,3
1605,126847,126851,126848,4
1606,126922,126926,126924,4
1607,126946,126949,126948,3
1608,126987,126990,126988,3
1609,127025,127028,127026,3
1610,127071,127074,127072,3
1611,127153,127156,127154,3
1612,127177,127179,127178,2
1613,127186,127189,127188,3
1614,127264,127267,127265,3
1615,127354,127358,127355,4
1616,127451,127454,127452,3
1617,127464,127466,127465,2
1618,127508,127510,127509,2
1619,127550,127553,127551,3
1620,127611,127613,127612,2
1621,127647,127649,127648,2
1622,127753,127756,127754,3
1623,127831,127834,127832,3
1624,127849,127851,127850,2
1625,128087,128091,128089,4
1626,128109,128113,128110,4
1627,128172,128176,128173,4
1628,128228,128231,128229,3
1629,128293,128297,128294,4
1630,128313,128317,128314,4
1631,128322,128325,128323,3
1632,128405,128408,128407,3
1633,128460,128463,128461,3
1634,128534,128539,128535,5
1635,128664,128668,128666,4
1636,128835,128838,128837,3
1637,128899,128903,128901,4
1638,128947,128951,128948,4
1639,128970,128981,128971,11
1640,129015,129020,129018,5
1641,129027,129032,129028,5
1642,129194,129198,129195,4
1643,129239,129243,129240,4
1644,129310,129314,129311,4
1645,129379,129383,129382,4
1646,129486,129488,129487,2
1647,129496,129500,129498,4
1648,129547,129551,129549,4
1649,129558,129561,129559,3
1650,129620,129622,129621,2
1651,129765,129767,129766,2
1652,129801,129804,129802,3
1653,129934,129937,129935,3
1654,129992,129996,129994,4
1655,130138,130142,130139,4
1656,130209,130211,130210,2
1657,130266,130269,130268,3
1658,130482,130485,130483,3
1659,130507,130510,130508,3
1660,130729,130732,130730,3
1661,130788,130792,130790,4
1662,130822,130825,130823,3
1663,130871,130874,130872,3
1664,130891,130895,130893,4
1665,130953,130957,130954,4
1666,131002,131004,131003,2
1667,131056,131060,131057,4
1668,131103,131107,131105,4
1669,131216,131221,131217,5
1670,131248,131251,131249,3
1671,131424,131427,131426,3
1672,131724,131727,131725,3
1673,131740,131743,131741,3
1674,131776,131778,131777,2
1675,131828,131830,131829,2
1676,131908,131911,131910,3
1677,131947,131951,131948,4
1678,132109,132113,132110,4
1679,132124,132128,132126,4
1680,132244,132246,132245,2
1681,132386,132388,132387,2
1682,132423,132425,132424,2
1683,132629,132632,132630,3
1684,132751,132754,132752,3
1685,132768,132771,132769,3
1686,132904,132907,132905,3
1687,132991,132995,132992,4
1688,133032,133035,133033,3
1689,133041,133043,133042,2
1690,133118,133120,133119,2
1691,133199,133201,133200,2
1692,133438,133441,133439,3
1693,133462,133465,133464,3
1694,133483,133487,133484,4
1695,133570,133573,133572,3
1696,133610,133613,133611,3
1697,133722,133725,133724,3
1698,133825,133828,133826,3
1699,133837,133840,133838,3
1700,133951,133954,133952,3
1701,134020,134023,134021,3
1702,134148,134150,134149,2
1703,134299,134301,134300,2
1704,134336,134340,134338,4
1705,134347,134351,134348,4
1706,134490,134493,134491,3
1707,134529,134531,134530,2
1708,134629,134631,134630,2
1709,134690,134692,134691,2
1710,134704,134706,134705,2
1711,134753,134756,134754,3
1712,134762,134764,134763,2
1713,134888,134890,134889,2
1714,135072,135075,135073,3
1715,135135,135138,135136,3
1716,135225,135228,135226,3
1717,135277,135280,135278,3
1718,135412,135414,135413,2
1719,135568,135570,135569,2
1720,135579,135582,135580,3
1721,135861,135864,135862,3
1722,136063,136067,136065,4
1723,136439,136441,136440,2
1724,136978,136981,136980,3
1725,137033,137035,137034,2
1726,137127,137130,137128,3
1727,137211,137214,137212,3
1728,137900,137903,137901,3
1729,137937,137940,137938,3
1730,137968,137970,137969,2
1731,138135,138138,138136,3
1732,138198,138200,138199,2
1733,138239,138241,138240,2
1734,138439,138443,138440,4
1735,138488,138491,138490,3
1736,138586,138589,138587,3
1737,138607,138614,138608,7
1738,138687,138689,138688,2
1739,138696,138698,138697,2
1740,138737,138739,138738,2
1741,138779,138782,138780,3
1742,138949,138953,138952,4
1743,139046,139049,139047,3
1744,139062,139066,139063,4
1745,139138,139141,139140,3
1746,139218,139221,139219,3
1747,139353,139355,139354,2
1748,139395,139398,139396,3
1749,139495,139500,139497,5
1750,139581,139585,139583,4
1751,139599,139603,139602,4
1752,139672,139675,139673,3
1753,139881,139884,139883,3
1754,139958,139960,139959,2
1755,140064,140068,140066,4
1756,140121,140124,140122,3
1757,140178,140181,140179,3
1758,140237,140239,140238,2
1759,140350,140353,140351,3
1760,140394,140398,140395,4
1761,140438,140443,140441,5
1762,140458,140460,140459,2
1763,140481,140484,140482,3
1764,140536,140541,140537,5
1765,140675,140680,140676,5
1766,140809,140813,140810,4
1767,140909,140913,140910,4
1768,140936,140938,140937,2
1769,140952,140954,140953,2
1770,140995,140999,140997,4
1771,141118,141120,141119,2
1772,141179,141182,141180,3
1773,141218,141220,141219,2
1774,141248,141253,141250,5
1775,141275,141279,141276,4
1776,141315,141320,141317,5
1777,141401,141405,141402,4
1778,141421,141423,141422,2
1779,141430,141433,141431,3
1780,141511,141514,141512,3
1781,141538,141542,141539,4
1782,141574,141578,141576,4
1783,141614,141617,141615,3
1784,141689,141696,141692,7
1785,141715,141719,141716,4
1786,141806,141810,141807,4
1787,141868,141871,141869,3
1788,142066,142069,142067,3
1789,142126,142130,142127,4
1790,142168,142173,142169,5
1791,142266,142269,142267,3
1792,142389,142393,142391,4
1793,142417,142420,142419,3
1794,142462,142466,142465,4
1795,142495,142497,142496,2
1796,142635,142638,142636,3
1797,142666,142670,142668,4
1798,142677,142681,142678,4
1799,142727,142730,142728,3
1800,142788,142792,142789,4
1801,142899,142903,142900,4
1802,142952,142954,142953,2
1803,143041,143044,143042,3
1804,143083,143087,143084,4
1805,143147,143151,143148,4
1806,143155,143160,143157,5
1807,143233,143235,143234,2
1808,143265,143267,143266,2
1809,143341,143344,143342,3
1810,143391,143394,143392,3
1811,143400,143404,143401,4
1812,143450,143453,143451,3
1813,143523,143525,143524,2
1814,143550,143553,143551,3
1815,143603,143605,143604,2
1816,143661,143663,143662,2
1817,143692,143696,143693,4
1818,143720,143724,143721,4
1819,143736,143739,143737,3
1820,143752,143756,143754,4
1821,143795,143798,143797,3
1822,143827,143831,143828,4
1823,143836,143839,143837,3
1824,143887,143891,143888,4
1825,143926,143929,143927,3
1826,143960,143964,143961,4
1827,144087,144091,144090,4
1828,144121,144124,144122,3
1829,144213,144215,144214,2
1830,144279,144283,144280,4
1831,144288,144290,144289,2
1832,144360,144363,144362,3
1833,144396,144398,144397,2
1834,144449,144452,144450,3
1835,144489,144494,144490,5
1836,144524,144526,144525,2
1837,144578,144581,144579,3
1838,144662,144664,144663,2
1839,144694,144697,144695,3
1840,144724,144727,144725,3
1841,144834,144837,144835,3
1842,145158,145160,145159,2
1843,145257,145261,145258,4
1844,145306,145310,145308,4
1845,145376,145380,145377,4
1846,145411,145415,145412,4
1847,145460,145463,145461,3
1848,145530,145535,145533,5
1849,145659,145661,145660,2
1850,145786,145791,145787,5
1851,145811,145815,145812,4
1852,145853,145855,145854,2
1853,145898,145907,145899,9
1854,146056,146058,146057,2
1855,146095,146098,146096,3
1856,146224,146227,146225,3
1857,146249,146254,146252,5
1858,146291,146295,146293,4
1859,146339,146347,146341,8
1860,146398,146404,146400,6
1861,146652,146655,146653,3
1862,146915,146918,146916,3
1863,146971,146974,146972,3
1864,147036,147039,147037,3
1865,147045,147048,147046,3
1866,147067,147069,147068,2
1867,147122,147125,147124,3
1868,147132,147135,147134,3
1869,147187,147192,147188,5
1870,147209,147213,147210,4
1871,147355,147359,147356,4
1872,147546,147549,147548,3
1873,147592,147595,147594,3
1874,147641,147645,147642,4
1875,147917,147919,147918,2
1876,148281,148286,148282,5
1877,148288,148295,148291,7
1878,148347,148351,148349,4
1879,148478,148482,148481,4
1880,148508,148511,148509,3
1881,148611,148614,148612,3
1882,148620,148622,148621,2
1883,148677,148689,148679,12
1884,148719,148722,148720,3
1885,148845,148848,148846,3
1886,148872,148876,148873,4
1887,148914,148918,148916,4
1888,149029,149034,149032,5
1889,149120,149124,149122,4
1890,149409,149413,149411,4
1891,149805,149807,149806,2
1892,149928,149932,149931,4
1893,150141,150144,150142,3
1894,150217,150221,150218,4
1895,150245,150248,150246,3
1896,150279,150282,150281,3
1897,150305,150308,150306,3
1898,150358,150361,150359,3
1899,150442,150445,150443,3
1900,150629,150633,150630,4
1901,150638,150641,150639,3
1902,150762,150765,150763,3
1903,150994,150998,150996,4
1904,151055,151066,151056,11
1905,151093,151095,151094,2
1906,151237,151239,151238,2
1907,151251,151255,151252,4
1908,151301,151304,151302,3
1909,151406,151409,151407,3
1910,151471,151474,151472,3
1911,151498,151502,151499,4
1912,151571,151575,151572,4
1913,151584,151589,151585,5
1914,151643,151649,151645,6
1915,151753,151756,151754,3
1916,151829,151833,151830,4
1917,152007,152011,152008,4
1918,152146,152151,152148,5
1919,152211,152216,152213,5
1920,152229,152234,152231,5
1921,152275,152278,152276,3
1922,152416,152419,152418,3
1923,152487,152490,152488,3
1924,152677,152679,152678,2
1925,152717,152719,152718,2
1926,152766,152770,152768,4
1927,152842,152845,152844,3
1928,152890,152895,152892,5
1929,152919,152921,152920,2
1930,152933,152935,152934,2
1931,153340,153343,153341,3
1932,153350,153355,153351,5
1933,153489,153492,153490,3
1934,153501,153504,153503,3
1935,153549,153552,153551,3
1936,153607,153611,153609,4
1937,153640,153643,153641,3
1938,153650,153652,153651,2
1939,153682,153686,153683,4
1940,153691,153694,153692,3
1941,153729,153733,153730,4
1942,153851,153855,153852,4
1943,153934,153938,153935,4
1944,153979,153982,153980,3
1945,153988,153993,153989,5
1946,154034,154037,154035,3
1947,154081,154085,154083,4
1948,154112,154114,154113,2
1949,154121,154126,154123,5
1950,154182,154187,154183,5
1951,154214,154216,154215,2
1952,154331,154336,154334,5
1953,154343,154347,154344,4
1954,154537,154541,154538,4
1955,154645,154649,154646,4
1956,154664,154666,154665,2
1957,154731,154735,154733,4
1958,154820,154824,154823,4
1959,154968,154971,154969,3
1960,155161,155163,155162,2
1961,155170,155173,155171,3
1962,155214,155218,155217,4
1963,155262,155266,155264,4
1964,155300,155302,155301,2
1965,155620,155622,155621,2
1966,156034,156036,156035,2
1967,156162,156164,156163,2
1968,156175,156178,156176,3
1969,156250,156254,156251,4
1970,156463,156467,156464,4
1971,156676,156679,156677,3
1972,156723,156727,156724,4
1973,156812,156815,156813,3
1974,156851,156853,156852,2
1975,156898,156903,156899,5
1976,157067,157070,157068,3
1977,157659,157668,157660,9
1978,157875,157878,157876,3
1979,157892,157895,157894,3
1980,158121,158123,158122,2
1981,158131,158136,158133,5
1982,158194,158199,158196,5
1983,158410,158413,158412,3
1984,158463,158468,158464,5
1985,158500,158504,158503,4
1986,158560,158564,158563,4
1987,158600,158602,158601,2
1988,158665,158667,158666,2
1989,158704,158709,158707,5
1990,158846,158848,158847,2
1991,158908,158912,158909,4
1992,159188,159190,159189,2
1993,159238,159241,159239,3
1994,159277,159281,159278,4
1995,159286,159288,159287,2
1996,159392,159394,159393,2
1997,159479,159482,159480,3
1998,159606,159608,159607,2
1999,159665,159669,159666,4
2000,159908,159912,159910,4
2001,160067,160069,160068,2
2002,160142,160144,160143,2
2003,160151,160154,160152,3
2004,160251,160254,160252,3
2005,160286,160290,160287,4
2006,160309,160312,160310,3
2007,160379,160381,160380,2
2008,160459,160462,160460,3
2009,160536,160546,160537,10
2010,160706,160711,160707,5
2011,160774,160777,160775,3
2012,160821,160823,160822,2
2013,160838,160842,160841,4
2014,160849,160852,160851,3
2015,160911,160913,160912,2
2016,160988,160990,160989,2
2017,161059,161061,161060,2
2018,161289,161292,161290,3
2019,161354,161356,161355,2
2020,161449,161452,161451,3
2021,161459,161462,161460,3
2022,161593,161598,161594,5
2023,161608,161613,161609,5
2024,161718,161722,161719,4
2025,161824,161827,161826,3
2026,161954,161957,161955,3
2027,161987,161989,161988,2
2028,162000,162004,162002,4
2029,162099,162102,162101,3
2030,162173,162177,162174,4
2031,162182,162185,162183,3
2032,162459,162463,162461,4
2033,162473,162477,162475,4
2034,162549,162552,162550,3
2035,162697,162699,162698,2
2036,162711,162715,162713,4
2037,162749,162753,162750,4
2038,162794,162798,162796,4
2039,162819,162822,162820,3
2040,162868,162872,162869,4
2041,162988,162992,162989,4
2042,163014,163016,163015,2
2043,163075,163080,163079,5
2044,163113,163121,163116,8
2045,163151,163153,163152,2
2046,163210,163214,163212,4
2047,163280,163285,163283,5
2048,163329,163333,163331,4
2049,163359,163361,163360,2
2050,163371,163376,163373,5
2051,163498,163501,163499,3
2052,163584,163588,163585,4
2053,163665,163668,163666,3
2054,163871,163875,163872,4
2055,163947,163950,163948,3
2056,163957,163960,163958,3
2057,163991,163993,163992,2
2058,164043,164045,164044,2
2059,164352,164354,164353,2
2060,164457,164461,164459,4
2061,164472,164476,164473,4
2062,164597,164599,164598,2
2063,164826,164828,164827,2
2064,164881,164885,164883,4
2065,164938,164943,164941,5
2066,164966,164971,164970,5
2067,164981,164983,164982,2
2068,165032,165034,165033,2
2069,165136,165139,165137,3
2070,165488,165490,165489,2
2071,165621,165625,165622,4
2072,165796,165801,165797,5
2073,165806,165810,165808,4
2074,165933,165937,165935,4
2075,166112,166115,166114,3
2076,166189,166192,166190,3
2077,166273,166278,166275,5
2078,166301,166304,166302,3
2079,166393,166395,166394,2
2080,166475,166478,166476,3
2081,166542,166545,166543,3
2082,166597,166601,166600,4
2083,166656,166658,166657,2
2084,166727,166730,166729,3
2085,167147,167150,167148,3
2086,167349,167351,167350,2
2087,167514,167517,167515,3
2088,167539,167541,167540,2
2089,167548,167552,167551,4
2090,167713,167716,167714,3
2091,167792,167794,167793,2
2092,167835,167841,167836,6
2093,167896,167900,167898,4
2094,167936,167938,167937,2
2095,167987,167989,167988,2
2096,168021,168025,168024,4
2097,168173,168177,168176,4
2098,168262,168265,168264,3
2099,168425,168428,168427,3
2100,168484,168487,168485,3
2101,168553,168556,168554,3
2102,168573,168577,168574,4
2103,168764,168767,168765,3
2104,168826,168829,168827,3
2105,168893,168898,168895,5
2106,168916,168922,168919,6
2107,168933,168936,168934,3
2108,168973,168975,168974,2
2109,169004,169007,169006,3
2110,169083,169086,169085,3
2111,169191,169195,169192,4
2112,169201,169205,169203,4
2113,169216,169220,169218,4
2114,169239,169241,169240,2
2115,169283,169285,169284,2
2116,169302,169305,169304,3
2117,169404,169407,169406,3
2118,169445,169450,169446,5
2119,169467,169471,169468,4
2120,169482,169485,169483,3
2121,169583,169586,169584,3
2122,169641,169645,169642,4
2123,169706,169709,169707,3
2124,169938,169941,169939,3
2125,169998,170002,170000,4
2126,170046,170048,170047,2
2127,170093,170095,170094,2
2128,170152,170155,170154,3
2129,170231,170235,170232,4
2130,170241,170246,170242,5
2131,170329,170333,170330,4
2132,170385,170390,170388,5
2133,170504,170506,170505,2
2134,170621,170626,170624,5
2135,170648,170650,170649,2
2136,170680,170684,170682,4
2137,170735,170739,170737,4
2138,170783,170787,170784,4
2139,170817,170820,170818,3
2140,170829,170832,170830,3
2141,170977,170980,170978,3
2142,171045,171048,171047,3
2143,171055,171058,171056,3
2144,171068,171071,171069,3
2145,171137,171141,171139,4
2146,171198,171201,171199,3
2147,171217,171219,171218,2
2148,171272,171275,171273,3
2149,171315,171318,171317,3
2150,171390,171394,171391,4
2151,171435,171438,171436,3
2152,171510,171513,171511,3
2153,171523,171526,171524,3
2154,171658,171660,171659,2
2155,171765,171770,171766,5
2156,171949,171952,171951,3
2157,172009,172011,172010,2
2158,172427,172431,172429,4
2159,172501,172503,172502,2
2160,172542,172544,172543,2
2161,172622,172624,172623,2
2162,172669,172671,172670,2
2163,172739,172744,172742,5
2164,172789,172792,172790,3
2165,172953,172957,172955,4
2166,173096,173099,173097,3
2167,173211,173214,173213,3
2168,173272,173275,173274,3
2169,173398,173400,173399,2
2170,173417,173419,173418,2
2171,173548,173551,173549,3
2172,173576,173580,173578,4
2173,173706,173708,173707,2
2174,173717,173720,173718,3
2175,173830,173834,173831,4
2176,174113,174115,174114,2
2177,174156,174159,174157,3
2178,174220,174224,174222,4
2179,174257,174262,174260,5
2180,174343,174345,174344,2
2181,174388,174390,174389,2
2182,174567,174570,174568,3
2183,174684,174687,174685,3
2184,174741,174744,174742,3
2185,174796,174798,174797,2
2186,174837,174840,174838,3
2187,174847,174850,174849,3
2188,174944,174947,174946,3
2189,175002,175007,175006,5
2190,175018,175022,175019,4
2191,175035,175040,175038,5
2192,175113,175117,175114,4
2193,175271,175273,175272,2
2194,175468,175471,175469,3
2195,175554,175557,175555,3
2196,175694,175699,175696,5
2197,175744,175750,175745,6
2198,175800,175804,175801,4
2199,175811,175814,175812,3
2200,175974,175979,175975,5
2201,176210,176216,176211,6
2202,176246,176252,176248,6
2203,176256,176259,176257,3
2204,176309,176311,176310,2
2205,176361,176366,176365,5
2206,176440,176445,176441,5
2207,176450,176455,176452,5
2208,176490,176496,176492,6
2209,176510,176516,176512,6
2210,176559,176563,176560,4
2211,176569,176576,176571,7
2212,176609,176615,176611,6
2213,176649,176653,176651,4
2214,176698,176703,176700,5
2215,176738,176741,176740,3
2216,176750,176753,176752,3
2217,176852,176856,176854,4
2218,176861,176865,176863,4
2219,176902,176908,176905,6
2220,176937,176943,176939,6
2221,176985,176990,176986,5
2222,177100,177103,177101,3
2223,177156,177162,177157,6
2224,177197,177200,177198,3
2225,177401,177408,177404,7
2226,177427,177431,177428,4
2227,177452,177462,177454,10
2228,177557,177563,177559,6
2229,177610,177614,177611,4
2230,177665,177667,177666,2
2231,177720,177727,177723,7
2232,177829,177832,177830,3
2233,177855,177859,177856,4
2234,178005,178007,178006,2
2235,178083,178085,178084,2
2236,178194,178199,178197,5
2237,178297,178300,178298,3
2238,178466,178470,178468,4
2239,178506,178509,178507,3
2240,178667,178670,178668,3
2241,178725,178728,178726,3
2242,178743,178748,178744,5
2243,178771,178775,178774,4
2244,178877,178881,178878,4
2245,179025,179029,179027,4
2246,179361,179365,179362,4
2247,179418,179421,179419,3
2248,179537,179540,179538,3
2249,179584,179587,179585,3
2250,179659,179661,179660,2
2251,179680,179687,179681,7
2252,179715,179719,179718,4
2253,179841,179843,179842,2
2254,179858,179860,179859,2
2255,179893,179897,179895,4
2256,180016,180020,180017,4
2257,180074,180078,180076,4
2258,180207,180210,180209,3
2259,180268,180272,180271,4
2260,180381,180385,180382,4
2261,180466,180470,180469,4
2262,180515,180518,180516,3
2263,180566,180570,180567,4
2264,180650,180654,180651,4
2265,180687,180690,180688,3
2266,180749,180753,180750,4
2267,180969,180975,180971,6
2268,181040,181042,181041,2
2269,181126,181132,181128,6
2270,181203,181210,181207,7
2271,181324,181329,181326,5
2272,181420,181425,181421,5
2273,181727,181730,181728,3
2274,182054,182057,182055,3
2275,182104,182106,182105,2
2276,182165,182168,182166,3
2277,182249,182252,182251,3
2278,182322,182326,182323,4
2279,182420,182423,182422,3
2280,182440,182442,182441,2
2281,182451,182453,182452,2
2282,182523,182525,182524,2
2283,182569,182575,182571,6
2284,182607,182609,182608,2
2285,182716,182721,182718,5
2286,182820,182825,182821,5
2287,182889,182893,182891,4
2288,182974,182979,182975,5
2289,182993,182998,182994,5
2290,183053,183055,183054,2
2291,183102,183105,183104,3
2292,183137,183141,183138,4
2293,183196,183200,183199,4
2294,183260,183268,183261,8
2295,183338,183342,183339,4
2296,183371,183376,183372,5
2297,183424,183427,183425,3
2298,183433,183438,183436,5
2299,183519,183522,183521,3
2300,183630,183632,183631,2
2301,183691,183694,183692,3
2302,183707,183711,183708,4
2303,183760,183764,183761,4
2304,183843,183845,183844,2
2305,183924,183926,183925,2
2306,184008,184010,184009,2
2307,184038,184042,184039,4
2308,184074,184077,184075,3
2309,184220,184222,184221,2
2310,184270,184273,184271,3
2311,184320,184322,184321,2
2312,184359,184362,184360,3
2313,184373,184376,184375,3
2314,184568,184571,184569,3
2315,184666,184669,184667,3
2316,184740,184743,184741,3
2317,184838,184841,184840,3
2318,184904,184908,184907,4
2319,184941,184945,184942,4
2320,185009,185013,185011,4
2321,185260,185267,185261,7
2322,185367,185369,185368,2
2323,185444,185447,185445,3
2324,185770,185774,185771,4
2325,185839,185842,185840,3
2326,185958,185962,185959,4
2327,186002,186006,186004,4
2328,186093,186095,186094,2
2329,186142,186147,186143,5
2330,186206,186208,186207,2
2331,186217,186220,186218,3
2332,186341,186345,186342,4
2333,186351,186355,186352,4
2334,186361,186364,186362,3
2335,186521,186527,186523,6
2336,186588,186592,186589,4
2337,186699,186703,186701,4
2338,186719,186723,186722,4
2339,186821,186824,186823,3
2340,186881,186885,186882,4
2341,187169,187173,187170,4
2342,187739,187742,187740,3
2343,187749,187753,187750,4
2344,187806,187809,187807,3
2345,187835,187838,187837,3
2346,187905,187908,187906,3
2347,187944,187946,187945,2
2348,187954,187956,187955,2
2349,187994,187997,187996,3
2350,188036,188039,188037,3
2351,188095,188099,188097,4
2352,188155,188159,188156,4
2353,188195,188199,188197,4
2354,188228,188233,188229,5
2355,188259,188261,188260,2
2356,188272,188276,188274,4
2357,188289,188292,188290,3
2358,188346,188348,188347,2
2359,188374,188377,188375,3
2360,188431,188437,188434,6
2361,188560,188562,188561,2
2362,188581,188584,188582,3
2363,188667,188670,188668,3
2364,188720,188725,188722,5
2365,188769,188771,188770,2
2366,188858,188861,188859,3
2367,188966,188968,188967,2
2368,189048,189050,189049,2
2369,189130,189134,189132,4
2370,189183,189186,189185,3
2371,189259,189264,189261,5
2372,189305,189308,189306,3
2373,189408,189411,189409,3
2374,189429,189434,189430,5
2375,189452,189455,189453,3
2376,189604,189606,189605,2
2377,189652,189656,189653,4
2378,189693,189698,189697,5
2379,189728,189731,189729,3
2380,189738,189743,189739,5
2381,189801,189803,189802,2
2382,189854,189856,189855,2
2383,189909,189912,189910,3
2384,189971,189973,189972,2
2385,190019,190022,190020,3
2386,190029,190032,190030,3
2387,190046,190051,190048,5
2388,190056,190058,190057,2
2389,190183,190186,190184,3
2390,190192,190196,190194,4
2391,190237,190240,190238,3
2392,190283,190286,190284,3
2393,190301,190304,190302,3
2394,190337,190340,190338,3
2395,190353,190355,190354,2
2396,190417,190419,190418,2
2397,190513,190516,190515,3
2398,190561,190564,190562,3
2399,190650,190652,190651,2
2400,190787,190791,190789,4
2401,190837,190840,190838,3
2402,190878,190882,190880,4
2403,191001,191004,191002,3
2404,191010,191014,191011,4
2405,191073,191078,191074,5
2406,191174,191177,191175,3
2407,191304,191309,191306,5
2408,191401,191404,191402,3
2409,191465,191467,191466,2
2410,191569,191573,191571,4
2411,191724,191727,191725,3
2412,191751,191754,191752,3
2413,191853,191856,191854,3
2414,191944,191946,191945,2
2415,191995,191997,191996,2
2416,192282,192286,192284,4
2417,192392,192394,192393,2
2418,192457,192459,192458,2
2419,192555,192558,192556,3
2420,192581,192585,192584,4
2421,192769,192772,192770,3
2422,192821,192825,192823,4
2423,192909,192912,192910,3
2424,192951,192953,192952,2
2425,192982,192986,192984,4
2426,192994,192996,192995,2
2427,193222,193225,193224,3
2428,193233,193236,193235,3
2429,193312,193315,193313,3
2430,193448,193451,193449,3
2431,193564,193568,193566,4
2432,193700,193702,193701,2
2433,193879,193882,193880,3
2434,193986,193991,193989,5
2435,194633,194636,194635,3
2436,194757,194762,194761,5
2437,194779,194782,194780,3
2438,194841,194848,194843,7
2439,195238,195244,195242,6
2440,195253,195259,195257,6
2441,195410,195414,195411,4
2442,195471,195475,195472,4
2443,195486,195496,195489,10
2444,195662,195668,195663,6
2445,195774,195782,195777,8
2446,195824,195829,195825,5
2447,195911,195916,195914,5
2448,195961,195967,195965,6
2449,195993,195999,195997,6
2450,196008,196011,196010,3
2451,196044,196046,196045,2
2452,196068,196073,196072,5
2453,196137,196142,196140,5
2454,196187,196189,196188,2
2455,196227,196231,196228,4
2456,196245,196247,196246,2
2457,196276,196281,196278,5
2458,196322,196327,196324,5
2459,196410,196414,196413,4
2460,196440,196445,196443,5
2461,196471,196476,196473,5
2462,196516,196520,196517,4
2463,196541,196544,196542,3
2464,196603,196605,196604,2
2465,196631,196635,196633,4
2466,196677,196681,196678,4
2467,196691,196696,196693,5
2468,196729,196734,196732,5
2469,196765,196771,196769,6
2470,196821,196824,196822,3
2471,196946,196951,196947,5
2472,197011,197013,197012,2
2473,197036,197038,197037,2
2474,197068,197070,197069,2
2475,197131,197135,197132,4
2476,197171,197174,197172,3
2477,197217,197222,197218,5
2478,197287,197291,197288,4
2479,197353,197357,197356,4
2480,197404,197408,197405,4
2481,197450,197454,197453,4
2482,197539,197542,197540,3
2483,197575,197577,197576,2
2484,197745,197747,197746,2
2485,197789,197795,197792,6
2486,197842,197846,197844,4
2487,197856,197858,197857,2
2488,197911,197915,197913,4
2489,197958,197966,197959,8
2490,198030,198032,198031,2
2491,198044,198048,198045,4
2492,198099,198102,198100,3
2493,198160,198163,198161,3
2494,198192,198195,198193,3
2495,198241,198244,198242,3
2496,198301,198303,198302,2
2497,198394,198396,198395,2
2498,198467,198470,198469,3
2499,198488,198491,198489,3
2500,198575,198577,198576,2
2501,198620,198622,198621,2
2502,198641,198645,198642,4
2503,198651,198655,198654,4
2504,198764,198767,198765,3
2505,198817,198822,198820,5
2506,198857,198859,198858,2
2507,198869,198872,198870,3
2508,198973,198977,198975,4
2509,199045,199049,199046,4
2510,199142,199144,199143,2
2511,199239,199241,199240,2
2512,199299,199302,199300,3
2513,199347,199351,199348,4
2514,199482,199485,199483,3
2515,199539,199541,199540,2
2516,199608,199610,199609,2
2517,199644,199649,199645,5
2518,199652,199656,199654,4
2519,199725,199729,199727,4
2520,199776,199781,199778,5
2521,199825,199828,199826,3
2522,199898,199902,199901,4
2523,199912,199914,199913,2
2524,199924,199927,199925,3
2525,199990,199994,199991,4
2526,200018,200022,200020,4
2527,200031,200034,200033,3
2528,200103,200107,200105,4
2529,200168,200171,200170,3
2530,200179,200184,200180,5
2531,200213,200217,200214,4
2532,200348,200351,200349,3
2533,200361,200363,200362,2
2534,200447,200449,200448,2
2535,200490,200500,200491,10
2536,200518,200522,200519,4
2537,200618,200622,200620,4
2538,200735,200737,200736,2
2539,200758,200761,200759,3
2540,201003,201005,201004,2
2541,201056,201061,201057,5
2542,201066,201070,201068,4
2543,201141,201144,201143,3
2544,201300,201304,201302,4
2545,201442,201445,201443,3
2546,201589,201593,201590,4
2547,201657,201661,201659,4
2548,201723,201726,201724,3
2549,201754,201757,201755,3
2550,201800,201805,201803,5
2551,201879,201882,201880,3
2552,201987,201990,201988,3
2553,202036,202040,202037,4
2554,202059,202064,202061,5
2555,202071,202074,202073,3
2556,202181,202187,202184,6
2557,202207,202211,202210,4
2558,202219,202223,202220,4
2559,202270,202274,202271,4
2560,202338,202342,202340,4
2561,202352,202356,202353,4
2562,202402,202407,202403,5
2563,202428,202432,202430,4
2564,202505,202507,202506,2
2565,202655,202660,202658,5
2566,202666,202672,202668,6
2567,202934,202937,202936,3
2568,203320,203325,203323,5
2569,203360,203364,203361,4
2570,203434,203437,203435,3
2571,203498,203501,203499,3
2572,203563,203567,203565,4
2573,203648,203652,203649,4
2574,203702,203706,203703,4
2575,203988,203992,203991,4
2576,204093,204095,204094,2
2577,204184,204186,204185,2
2578,204362,204366,204364,4
2579,204502,204506,204503,4
2580,204579,204582,204580,3
2581,204623,204626,204624,3
2582,204708,204712,204709,4
2583,204757,204759,204758,2
2584,204773,204776,204774,3
2585,204798,204800,204799,2
2586,204823,204827,204824,4
2587,204832,204834,204833,2
2588,204870,204874,204871,4
2589,204916,204918,204917,2
2590,204967,204969,204968,2
2591,205005,205009,205008,4
2592,205016,205019,205017,3
2593,205060,205063,205061,3
2594,205153,205157,205155,4
2595,205370,205373,205372,3
2596,205485,205488,205486,3
2597,205495,205498,205496,3
2598,205555,205557,205556,2
2599,205620,205623,205621,3
2600,205665,205668,205666,3
2601,205720,205722,205721,2
2602,205769,205772,205770,3
2603,205849,205852,205850,3
2604,205990,205993,205991,3
2605,206102,206105,206103,3
2606,206142,206148,206146,6
2607,206180,206183,206181,3
2608,206202,206206,206203,4
2609,206265,206270,206266,5
2610,206274,206278,206275,4
2611,206381,206386,206382,5
2612,206453,206457,206454,4
2613,206531,206534,206532,3
2614,206645,206648,206646,3
2615,206694,206697,206695,3
2616,206748,206751,206750,3
2617,206758,206761,206759,3
2618,206796,206798,206797,2
2619,206908,206911,206909,3
2620,206931,206937,206933,6
2621,207049,207052,207050,3
2622,207065,207071,207066,6
2623,207094,207099,207097,5
2624,207164,207167,207165,3
2625,207211,207220,207214,9
2626,207252,207257,207255,5
2627,207349,207355,207351,6
2628,207392,207401,207394,9
2629,207421,207427,207425,6
2630,207533,207537,207535,4
2631,207667,207669,207668,2
2632,207696,207700,207697,4
2633,208134,208136,208135,2
2634,208180,208184,208181,4
2635,208473,208475,208474,2
2636,208551,208553,208552,2
2637,208691,208694,208692,3
2638,209522,209525,209523,3
2639,209703,209707,209704,4
2640,209928,209937,209929,9
2641,210319,210325,210321,6
2642,210330,210333,210332,3
2643,210563,210568,210565,5
2644,210644,210649,210647,5
2645,210656,210658,210657,2
2646,210879,210884,210881,5
2647,210893,210898,210895,5
2648,210911,210915,210914,4
2649,210946,210950,210947,4
2650,210974,210978,210976,4
2651,211005,211008,211006,3
2652,211082,211086,211083,4
2653,211562,211565,211564,3
2654,211579,211581,211580,2
2655,211627,211629,211628,2
2656,211679,211682,211680,3
2657,211795,211797,211796,2
2658,211946,211949,211947,3
2659,212106,212108,212107,2
2660,212172,212175,212174,3
2661,212187,212191,212188,4
2662,212421,212424,212422,3
2663,212597,212601,212598,4
2664,212607,212609,212608,2
2665,212796,212799,212797,3
2666,213088,213091,213089,3
2667,213300,213303,213301,3
2668,213417,213421,213419,4
2669,213429,213433,213430,4
2670,213494,213496,213495,2
2671,213863,213866,213864,3
2672,213995,213998,213996,3
2673,214047,214051,214048,4
2674,214566,214570,214567,4
2675,214621,214624,214622,3
2676,214881,214883,214882,2
2677,215098,215102,215099,4
2678,215365,215371,215367,6
2679,215405,215409,215406,4
2680,215503,215508,215504,5
2681,215554,215560,215555,6
2682,215653,215655,215654,2
2683,215695,215698,215696,3
2684,215915,215918,215916,3
2685,215995,215999,215996,4
2686,216070,216076,216072,6
2687,216175,216178,216176,3
2688,216261,216265,216262,4
2689,216318,216321,216320,3
2690,216349,216352,216350,3
2691,216408,216411,216410,3
2692,216440,216445,216442,5
2693,216483,216485,216484,2
2694,216512,216516,216513,4
2695,216653,216658,216654,5
2696,216674,216677,216675,3
2697,216715,216718,216716,3
2698,216971,216974,216972,3
2699,217150,217153,217151,3
2700,217181,217184,217182,3
2701,217232,217235,217233,3
2702,217275,217278,217276,3
2703,217304,217306,217305,2
2704,217372,217377,217373,5
2705,217421,217425,217422,4
2706,217473,217475,217474,2
2707,217511,217513,217512,2
2708,217613,217615,217614,2
2709,217648,217650,217649,2
2710,217680,217684,217681,4
2711,217716,217719,217717,3
2712,217748,217751,217749,3
2713,217819,217821,217820,2
2714,217887,217891,217888,4
2715,217901,217903,217902,2
2716,217965,217967,217966,2
2717,218027,218029,218028,2
2718,218058,218064,218059,6
2719,218066,218069,218068,3
2720,218159,218162,218160,3
2721,218216,218219,218217,3
2722,218251,218255,218253,4
2723,218274,218277,218275,3
2724,218306,218310,218307,4
2725,218315,218320,218316,5
2726,218385,218390,218387,5
2727,218434,218439,218436,5
2728,218530,218532,218531,2
2729,218582,218584,218583,2
2730,218608,218614,218610,6
2731,218704,218707,218706,3
2732,218757,218760,218758,3
2733,218817,218822,218818,5
2734,218825,218829,218827,4
2735,218901,218905,218902,4
2736,218915,218917,218916,2
2737,218980,218987,218982,7
2738,219012,219018,219015,6
2739,219063,219069,219066,6
2740,219099,219104,219100,5
2741,219260,219265,219262,5
2742,219273,219275,219274,2
2743,219348,219353,219349,5
2744,219405,219408,219406,3
2745,219499,219501,219500,2
2746,219540,219542,219541,2
2747,219726,219731,219727,5
2748,219908,219912,219909,4
2749,219923,219927,219925,4
2750,219978,219983,219982,5
2751,220033,220035,220034,2
2752,220226,220230,220227,4
2753,220309,220313,220312,4
2754,220438,220440,220439,2
2755,220513,220516,220514,3
2756,220529,220531,220530,2
2757,220590,220594,220593,4
2758,220664,220668,220666,4
2759,220676,220680,220678,4
2760,220815,220818,220816,3
2761,220873,220876,220875,3
2762,220922,220926,220923,4
2763,220984,220988,220985,4
2764,221208,221211,221209,3
2765,221225,221227,221226,2
2766,221254,221256,221255,2
2767,221321,221325,221322,4
2768,221374,221376,221375,2
2769,221433,221436,221434,3
2770,221496,221500,221499,4
2771,221854,221858,221855,4
2772,222075,222081,222076,6
2773,222198,222202,222200,4
2774,222268,222273,222269,5
2775,222396,222402,222399,6
2776,222458,222463,222460,5
2777,222519,222523,222521,4
2778,222528,222534,222530,6
2779,222650,222653,222651,3
2780,222725,222728,222726,3
2781,222735,222737,222736,2
2782,222871,222873,222872,2
2783,222910,222914,222911,4
2784,223053,223059,223055,6
2785,223161,223167,223164,6
2786,223226,223231,223230,5
2787,223352,223357,223353,5
2788,223401,223404,223403,3
2789,223522,223525,223523,3
2790,223551,223555,223552,4
2791,223563,223565,223564,2
2792,223653,223659,223655,6
2793,223702,223707,223703,5
2794,223741,223743,223742,2
2795,223776,223778,223777,2
2796,223827,223832,223828,5
2797,223884,223889,223887,5
2798,223901,223908,223902,7
2799,224064,224069,224065,5
2800,224088,224092,224091,4
2801,224117,224127,224120,10
2802,224135,224141,224137,6
2803,224161,224166,224163,5
2804,224194,224198,224196,4
2805,224239,224247,224240,8
2806,224362,224366,224364,4
2807,224379,224384,224383,5
2808,224398,224401,224399,3
2809,224495,224498,224497,3
2810,224596,224601,224597,5
2811,224636,224640,224637,4
2812,224731,224735,224733,4
2813,224753,224757,224754,4
2814,224840,224855,224841,15
2815,224917,224923,224919,6
2816,224994,224996,224995,2
2817,225081,225091,225084,10
2818,225119,225124,225120,5
2819,225197,225200,225198,3
2820,225228,225231,225229,3
2821,225296,225300,225297,4
2822,225428,225433,225430,5
2823,225474,225479,225475,5
2824,225515,225518,225516,3
2825,225860,225865,225861,5
2826,226062,226067,226064,5
2827,226151,226153,226152,2
2828,226182,226185,226183,3
2829,226266,226271,226267,5
2830,226316,226320,226317,4
2831,226360,226366,226363,6
2832,226434,226439,226435,5
2833,226806,226812,226810,6
2834,226870,226874,226871,4
2835,226918,226922,226919,4
2836,226958,226964,226960,6
2837,226993,226998,226996,5
2838,227064,227069,227065,5
2839,227116,227119,227117,3
2840,227160,227164,227161,4
2841,227269,227273,227270,4
2842,227324,227326,227325,2
2843,227567,227572,227571,5
2844,227658,227662,227659,4
2845,227675,227679,227677,4
2846,227712,227716,227713,4
2847,227746,227749,227747,3
2848,227822,227827,227825,5
2849,227944,227949,227945,5
2850,227991,227994,227992,3
2851,228043,228045,228044,2
2852,228197,228200,228198,3
2853,228881,228883,228882,2
2854,229227,229230,229228,3
2855,229244,229255,229247,11
2856,229330,229333,229331,3
2857,229371,229375,229372,4
2858,229555,229560,229557,5
2859,229584,229587,229586,3
2860,229604,229608,229607,4
2861,229779,229781,229780,2
2862,229802,229804,229803,2
2863,229831,229834,229832,3
2864,229866,229869,229868,3
2865,229976,229980,229979,4
2866,230017,230020,230018,3
2867,230084,230086,230085,2
2868,230194,230198,230197,4
2869,230233,230236,230235,3
2870,230325,230328,230327,3
2871,230369,230371,230370,2
2872,230424,230427,230425,3
2873,230525,230528,230527,3
2874,230606,230610,230608,4
2875,230721,230725,230723,4
2876,230750,230753,230751,3
2877,230805,230808,230806,3
2878,230851,230854,230852,3
2879,230874,230879,230878,5
2880,230891,230895,230892,4
2881,230904,230907,230905,3
2882,231079,231082,231081,3
2883,231133,231137,231135,4
2884,231201,231209,231202,8
2885,231248,231252,231249,4
2886,231303,231306,231304,3
2887,231387,231390,231389,3
2888,231417,231421,231419,4
2889,231432,231435,231434,3
2890,231462,231466,231464,4
2891,231586,231590,231589,4
2892,231649,231652,231651,3
2893,231717,231720,231718,3
2894,231762,231768,231765,6
2895,231815,231821,231818,6
2896,231898,231903,231899,5
2897,231936,231940,231937,4
2898,232056,232062,232057,6
2899,232145,232148,232146,3
2900,232213,232216,232215,3
2901,232262,232264,232263,2
2902,232365,232369,232366,4
2903,232377,232381,232378,4
2904,232466,232469,232467,3
2905,232505,232508,232507,3
2906,232608,232611,232609,3
2907,232662,232666,232663,4
2908,232703,232707,232704,4
2909,232836,232840,232837,4
2910,232897,232900,232898,3
2911,233007,233010,233008,3
2912,233023,233025,233024,2
2913,233094,233097,233095,3
2914,233225,233229,233226,4
2915,233343,233347,233346,4
2916,233409,233411,233410,2
2917,233505,233507,233506,2
2918,233565,233568,233566,3
2919,233632,233637,233634,5
2920,233698,233701,233700,3
2921,233757,233762,233759,5
2922,233779,233781,233780,2
2923,233830,233832,233831,2
2924,233865,233870,233866,5
2925,233915,233921,233918,6
2926,233974,233976,233975,2
2927,234011,234016,234013,5
2928,234074,234077,234075,3
2929,234109,234115,234110,6
2930,234166,234170,234168,4
2931,234181,234184,234183,3
2932,234321,234323,234322,2
2933,234368,234370,234369,2
2934,234400,234404,234401,4
2935,234442,234447,234445,5
2936,234526,234529,234527,3
2937,234590,234593,234592,3
2938,234601,234604,234603,3
2939,234675,234679,234676,4
2940,234710,234715,234713,5
2941,234742,234746,234743,4
2942,234778,234780,234779,2
2943,234807,234810,234808,3
2944,234836,234839,234838,3
2945,234930,234932,234931,2
2946,234945,234950,234948,5
2947,235064,235068,235065,4
2948,235139,235142,235140,3
2949,235201,235204,235202,3
2950,235253,235257,235255,4
2951,235311,235313,235312,2
2952,235357,235361,235359,4
2953,235467,235469,235468,2
2954,235536,235539,235537,3
2955,235642,235645,235643,3
2956,235665,235669,235667,4
2957,235723,235727,235725,4
2958,235758,235761,235759,3
2959,235772,235775,235773,3
2960,235815,235817,235816,2
2961,235842,235844,235843,2
2962,236054,236058,236055,4
2963,236120,236123,236121,3
2964,236177,236179,236178,2
2965,236351,236354,236353,3
2966,236368,236373,236369,5
2967,236462,236465,236463,3
2968,236640,236643,236641,3
2969,236962,236964,236963,2
2970,237099,237102,237100,3
2971,237177,237182,237179,5
2972,237197,237200,237199,3
2973,237261,237264,237262,3
2974,237336,237340,237338,4
2975,237386,237389,237387,3
2976,237416,237420,237417,4
2977,237456,237460,237457,4
2978,237539,237544,237540,5
2979,237580,237591,237583,11
2980,237605,237610,237606,5
2981,237622,237629,237625,7
2982,237637,237641,237638,4
2983,237695,237699,237696,4
2984,237703,237707,237705,4
2985,237758,237762,237759,4
2986,237800,237804,237801,4
2987,237837,237841,237838,4
2988,237906,237911,237908,5
2989,237988,238002,237990,14
2990,238072,238076,238075,4
2991,238102,238106,238103,4
2992,238150,238160,238153,10
2993,238203,238207,238204,4
2994,238278,238282,238279,4
2995,238362,238366,238363,4
2996,238439,238444,238441,5
2997,238477,238486,238478,9
2998,238516,238518,238517,2
2999,238552,238556,238553,4
3000,238631,238635,238632,4
3001,238640,238644,238642,4
3002,238741,238745,238743,4
3003,238794,238797,238795,3
3004,238835,238839,238837,4
3005,238882,238886,238884,4
3006,238925,238928,238926,3
3007,238939,238943,238940,4
3008,238993,238998,238995,5
3009,239042,239046,239043,4
3010,239100,239102,239101,2
3011,239145,239149,239146,4
3012,239184,239188,239187,4
3013,239232,239236,239233,4
3014,239258,239264,239260,6
3015,239270,239274,239271,4
3016,239368,239370,239369,2
3017,239410,239414,239411,4
3018,239457,239460,239458,3
3019,239481,239485,239484,4
3020,239491,239494,239493,3
3021,239539,239543,239542,4
3022,239592,239595,239593,3
3023,239631,239634,239632,3
3024,239665,239669,239666,4
3025,239710,239716,239711,6
3026,239724,239730,239727,6
3027,239760,239763,239761,3
3028,239806,239810,239807,4
3029,239848,239850,239849,2
3030,239933,239936,239934,3
3031,239956,239960,239958,4
3032,240002,240005,240004,3
3033,240082,240084,240083,2
3034,240106,240108,240107,2
3035,240173,240177,240174,4
3036,240245,240249,240246,4
3037,240374,240376,240375,2
3038,240478,240480,240479,2
3039,240565,240568,240566,3
3040,240616,240620,240617,4
3041,240710,240714,240711,4
3042,240736,240738,240737,2
3043,240763,240767,240764,4
3044,240779,240782,240780,3
3045,240813,240816,240814,3
3046,240821,240827,240824,6
3047,240866,240870,240867,4
3048,240907,240911,240909,4
3049,240940,240944,240941,4
3050,240951,240954,240952,3
3051,240986,240991,240988,5
3052,241021,241023,241022,2
3053,241030,241034,241031,4
3054,241055,241059,241057,4
3055,241076,241080,241078,4
3056,241150,241153,241151,3
3057,241269,241274,241273,5
3058,241330,241334,241331,4
3059,241435,241439,241436,4
3060,241533,241539,241535,6
3061,241559,241562,241560,3
3062,241629,241634,241630,5
3063,241717,241724,241719,7
3064,241755,241759,241756,4
3065,241894,241898,241896,4
3066,241942,241944,241943,2
3067,241979,241983,241980,4
3068,241992,241995,241994,3
3069,242029,242032,242031,3
3070,242159,242161,242160,2
3071,242246,242251,242247,5
3072,242301,242303,242302,2
3073,242317,242319,242318,2
3074,242388,242395,242389,7
3075,242489,242492,242490,3
3076,242539,242541,242540,2
3077,242563,242565,242564,2
3078,242583,242587,242584,4
3079,242694,242698,242695,4
3080,242726,242731,242729,5
3081,242760,242764,242763,4
3082,242802,242805,242804,3
3083,242878,242881,242880,3
3084,242889,242894,242890,5
3085,242920,242925,242921,5
3086,242991,242994,242992,3
3087,243032,243035,243033,3
3088,243115,243120,243117,5
3089,243156,243159,243157,3
3090,243187,243190,243188,3
3091,243202,243206,243203,4
3092,243213,243218,243215,5
3093,243245,243249,243246,4
3094,243300,243304,243301,4
3095,243350,243356,243353,6
3096,243477,243482,243478,5
3097,243690,243694,243692,4
3098,243754,243759,243757,5
3099,243821,243824,243822,3
3100,243890,243895,243891,5
3101,243906,243910,243907,4
3102,243958,243963,243960,5
3103,244127,244133,244130,6
3104,244314,244317,244316,3
3105,244377,244381,244378,4
3106,244449,244452,244450,3
3107,244492,244496,244495,4
3108,244538,244541,244539,3
3109,244610,244617,244613,7
3110,244787,244792,244788,5
3111,244835,244840,244838,5
3112,244893,244898,244894,5
3113,244951,244954,244952,3
3114,244961,244967,244964,6
3115,245025,245027,245026,2
3116,245154,245161,245158,7
3117,245261,245266,245264,5
3118,245300,245305,245301,5
3119,245363,245365,245364,2
3120,245373,245376,245375,3
3121,245469,245474,245471,5
3122,245513,245516,245514,3
3123,245574,245578,245576,4
3124,245588,245593,245589,5
3125,245663,245666,245664,3
3126,245699,245702,245701,3
3127,245765,245772,245767,7
3128,245796,245801,245797,5
3129,245844,245851,245845,7
3130,245863,245871,245866,8
3131,245884,245889,245886,5
3132,245895,245900,245896,5
3133,245911,245915,245912,4
3134,245936,245941,245939,5
3135,245964,245970,245966,6
3136,246002,246007,246004,5
3137,246013,246016,246015,3
3138,246059,246062,246060,3
3139,246183,246187,246186,4
3140,246244,246248,246245,4
3141,246287,246290,246289,3
3142,246329,246331,246330,2
3143,246381,246385,246384,4
3144,246418,246422,246419,4
3145,246427,246432,246429,5
3146,246443,246446,246444,3
3147,246481,246487,246483,6
3148,246523,246529,246525,6
3149,246586,246590,246588,4
3150,246653,246657,246655,4
3151,246688,246692,246690,4
3152,246706,246710,246707,4
3153,246734,246739,246735,5
3154,246793,246801,246794,8
3155,246891,246897,246893,6
3156,246926,246930,246928,4
3157,246998,247001,247000,3
3158,247070,247072,247071,2
3159,247100,247109,247103,9
3160,247132,247136,247134,4
3161,247268,247271,247270,3
3162,247341,247345,247343,4
3163,247405,247410,247408,5
3164,247434,247440,247435,6
3165,247447,247454,247449,7
3166,247489,247491,247490,2
3167,247518,247522,247519,4
3168,247561,247565,247562,4
3169,247571,247577,247574,6
3170,247626,247628,247627,2
3171,247680,247684,247682,4
3172,247694,247696,247695,2
3173,247778,247781,247779,3
3174,247810,247814,247813,4
3175,247844,247849,247845,5
3176,247891,247894,247892,3
3177,247900,247905,247903,5
3178,247930,247934,247933,4
3179,247996,248000,247998,4
3180,248037,248041,248039,4
3181,248058,248063,248060,5
3182,248114,248118,248115,4
3183,248194,248198,248195,4
3184,248251,248256,248253,5
3185,248268,248273,248270,5
3186,248322,248335,248324,13
3187,248366,248371,248369,5
3188,248433,248436,248435,3
3189,248445,248448,248446,3
3190,248518,248522,248521,4
3191,248604,248607,248605,3
3192,248692,248695,248693,3
3193,248833,248836,248834,3
3194,249105,249110,249106,5
3195,249259,249261,249260,2
3196,249340,249343,249341,3
3197,249486,249490,249487,4
3198,249632,249637,249634,5
3199,249817,249822,249820,5
3200,249887,249892,249889,5
3201,249932,249935,249934,3
3202,250080,250085,250081,5
3203,250567,250570,250569,3
3204,250589,250595,250592,6
3205,250655,250661,250656,6
3206,250757,250760,250759,3
3207,250802,250809,250804,7
3208,250911,250915,250914,4
3209,250971,250975,250972,4
3210,250994,250999,250997,5
3211,251105,251108,251106,3
3212,251186,251189,251188,3
3213,251245,251250,251246,5
3214,251256,251259,251257,3
3215,251309,251313,251312,4
3216,251354,251359,251355,5
3217,251390,251394,251391,4
3218,251424,251428,251425,4
3219,251544,251548,251545,4
3220,251896,251901,251897,5
3221,252075,252077,252076,2
3222,252085,252089,252086,4
3223,252118,252121,252119,3
3224,252190,252193,252191,3
3225,252250,252254,252251,4
3226,252465,252467,252466,2
3227,252662,252665,252663,3
3228,252838,252840,252839,2
3229,252942,252946,252943,4
3230,253081,253090,253082,9
3231,253133,253139,253137,6
3232,253260,253267,253261,7
3233,253315,253320,253317,5
3234,253359,253361,253360,2
3235,253388,253391,253389,3
3236,253439,253446,253443,7
3237,253492,253496,253494,4
3238,253523,253529,253525,6
3239,253586,253590,253587,4
3240,253596,253602,253599,6
3241,253687,253692,253691,5
3242,253770,253774,253771,4
3243,253831,253835,253833,4
3244,253894,253899,253896,5
3245,254000,254003,254001,3
3246,254033,254038,254034,5
3247,254099,254103,254101,4
3248,254130,254133,254132,3
3249,254178,254182,254180,4
3250,254199,254205,254201,6
3251,254255,254260,254256,5
3252,254306,254311,254308,5
3253,254385,254389,254388,4
3254,254409,254412,254410,3
3255,254458,254462,254460,4
3256,254500,254506,254504,6
3257,254512,254517,254513,5
3258,254670,254675,254672,5
3259,254916,254918,254917,2
3260,254972,254976,254973,4
3261,254986,254991,254987,5
3262,255013,255021,255017,8
3263,255070,255075,255071,5
3264,255094,255096,255095,2
3265,255153,255158,255154,5
3266,255193,255197,255194,4
3267,255236,255239,255237,3
3268,255253,255256,255255,3
3269,255322,255327,255326,5
3270,255382,255387,255384,5
3271,255392,255396,255394,4
3272,255451,255453,255452,2
3273,255461,255466,255463,5
3274,255520,255526,255521,6
3275,255553,255557,255554,4
3276,255594,255597,255595,3
3277,255608,255610,255609,2
3278,255623,255626,255625,3
3279,255664,255669,255665,5
3280,255697,255703,255701,6
3281,255814,255817,255815,3
3282,255863,255869,255867,6
3283,255898,255905,255901,7
3284,255980,255986,255982,6
3285,256017,256021,256018,4
3286,256105,256108,256106,3
3287,256253,256256,256255,3
3288,256684,256688,256685,4
3289,256780,256782,256781,2
3290,256865,256869,256866,4
3291,257367,257371,257370,4
3292,257388,257391,257389,3
3293,257458,257465,257460,7
3294,257491,257495,257492,4
3295,257537,257542,257538,5
3296,257580,257588,257581,8
3297,257598,257606,257599,8
3298,257686,257690,257687,4
3299,257754,257759,257755,5
3300,257796,257801,257798,5
3301,257838,257842,257839,4
3302,258080,258087,258081,7
3303,258152,258154,258153,2
3304,258377,258381,258379,4
3305,258415,258421,258419,6
3306,258469,258471,258470,2
3307,258573,258576,258574,3
3308,258618,258622,258619,4
3309,258666,258669,258668,3
3310,258700,258705,258704,5
3311,258761,258766,258763,5
3312,258795,258800,258797,5
3313,259083,259087,259084,4
3314,259225,259227,259226,2
3315,259261,259265,259262,4
3316,259310,259312,259311,2
3317,259363,259366,259364,3
3318,259375,259380,259377,5
3319,259435,259439,259437,4
3320,259489,259493,259490,4
3321,259526,259529,259527,3
3322,259579,259584,259580,5
3323,259623,259628,259625,5
3324,259659,259662,259660,3
3325,259688,259692,259689,4
3326,259737,259739,259738,2
3327,259761,259764,259762,3
3328,259802,259806,259804,4
3329,259853,259856,259855,3
3330,259890,259893,259892,3
3331,259977,259981,259979,4
3332,259988,259991,259990,3
3333,260050,260056,260051,6
3334,260098,260100,260099,2
3335,260143,260149,260146,6
3336,260161,260163,260162,2
3337,260209,260214,260210,5
3338,260242,260246,260243,4
3339,260355,260360,260356,5
3340,260372,260374,260373,2
3341,260388,260393,260389,5
3342,260484,260488,260486,4
3343,260771,260775,260772,4
3344,260779,260790,260781,11
3345,260872,260876,260873,4
3346,260966,260971,260968,5
3347,261130,261134,261132,4
3348,261203,261206,261204,3
3349,261297,261301,261298,4
3350,261344,261348,261345,4
3351,261384,261386,261385,2
3352,261517,261519,261518,2
3353,261534,261539,261537,5
3354,261767,261769,261768,2
3355,261782,261786,261783,4
3356,261804,261807,261805,3
3357,261813,261817,261814,4
3358,261855,261859,261857,4
3359,261865,261869,261868,4
3360,261938,261942,261939,4
3361,261985,261990,261987,5
3362,262001,262006,262003,5
3363,262137,262141,262138,4
3364,262208,262212,262210,4
3365,262225,262227,262226,2
3366,262268,262271,262270,3
3367,262305,262308,262306,3
3368,262420,262425,262421,5
3369,262431,262437,262432,6
3370,262552,262555,262553,3
3371,262616,262620,262617,4
3372,262645,262649,262646,4
3373,262851,262856,262854,5
3374,263102,263104,263103,2
3375,263167,263173,263170,6
3376,263296,263298,263297,2
3377,263398,263403,263401,5
3378,263442,263446,263443,4
3379,263472,263479,263473,7
3380,263635,263641,263639,6
3381,263691,263694,263692,3
3382,263841,263845,263843,4
3383,263903,263908,263904,5
3384,263949,263951,263950,2
3385,264055,264058,264057,3
3386,264132,264135,264133,3
3387,264304,264308,264306,4
3388,264355,264357,264356,2
3389,264384,264395,264385,11
3390,264479,264483,264480,4
3391,264565,264569,264566,4
3392,264598,264603,264599,5
3393,264704,264706,264705,2
3394,264795,264799,264796,4
3395,264875,264878,264876,3
3396,264904,264911,264906,7
3397,264976,264981,264977,5
3398,265036,265040,265037,4
3399,265087,265091,265089,4
3400,265417,265421,265418,4
3401,265652,265657,265654,5
3402,265671,265673,265672,2
3403,265780,265785,265781,5
3404,265790,265793,265791,3
3405,265853,265857,265854,4
3406,266070,266074,266071,4
3407,266099,266104,266100,5
3408,266161,266165,266162,4
3409,266372,266375,266373,3
3410,266566,266569,266568,3
3411,266616,266619,266618,3
3412,266633,266635,266634,2
3413,266733,266736,266734,3
3414,266755,266758,266756,3
3415,266799,266802,266800,3
3416,266809,266811,266810,2
3417,266847,266851,266849,4
3418,266901,266904,266903,3
3419,266981,266986,266983,5
3420,266991,266996,266994,5
3421,267007,267009,267008,2
3422,267126,267129,267127,3
3423,267135,267140,267136,5
3424,267171,267174,267173,3
3425,267209,267212,267210,3
3426,267261,267265,267262,4
3427,267317,267319,267318,2
3428,267387,267389,267388,2
3429,267729,267732,267730,3
3430,267848,267854,267851,6
3431,267860,267866,267861,6
3432,268160,268163,268161,3
3433,268220,268224,268222,4
3434,268233,268235,268234,2
3435,268288,268290,268289,2
3436,268317,268322,268318,5
3437,268355,268357,268356,2
3438,268420,268423,268421,3
3439,268443,268446,268444,3
3440,268461,268465,268462,4
3441,268516,268520,268518,4
3442,268565,268569,268567,4
3443,268723,268728,268725,5
3444,268774,268776,268775,2
3445,268869,268874,268871,5
3446,268960,268965,268961,5
3447,269025,269029,269026,4
3448,269047,269052,269048,5
3449,269122,269125,269123,3
3450,269225,269228,269227,3
3451,269341,269345,269343,4
3452,269391,269394,269393,3
3453,269471,269473,269472,2
3454,269507,269511,269508,4
3455,269570,269574,269573,4
3456,269605,269610,269607,5
3457,269649,269653,269650,4
3458,269658,269663,269660,5
3459,269714,269718,269715,4
3460,269727,269729,269728,2
3461,269791,269795,269792,4
3462,269830,269832,269831,2
3463,269885,269888,269886,3
3464,270000,270004,270001,4
3465,270012,270015,270013,3
3466,270046,270049,270047,3
3467,270089,270094,270091,5
3468,270176,270180,270178,4
3469,270225,270232,270226,7
3470,270268,270270,270269,2
3471,270310,270312,270311,2
3472,270365,270368,270366,3
3473,270402,270405,270403,3
3474,270461,270463,270462,2
3475,270551,270553,270552,2
3476,270600,270604,270601,4
3477,270625,270628,270626,3
3478,270633,270637,270636,4
3479,270697,270699,270698,2
3480,270755,270757,270756,2
3481,270811,270814,270812,3
3482,270888,270891,270889,3
3483,270945,270948,270947,3
3484,271062,271065,271063,3
3485,271115,271118,271116,3
3486,271308,271313,271309,5
3487,271391,271394,271392,3
3488,271417,271420,271419,3
3489,271477,271480,271478,3
3490,271516,271520,271519,4
3491,271531,271534,271532,3
3492,271553,271556,271554,3
3493,271606,271610,271609,4
3494,271661,271664,271662,3
3495,271698,271701,271699,3
3496,271707,271711,271708,4
3497,271748,271751,271749,3
3498,271805,271808,271807,3
3499,271883,271887,271885,4
3500,271959,271961,271960,2
3501,272182,272184,272183,2
3502,272216,272218,272217,2
3503,272302,272304,272303,2
3504,272403,272405,272404,2
3505,272429,272434,272430,5
3506,272445,272447,272446,2
3507,272503,272508,272505,5
3508,272638,272640,272639,2
3509,272688,272691,272689,3
3510,272716,272719,272718,3
3511,272735,272737,272736,2
3512,272769,272788,272772,19
3513,272813,272822,272814,9
3514,272882,272886,272884,4
3515,273084,273090,273085,6
3516,273120,273123,273121,3
3517,273267,273271,273270,4
3518,273400,273403,273401,3
3519,273461,273463,273462,2
3520,273471,273477,273473,6
3521,273536,273538,273537,2
3522,273600,273602,273601,2
3523,273642,273645,273644,3
3524,273665,273668,273666,3
3525,273675,273678,273676,3
3526,273693,273695,273694,2
3527,273719,273721,273720,2
3528,273739,273743,273740,4
3529,273780,273782,273781,2
3530,273848,273851,273849,3
3531,273969,273971,273970,2
3532,273999,274001,274000,2
3533,274069,274074,274071,5
3534,274146,274150,274147,4
3535,274188,274191,274189,3
3536,274311,274316,274313,5
3537,274402,274404,274403,2
3538,274447,274450,274448,3
3539,274461,274463,274462,2
3540,274601,274604,274603,3
3541,274653,274655,274654,2
3542,274718,274721,274720,3
3543,274781,274784,274782,3
3544,274821,274824,274822,3
3545,274945,274947,274946,2
3546,274987,274989,274988,2
3547,275044,275047,275046,3
3548,275069,275073,275071,4
3549,275112,275115,275113,3
3550,275144,275146,275145,2
3551,275173,275176,275175,3
3552,275258,275263,275262,5
3553,275289,275293,275290,4
3554,275337,275339,275338,2
3555,275385,275390,275387,5
3556,275409,275413,275410,4
3557,275483,275485,275484,2
3558,275530,275532,275531,2
3559,275549,275551,275550,2
3560,275650,275652,275651,2
3561,275714,275717,275715,3
3562,275823,275827,275825,4
3563,275840,275842,275841,2
3564,275944,275946,275945,2
3565,275983,275986,275984,3
3566,276062,276065,276064,3
3567,276100,276103,276102,3
3568,276123,276127,276124,4
3569,276225,276229,276226,4
3570,276375,276379,276376,4
3571,276395,276397,276396,2
3572,276445,276448,276447,3
3573,276456,276459,276457,3
3574,276516,276518,276517,2
3575,276542,276544,276543,2
3576,276607,276609,276608,2
3577,276706,276708,276707,2
3578,276739,276741,276740,2
3579,276781,276784,276783,3
3580,276825,276828,276826,3
3581,277012,277016,277013,4
3582,277172,277176,277174,4
3583,277312,277315,277313,3
3584,277382,277384,277383,2
3585,277395,277397,277396,2
3586,277671,277673,277672,2
3587,277778,277781,277779,3
3588,277899,277903,277901,4
3589,277960,277962,277961,2
3590,277992,277998,277994,6
3591,278048,278054,278052,6
3592,278436,278440,278437,4
3593,278491,278494,278492,3
3594,278557,278560,278558,3
3595,278676,278680,278677,4
3596,278740,278743,278741,3
3597,278862,278866,278863,4
3598,278991,278996,278992,5
3599,279042,279046,279045,4
3600,279068,279073,279071,5
3601,279136,279138,279137,2
3602,279167,279172,279168,5
3603,279294,279299,279297,5
3604,279309,279313,279311,4
3605,279338,279341,279340,3
3606,279383,279388,279384,5
3607,279424,279428,279425,4
3608,279459,279462,279461,3
3609,279474,279478,279476,4
3610,279549,279554,279552,5
3611,279716,279719,279717,3
3612,279733,279736,279735,3
3613,279750,279754,279751,4
3614,279762,279766,279765,4
3615,279816,279820,279817,4
3616,279860,279862,279861,2
3617,279882,279885,279883,3
3618,279895,279897,279896,2
3619,279983,279987,279984,4
3620,280056,280059,280057,3
3621,280066,280068,280067,2
3622,280098,280101,280099,3
3623,280164,280167,280165,3
3624,280287,280290,280288,3
3625,280406,280409,280408,3
3626,280534,280537,280535,3
3627,280630,280635,280631,5
3628,280646,280648,280647,2
3629,280698,280705,280699,7
3630,280763,280769,280765,6
3631,280811,280814,280812,3
3632,280858,280862,280859,4
3633,280976,280979,280977,3
3634,280990,280992,280991,2
3635,281008,281011,281009,3
3636,281037,281041,281039,4
3637,281177,281182,281180,5
3638,281259,281261,281260,2
3639,281342,281345,281344,3
3640,281456,281460,281458,4
3641,281514,281517,281515,3
3642,281530,281534,281533,4
3643,281612,281615,281613,3
3644,281781,281783,281782,2
3645,281833,281836,281835,3
3646,282105,282107,282106,2
3647,282114,282117,282115,3
3648,282196,282199,282197,3
3649,282231,282234,282232,3
3650,282277,282280,282278,3
3651,282311,282315,282313,4
3652,282452,282455,282453,3
3653,282515,282518,282516,3
3654,282705,282730,282707,25
3655,282768,282771,282769,3
3656,282792,282798,282795,6
3657,282902,282906,282903,4
3658,282936,282941,282938,5
