,Start_blink,End_blink,Blink_frame,No_of_frames
0,11,16,13,5
1,129,135,132,6
2,148,152,149,4
3,195,199,196,4
4,239,244,243,5
5,280,286,284,6
6,342,347,344,5
7,382,385,383,3
8,452,455,453,3
9,549,552,550,3
10,628,632,629,4
11,715,719,718,4
12,954,956,955,2
13,1282,1285,1284,3
14,1429,1433,1432,4
15,1494,1496,1495,2
16,1564,1567,1565,3
17,1673,1697,1674,24
18,1736,1739,1737,3
19,1803,1808,1804,5
20,1817,1822,1820,5
21,1872,1874,1873,2
22,1899,1904,1901,5
23,2186,2188,2187,2
24,2234,2238,2235,4
25,2343,2356,2346,13
26,2437,2440,2438,3
27,2520,2524,2522,4
28,2585,2590,2588,5
29,2688,2692,2689,4
30,2741,2744,2742,3
31,2851,2855,2852,4
32,2917,2921,2918,4
33,3061,3065,3062,4
34,3197,3200,3198,3
35,3302,3308,3304,6
36,3490,3492,3491,2
37,3544,3546,3545,2
38,3601,3603,3602,2
39,3767,3771,3768,4
40,3825,3829,3827,4
41,3857,3861,3859,4
42,4082,4084,4083,2
43,4269,4273,4270,4
44,4287,4291,4288,4
45,4345,4349,4347,4
46,4577,4580,4578,3
47,4673,4677,4675,4
48,4721,4723,4722,2
49,4854,4857,4855,3
50,4947,4951,4949,4
51,5027,5031,5028,4
52,5074,5076,5075,2
53,5138,5143,5139,5
54,5260,5262,5261,2
55,5506,5509,5507,3
56,5638,5659,5640,21
57,5687,5689,5688,2
58,5793,5798,5794,5
59,5835,5845,5836,10
60,5866,5869,5867,3
61,5920,5923,5922,3
62,5939,5942,5940,3
63,5960,5963,5962,3
64,5973,5976,5974,3
65,6054,6057,6055,3
66,6073,6080,6074,7
67,6188,6193,6189,5
68,6242,6247,6243,5
69,6366,6368,6367,2
70,6401,6404,6402,3
71,6415,6417,6416,2
72,6464,6467,6465,3
73,6515,6519,6517,4
74,6566,6570,6567,4
75,6756,6759,6758,3
76,6861,6864,6862,3
77,6873,6877,6874,4
78,6960,6962,6961,2
79,6980,6983,6981,3
80,7176,7185,7177,9
81,7215,7221,7216,6
82,7234,7240,7236,6
83,7265,7267,7266,2
84,7403,7408,7406,5
85,7509,7514,7510,5
86,7728,7730,7729,2
87,7885,7889,7886,4
88,7981,7985,7983,4
89,8015,8022,8017,7
90,8073,8076,8074,3
91,8083,8089,8087,6
92,8099,8104,8100,5
93,8183,8187,8184,4
94,8222,8232,8223,10
95,8298,8300,8299,2
96,8362,8366,8363,4
97,8375,8377,8376,2
98,8468,8472,8469,4
99,8477,8482,8478,5
100,8564,8570,8567,6
101,8589,8591,8590,2
102,8625,8632,8629,7
103,8656,8660,8657,4
104,8677,8679,8678,2
105,8739,8743,8740,4
106,8798,8803,8800,5
107,8921,8924,8923,3
108,9020,9022,9021,2
109,9050,9054,9052,4
110,9154,9157,9155,3
111,9213,9215,9214,2
112,9272,9276,9274,4
113,9316,9319,9317,3
114,9394,9397,9395,3
115,9472,9475,9473,3
116,9504,9507,9505,3
117,9634,9639,9636,5
118,9664,9669,9666,5
119,9772,9775,9773,3
120,9861,9864,9862,3
121,9926,9929,9927,3
122,10004,10008,10005,4
123,10158,10162,10159,4
124,10227,10230,10229,3
125,10540,10545,10542,5
126,10679,10681,10680,2
127,10748,10750,10749,2
128,10812,10815,10813,3
129,10866,10870,10868,4
130,10999,11003,11000,4
131,11033,11036,11034,3
132,11278,11281,11279,3
133,11413,11415,11414,2
134,11424,11427,11425,3
135,11596,11600,11597,4
136,11647,11650,11648,3
137,11793,11802,11796,9
138,11857,11861,11858,4
139,11901,11905,11902,4
140,11940,11944,11941,4
141,11948,11954,11950,6
142,12025,12029,12026,4
143,12040,12042,12041,2
144,12099,12103,12100,4
145,12207,12209,12208,2
146,12250,12257,12251,7
147,12307,12310,12309,3
148,12350,12360,12354,10
149,12379,12381,12380,2
150,12394,12398,12397,4
151,12562,12565,12563,3
152,12667,12672,12671,5
153,12701,12712,12703,11
154,12783,12792,12785,9
155,12837,12840,12838,3
156,12885,12887,12886,2
157,12932,12937,12934,5
158,12950,12955,12952,5
159,12965,12974,12966,9
160,12996,13000,12998,4
161,13016,13024,13019,8
162,13097,13102,13101,5
163,13144,13149,13145,5
164,13203,13209,13204,6
165,13343,13346,13344,3
166,13382,13388,13384,6
167,13404,13406,13405,2
168,13461,13470,13462,9
169,13672,13678,13673,6
170,13687,13690,13688,3
171,13708,13712,13709,4
172,13762,13766,13763,4
173,13792,13794,13793,2
174,13804,13807,13805,3
175,13897,13901,13900,4
176,14005,14008,14006,3
177,14097,14099,14098,2
178,14140,14142,14141,2
179,14373,14377,14374,4
180,14491,14494,14492,3
181,14598,14602,14601,4
182,14610,14612,14611,2
183,14627,14631,14628,4
184,14677,14682,14678,5
185,14786,14790,14787,4
186,14928,14931,14930,3
187,14987,14991,14988,4
188,15018,15023,15019,5
189,15144,15147,15145,3
190,15182,15184,15183,2
191,15279,15281,15280,2
192,15368,15372,15369,4
193,15391,15396,15392,5
194,15457,15461,15459,4
195,15508,15512,15509,4
196,15582,15585,15584,3
197,15726,15728,15727,2
198,15823,15826,15824,3
199,16040,16045,16043,5
200,16205,16208,16206,3
201,16221,16224,16222,3
202,16404,16406,16405,2
203,16696,16701,16698,5
204,16814,16817,16816,3
205,16858,16860,16859,2
206,16969,16972,16971,3
207,17100,17103,17101,3
208,17145,17148,17146,3
209,17177,17181,17178,4
210,17291,17294,17292,3
211,17380,17384,17381,4
212,17453,17457,17454,4
213,17469,17472,17470,3
214,17490,17494,17493,4
215,17587,17591,17588,4
216,17605,17610,17608,5
217,17622,17629,17624,7
218,17733,17739,17734,6
219,17879,17882,17880,3
220,18008,18012,18009,4
221,18077,18081,18079,4
222,18179,18185,18180,6
223,18296,18299,18297,3
224,18369,18372,18371,3
225,18428,18432,18429,4
226,18591,18594,18592,3
227,18667,18669,18668,2
228,18823,18825,18824,2
229,18846,18848,18847,2
230,18961,18963,18962,2
231,19290,19294,19291,4
232,19312,19317,19314,5
233,19360,19363,19361,3
234,19432,19438,19434,6
235,19444,19448,19445,4
236,19498,19502,19499,4
237,19630,19632,19631,2
238,19670,19676,19673,6
239,19709,19711,19710,2
240,19738,19741,19739,3
241,19805,19808,19806,3
242,19841,19845,19842,4
243,19952,19955,19953,3
244,20125,20128,20126,3
245,20170,20175,20173,5
246,20276,20280,20277,4
247,20349,20352,20351,3
248,20435,20439,20436,4
249,20533,20536,20534,3
250,20592,20597,20595,5
251,20636,20641,20640,5
252,20683,20686,20684,3
253,20787,20790,20789,3
254,20831,20836,20832,5
255,20897,20902,20898,5
256,20949,20952,20950,3
257,21007,21011,21010,4
258,21077,21081,21078,4
259,21184,21190,21188,6
260,21310,21313,21312,3
261,21359,21361,21360,2
262,21432,21434,21433,2
263,21557,21560,21559,3
264,21611,21614,21612,3
265,21677,21681,21678,4
266,21729,21731,21730,2
267,21918,21922,21919,4
268,21972,21974,21973,2
269,22004,22008,22006,4
270,22105,22108,22107,3
271,22256,22261,22257,5
272,22364,22368,22365,4
273,22449,22452,22450,3
274,22527,22532,22529,5
275,22549,22553,22550,4
276,22597,22601,22599,4
277,22666,22671,22667,5
278,22716,22719,22718,3
279,22809,22811,22810,2
280,22871,22875,22873,4
281,22923,22926,22925,3
282,23000,23003,23001,3
283,23081,23084,23082,3
284,23090,23094,23092,4
285,23172,23175,23173,3
286,23234,23237,23235,3
287,23322,23325,23323,3
288,23347,23352,23348,5
289,23400,23405,23402,5
290,23439,23444,23441,5
291,23501,23506,23502,5
292,23528,23531,23529,3
293,23566,23584,23568,18
294,23610,23614,23613,4
295,23624,23628,23626,4
296,23683,23687,23684,4
297,23750,23752,23751,2
298,23773,23775,23774,2
299,23831,23834,23833,3
300,23842,23847,23844,5
301,23883,23888,23884,5
302,23918,23923,23919,5
303,23974,23978,23975,4
304,24059,24062,24061,3
305,24136,24142,24139,6
306,24192,24196,24194,4
307,24206,24211,24208,5
308,24346,24350,24349,4
309,24374,24379,24376,5
310,24384,24390,24387,6
311,24511,24515,24512,4
312,24552,24556,24553,4
313,24618,24622,24619,4
314,24750,24754,24752,4
315,24787,24792,24790,5
316,24865,24869,24866,4
317,24951,24954,24952,3
318,25103,25105,25104,2
319,25169,25172,25170,3
320,25229,25231,25230,2
321,25315,25320,25317,5
322,25345,25349,25346,4
323,25515,25517,25516,2
324,25583,25585,25584,2
325,25686,25688,25687,2
326,25758,25762,25760,4
327,25825,25827,25826,2
328,25880,25885,25882,5
329,25921,25925,25923,4
330,25979,25981,25980,2
331,26120,26122,26121,2
332,26165,26169,26168,4
333,26196,26200,26198,4
334,26243,26247,26245,4
335,26308,26312,26310,4
336,26318,26322,26320,4
337,26345,26347,26346,2
338,26395,26399,26396,4
339,26441,26444,26442,3
340,26470,26478,26472,8
341,26510,26515,26512,5
342,26577,26581,26579,4
343,26628,26632,26629,4
344,26670,26673,26671,3
345,26748,26752,26750,4
346,26787,26791,26789,4
347,26813,26815,26814,2
348,26830,26834,26831,4
349,26864,26868,26867,4
350,26932,26936,26933,4
351,27003,27007,27004,4
352,27056,27060,27057,4
353,27095,27098,27096,3
354,27144,27148,27146,4
355,27204,27208,27205,4
356,27260,27263,27262,3
357,27302,27306,27303,4
358,27330,27334,27332,4
359,27378,27386,27379,8
360,27455,27465,27457,10
361,27527,27530,27529,3
362,27573,27577,27574,4
363,27607,27610,27608,3
364,27642,27646,27644,4
365,27706,27708,27707,2
366,27829,27831,27830,2
367,27878,27882,27880,4
368,28025,28035,28026,10
369,28090,28094,28092,4
370,28142,28145,28143,3
371,28243,28248,28245,5
372,28392,28396,28393,4
373,28492,28494,28493,2
374,28536,28548,28540,12
375,28603,28606,28605,3
376,28695,28699,28697,4
377,28914,28918,28915,4
378,29000,29004,29001,4
379,29113,29117,29114,4
380,29167,29171,29168,4
381,29180,29182,29181,2
382,29232,29236,29234,4
383,29244,29249,29247,5
384,29283,29288,29284,5
385,29343,29346,29344,3
386,29416,29419,29417,3
387,29490,29494,29491,4
388,29574,29578,29575,4
389,29670,29673,29671,3
390,29681,29685,29683,4
391,29716,29720,29718,4
392,29770,29775,29772,5
393,29896,29898,29897,2
394,29929,29933,29930,4
395,30010,30014,30011,4
396,30026,30028,30027,2
397,30049,30054,30052,5
398,30094,30098,30095,4
399,30131,30136,30133,5
400,30140,30145,30142,5
401,30187,30191,30188,4
402,30239,30244,30242,5
403,30310,30312,30311,2
404,30348,30353,30350,5
405,30368,30374,30370,6
406,30433,30436,30434,3
407,30519,30523,30521,4
408,30556,30559,30557,3
409,30671,30673,30672,2
410,30728,30732,30729,4
411,30767,30770,30768,3
412,30784,30789,30785,5
413,30821,30825,30823,4
414,30870,30872,30871,2
415,31021,31023,31022,2
416,31110,31113,31111,3
417,31146,31150,31148,4
418,31197,31200,31198,3
419,31244,31248,31246,4
420,31285,31289,31286,4
421,31297,31302,31299,5
422,31421,31424,31422,3
423,31441,31444,31442,3
424,31538,31542,31540,4
425,31606,31611,31610,5
426,31625,31629,31627,4
427,31687,31691,31688,4
428,31739,31744,31741,5
429,31813,31816,31815,3
430,31868,31872,31871,4
431,31933,31936,31935,3
432,31975,31979,31977,4
433,31988,31992,31989,4
434,32089,32094,32090,5
435,32150,32155,32152,5
436,32238,32242,32239,4
437,32435,32439,32437,4
438,32466,32469,32467,3
439,32529,32533,32530,4
440,32543,32548,32545,5
441,32555,32560,32557,5
442,32606,32609,32607,3
443,32615,32621,32616,6
444,32721,32723,32722,2
445,32812,32816,32813,4
446,32867,32873,32868,6
447,32892,32894,32893,2
448,32958,32961,32960,3
449,33018,33022,33019,4
450,33116,33120,33118,4
451,33182,33186,33183,4
452,33205,33209,33207,4
453,33296,33300,33299,4
454,33315,33321,33316,6
455,33389,33393,33390,4
456,33462,33466,33465,4
457,33664,33668,33666,4
458,33738,33741,33739,3
459,33936,33940,33939,4
460,33967,33975,33969,8
461,34033,34037,34034,4
462,34099,34103,34101,4
463,34140,34143,34141,3
464,34281,34298,34284,17
465,34335,34358,34337,23
466,34376,34402,34379,26
467,34425,34427,34426,2
468,34443,34457,34444,14
469,34478,34482,34479,4
470,34487,34492,34489,5
471,34571,34574,34573,3
472,34590,34594,34591,4
473,34662,34665,34663,3
474,34680,34683,34681,3
475,34728,34732,34729,4
476,34778,34782,34780,4
477,34882,34884,34883,2
478,34915,34919,34917,4
479,34949,34956,34950,7
480,34976,34980,34977,4
481,35017,35022,35019,5
482,35083,35086,35084,3
483,35433,35439,35435,6
484,35502,35507,35503,5
485,35588,35592,35589,4
486,35629,35632,35630,3
487,35683,35688,35685,5
488,35717,35720,35719,3
489,35837,35840,35839,3
490,35923,35926,35924,3
491,36015,36019,36017,4
492,36059,36061,36060,2
493,36176,36183,36179,7
494,36235,36238,36237,3
495,36301,36304,36302,3
496,36343,36347,36345,4
497,36400,36403,36402,3
498,36487,36490,36488,3
499,36516,36520,36517,4
500,36555,36559,36556,4
501,36649,36653,36650,4
502,36694,36698,36695,4
503,36751,36755,36753,4
504,36821,36823,36822,2
505,36844,36862,36847,18
506,36913,36916,36914,3
507,36932,36937,36935,5
508,36960,36966,36961,6
509,36978,36981,36979,3
510,37049,37055,37051,6
511,37112,37116,37113,4
512,37179,37183,37180,4
513,37221,37225,37222,4
514,37278,37282,37280,4
515,37418,37423,37420,5
516,37482,37485,37483,3
517,37499,37501,37500,2
518,37547,37551,37548,4
519,37613,37619,37614,6
520,37730,37735,37732,5
521,37832,37836,37834,4
522,37914,37920,37915,6
523,37978,37985,37981,7
524,38025,38031,38026,6
525,38129,38132,38130,3
526,38224,38228,38226,4
527,38251,38255,38253,4
528,38292,38295,38294,3
529,38386,38389,38387,3
530,38534,38541,38537,7
531,38583,38588,38587,5
532,38623,38627,38626,4
533,38743,38748,38745,5
534,38844,38850,38846,6
535,38938,38941,38939,3
536,39051,39054,39052,3
537,39124,39128,39126,4
538,39184,39188,39186,4
539,39284,39290,39287,6
540,39368,39373,39369,5
541,39565,39569,39566,4
542,39683,39687,39684,4
543,39783,39788,39785,5
544,39812,39814,39813,2
545,39828,39832,39829,4
546,39849,39853,39851,4
547,39958,39961,39959,3
548,39987,40000,39989,13
549,40061,40065,40062,4
550,40273,40277,40276,4
551,40342,40345,40343,3
552,40426,40433,40429,7
553,40502,40507,40504,5
554,40733,40737,40734,4
555,40850,40855,40852,5
556,40891,40894,40892,3
557,40970,40975,40971,5
558,41027,41029,41028,2
559,41037,41041,41038,4
560,41137,41141,41140,4
561,41233,41239,41234,6
562,41410,41412,41411,2
563,41520,41522,41521,2
564,41702,41704,41703,2
565,41958,41962,41959,4
566,41999,42002,42001,3
567,42041,42044,42042,3
568,42137,42141,42139,4
569,42193,42196,42194,3
570,42277,42281,42279,4
571,42321,42323,42322,2
572,42369,42372,42370,3
573,42377,42381,42379,4
574,42490,42493,42491,3
575,42511,42517,42514,6
576,42595,42599,42596,4
577,42799,42801,42800,2
578,42859,42863,42861,4
579,42921,42925,42922,4
580,42981,42983,42982,2
581,43083,43087,43085,4
582,43135,43141,43137,6
583,43177,43182,43180,5
584,43188,43192,43190,4
585,43292,43295,43293,3
586,43358,43362,43360,4
587,43484,43488,43485,4
588,43613,43616,43614,3
589,43664,43671,43667,7
590,43723,43726,43724,3
591,43787,43790,43789,3
592,43845,43849,43847,4
593,43927,43930,43929,3
594,44011,44016,44013,5
595,44110,44114,44113,4
596,44202,44204,44203,2
597,44246,44249,44248,3
598,44260,44263,44262,3
599,44342,44345,44343,3
600,44451,44453,44452,2
601,44464,44468,44467,4
602,44581,44586,44583,5
603,44744,44748,44745,4
604,44757,44760,44758,3
605,44772,44775,44773,3
606,44824,44829,44827,5
607,44986,44990,44988,4
608,45073,45079,45076,6
609,45204,45206,45205,2
610,45278,45282,45280,4
611,45287,45290,45289,3
612,45318,45321,45319,3
613,45408,45412,45409,4
614,45496,45499,45497,3
615,45556,45558,45557,2
616,45622,45626,45623,4
617,45643,45647,45645,4
618,45678,45682,45681,4
619,45855,45859,45856,4
620,45873,45878,45875,5
621,45912,45914,45913,2
622,45987,45990,45989,3
623,46065,46068,46066,3
624,46122,46126,46123,4
625,46134,46136,46135,2
626,46168,46172,46170,4
627,46258,46261,46259,3
628,46319,46325,46322,6
629,46393,46396,46394,3
630,46436,46438,46437,2
631,46480,46484,46481,4
632,46531,46535,46533,4
633,46598,46601,46599,3
634,46622,46626,46624,4
635,46635,46639,46636,4
636,46692,46697,46695,5
637,46743,46746,46744,3
638,46783,46786,46785,3
639,46819,46824,46821,5
640,46842,46846,46844,4
641,46928,46935,46929,7
642,47131,47135,47132,4
643,47191,47195,47192,4
644,47249,47251,47250,2
645,47331,47334,47332,3
646,47379,47384,47382,5
647,47388,47393,47391,5
648,47460,47463,47461,3
649,47470,47474,47472,4
650,47543,47547,47545,4
651,47664,47668,47666,4
652,47853,47857,47854,4
653,47967,47971,47970,4
654,47976,47980,47979,4
655,48171,48176,48173,5
656,48254,48258,48256,4
657,48306,48312,48308,6
658,48343,48348,48345,5
659,48504,48508,48506,4
660,48530,48534,48532,4
661,48577,48581,48579,4
662,48610,48615,48613,5
663,48721,48724,48722,3
664,48730,48734,48732,4
665,48765,48769,48767,4
666,48778,48783,48780,5
667,48814,48819,48817,5
668,48829,48834,48830,5
669,48868,48872,48870,4
670,48945,48950,48947,5
671,49064,49068,49067,4
672,49109,49112,49110,3
673,49264,49269,49266,5
674,49300,49305,49302,5
675,49344,49351,49345,7
676,49384,49389,49387,5
677,49397,49400,49398,3
678,49433,49438,49436,5
679,49447,49452,49448,5
680,49517,49522,49519,5
681,49614,49618,49615,4
682,49676,49681,49677,5
683,49718,49725,49719,7
684,49755,49761,49758,6
685,49804,49808,49805,4
686,50034,50039,50035,5
687,50149,50154,50150,5
688,50313,50317,50315,4
689,50354,50360,50357,6
690,50441,50447,50443,6
691,51024,51026,51025,2
692,51045,51048,51046,3
693,51096,51099,51097,3
694,51114,51118,51115,4
695,51148,51152,51149,4
696,51168,51175,51171,7
697,51260,51263,51261,3
698,51275,51279,51277,4
699,51297,51310,51301,13
700,51324,51355,51325,31
701,51391,51395,51393,4
702,51437,51441,51439,4
703,51490,51492,51491,2
704,51537,51556,51538,19
705,51571,51586,51574,15
706,51657,51661,51658,4
707,51766,51769,51767,3
708,51786,51790,51787,4
709,51833,51837,51834,4
710,51897,51900,51898,3
711,51904,51910,51907,6
712,51952,51956,51954,4
713,51984,51988,51985,4
714,52060,52064,52062,4
715,52133,52138,52136,5
716,52224,52227,52226,3
717,52240,52245,52243,5
718,52282,52287,52285,5
719,52417,52425,52419,8
720,52437,52442,52439,5
721,52479,52487,52481,8
722,52530,52533,52531,3
723,52551,52556,52552,5
724,52633,52636,52635,3
725,52768,52773,52769,5
726,52805,52810,52807,5
727,52842,52847,52844,5
728,52871,52876,52873,5
729,52944,52948,52945,4
730,52957,52963,52959,6
731,53026,53029,53027,3
732,53089,53093,53090,4
733,53152,53156,53153,4
734,53238,53243,53239,5
735,53309,53314,53312,5
736,53398,53402,53399,4
737,53487,53492,53488,5
738,53572,53576,53574,4
739,53653,53658,53656,5
740,53734,53737,53735,3
741,53834,53837,53836,3
742,53891,53894,53893,3
743,53951,53954,53953,3
744,54001,54005,54002,4
745,54062,54069,54063,7
746,54144,54149,54145,5
747,54286,54290,54289,4
748,54302,54318,54304,16
749,54366,54369,54367,3
750,54459,54462,54460,3
751,54546,54552,54550,6
752,54605,54610,54608,5
753,54660,54665,54661,5
754,54724,54729,54725,5
755,54854,54857,54855,3
756,54910,54914,54912,4
757,54928,54932,54929,4
758,54994,54997,54996,3
759,55073,55076,55075,3
760,55129,55133,55131,4
761,55139,55142,55140,3
762,55296,55300,55297,4
763,55307,55312,55309,5
764,55411,55416,55413,5
765,55717,55721,55718,4
766,55727,55732,55730,5
767,55781,55785,55782,4
768,55790,55794,55792,4
769,55861,55863,55862,2
770,55921,55925,55922,4
771,55933,55935,55934,2
772,56021,56024,56022,3
773,56142,56145,56144,3
774,56216,56221,56218,5
775,56304,56308,56306,4
776,56353,56356,56355,3
777,56389,56394,56390,5
778,56504,56507,56506,3
779,56574,56576,56575,2
780,56603,56606,56604,3
781,56613,56617,56616,4
782,56651,56655,56652,4
783,56663,56667,56666,4
784,56927,56930,56928,3
785,56963,56966,56965,3
786,57042,57045,57043,3
787,57150,57154,57152,4
788,57243,57247,57244,4
789,57284,57286,57285,2
790,57367,57369,57368,2
791,57496,57498,57497,2
792,57543,57547,57544,4
793,57624,57627,57625,3
794,57658,57662,57660,4
795,57751,57753,57752,2
796,57854,57858,57855,4
797,57900,57903,57901,3
798,57965,57968,57966,3
799,57981,57984,57983,3
800,58078,58081,58079,3
801,58170,58174,58171,4
802,58261,58265,58262,4
803,58336,58339,58338,3
804,58367,58369,58368,2
805,58547,58551,58549,4
806,58559,58561,58560,2
807,58745,58747,58746,2
808,58842,58846,58844,4
809,59049,59052,59050,3
810,59088,59091,59089,3
811,59147,59149,59148,2
812,59181,59185,59183,4
813,59283,59285,59284,2
814,59414,59417,59415,3
815,59425,59428,59426,3
816,59658,59662,59659,4
817,59745,59748,59746,3
818,59780,59786,59784,6
819,59904,59906,59905,2
820,59962,59967,59964,5
821,60158,60162,60161,4
822,60258,60263,60259,5
823,60319,60323,60322,4
824,60449,60452,60450,3
825,60490,60494,60492,4
826,60545,60549,60546,4
827,60643,60647,60644,4
828,60653,60658,60657,5
829,60808,60811,60809,3
830,60977,60980,60978,3
831,61082,61085,61083,3
832,61092,61095,61093,3
833,61348,61352,61349,4
834,61538,61542,61540,4
835,61647,61651,61648,4
836,61727,61731,61729,4
837,61742,61745,61743,3
838,61911,61914,61912,3
839,62230,62232,62231,2
840,62294,62298,62295,4
841,62457,62463,62459,6
842,62605,62609,62606,4
843,62668,62672,62669,4
844,62813,62816,62814,3
845,62904,62908,62906,4
846,62919,62923,62921,4
847,63037,63040,63038,3
848,63126,63129,63128,3
849,63203,63207,63205,4
850,63282,63286,63283,4
851,63346,63348,63347,2
852,63371,63374,63373,3
853,63424,63427,63425,3
854,63636,63641,63639,5
855,63675,63680,63679,5
856,63764,63767,63765,3
857,64117,64122,64120,5
858,64219,64222,64220,3
859,64288,64293,64289,5
860,64299,64303,64301,4
861,64361,64364,64362,3
862,64415,64419,64416,4
863,64484,64487,64485,3
864,64511,64516,64514,5
865,64563,64567,64565,4
866,64670,64674,64671,4
867,64756,64758,64757,2
868,64881,64885,64882,4
869,65063,65066,65064,3
870,65162,65165,65163,3
871,65234,65237,65236,3
872,65350,65357,65354,7
873,65376,65383,65378,7
874,65440,65444,65441,4
875,65481,65484,65482,3
876,65524,65534,65528,10
877,65561,65566,65562,5
878,65606,65609,65607,3
879,65618,65622,65620,4
880,65722,65734,65725,12
881,65787,65792,65788,5
882,65839,65844,65841,5
883,65937,65946,65938,9
884,65947,65949,65947,2
885,65967,65972,65968,5
886,66038,66045,66039,7
887,66106,66111,66107,5
888,66141,66145,66142,4
889,66232,66235,66233,3
890,66329,66332,66330,3
891,66353,66357,66355,4
892,66415,66419,66416,4
893,66451,66454,66452,3
894,66522,66526,66523,4
895,66555,66559,66557,4
896,66613,66617,66614,4
897,66634,66638,66635,4
898,66696,66701,66698,5
899,66756,66761,66757,5
900,66844,66849,66845,5
901,66881,66889,66885,8
902,66952,66959,66954,7
903,67001,67007,67002,6
904,67058,67066,67060,8
905,67078,67087,67080,9
906,67094,67098,67095,4
907,67178,67181,67180,3
908,67231,67235,67232,4
909,67301,67305,67304,4
910,67379,67384,67382,5
911,67460,67465,67463,5
912,67606,67609,67607,3
913,67648,67652,67649,4
914,67694,67697,67696,3
915,67721,67725,67724,4
916,67772,67776,67774,4
917,67857,67862,67860,5
918,67945,67949,67947,4
919,67996,68002,67998,6
920,68056,68060,68058,4
921,68105,68116,68106,11
922,68280,68283,68281,3
923,68337,68341,68340,4
924,68426,68430,68428,4
925,68528,68533,68530,5
926,68627,68634,68631,7
927,68722,68728,68725,6
928,68795,68801,68797,6
929,68981,68984,68982,3
930,69174,69198,69177,24
931,69217,69222,69219,5
932,69292,69294,69293,2
933,69395,69398,69396,3
934,69406,69409,69407,3
935,69474,69488,69477,14
936,69524,69529,69525,5
937,69559,69562,69561,3
938,69607,69610,69608,3
939,69635,69638,69636,3
940,69725,69729,69726,4
941,69753,69759,69757,6
942,69779,69782,69781,3
943,69881,69885,69883,4
944,70096,70098,70097,2
945,70118,70121,70120,3
946,70253,70255,70254,2
947,70324,70327,70325,3
948,70408,70411,70409,3
949,70427,70431,70428,4
950,70473,70477,70476,4
951,70584,70588,70586,4
952,70673,70679,70674,6
953,70789,70792,70790,3
954,70830,70833,70831,3
955,70841,70845,70842,4
956,70858,70863,70859,5
957,70869,70874,70871,5
958,71003,71006,71004,3
959,71051,71055,71052,4
960,71063,71069,71066,6
961,71099,71104,71101,5
962,71188,71191,71189,3
963,71310,71312,71311,2
964,71410,71412,71411,2
965,71601,71603,71602,2
966,71690,71692,71691,2
967,71714,71723,71715,9
968,71769,71773,71770,4
969,71869,71871,71870,2
970,71943,71946,71945,3
971,71963,71967,71964,4
972,72013,72020,72016,7
973,72086,72089,72087,3
974,72096,72100,72098,4
975,72155,72161,72157,6
976,72239,72245,72241,6
977,72271,72277,72273,6
978,72322,72328,72324,6
979,72396,72398,72397,2
980,72490,72499,72493,9
981,72528,72535,72530,7
982,72552,72557,72555,5
983,72613,72628,72616,15
984,72671,72675,72673,4
985,72715,72719,72717,4
986,72735,72739,72737,4
987,72798,72803,72801,5
988,72917,72920,72918,3
989,72949,72953,72950,4
990,72958,72962,72960,4
991,72998,73000,72999,2
992,73106,73112,73108,6
993,73163,73167,73164,4
994,73223,73231,73224,8
995,73363,73369,73365,6
996,73413,73421,73416,8
997,73568,73575,73571,7
998,73631,73634,73632,3
999,73701,73705,73703,4
1000,73996,73999,73997,3
1001,74092,74099,74093,7
1002,74177,74182,74178,5
1003,74379,74383,74380,4
1004,74542,74545,74543,3
1005,74549,74554,74552,5
1006,74741,74746,74744,5
1007,74825,74830,74827,5
1008,74926,74938,74929,12
1009,74967,74982,74968,15
1010,75054,75057,75055,3
1011,75085,75089,75087,4
1012,75144,75146,75145,2
1013,75192,75196,75194,4
1014,75201,75205,75203,4
1015,75312,75317,75314,5
1016,75359,75361,75360,2
1017,75367,75370,75369,3
1018,75398,75402,75401,4
1019,75490,75494,75493,4
1020,75509,75511,75510,2
1021,75563,75567,75564,4
1022,75646,75650,75649,4
1023,75667,75670,75668,3
1024,75703,75705,75704,2
1025,75779,75781,75780,2
1026,75818,75821,75819,3
1027,75871,75876,75872,5
1028,75902,75906,75903,4
1029,76069,76072,76070,3
1030,76097,76107,76098,10
1031,76140,76146,76143,6
1032,76212,76215,76214,3
1033,76284,76289,76287,5
1034,76311,76318,76313,7
1035,76325,76330,76327,5
1036,76363,76367,76364,4
1037,76439,76444,76442,5
1038,76523,76527,76525,4
1039,76687,76691,76688,4
1040,76700,76704,76701,4
1041,76762,76767,76765,5
1042,76894,76897,76895,3
1043,76956,76960,76958,4
1044,77020,77025,77023,5
1045,77144,77149,77146,5
1046,77181,77183,77182,2
1047,77231,77236,77233,5
1048,77280,77282,77281,2
1049,77294,77303,77296,9
1050,77500,77502,77501,2
1051,77517,77522,77519,5
1052,77534,77539,77536,5
1053,77545,77550,77547,5
1054,77570,77572,77571,2
1055,77610,77615,77612,5
1056,77638,77642,77640,4
1057,77700,77704,77702,4
1058,77748,77753,77752,5
1059,77808,77813,77809,5
1060,77818,77822,77819,4
1061,77834,77838,77836,4
1062,78011,78016,78013,5
1063,78104,78107,78105,3
1064,78187,78190,78188,3
1065,78214,78218,78216,4
1066,78251,78255,78252,4
1067,78312,78316,78313,4
1068,78362,78365,78363,3
1069,78387,78391,78389,4
1070,78534,78538,78536,4
1071,78557,78561,78558,4
1072,78568,78572,78570,4
1073,78678,78682,78681,4
1074,78691,78694,78692,3
1075,78776,78779,78777,3
1076,78815,78818,78816,3
1077,78876,78881,78877,5
1078,78955,78959,78956,4
1079,78969,78974,78971,5
1080,79022,79024,79023,2
1081,79075,79077,79076,2
1082,79155,79159,79156,4
1083,79253,79255,79254,2
1084,79282,79286,79285,4
1085,79514,79518,79516,4
1086,79841,79844,79842,3
1087,79876,79880,79878,4
1088,80377,80379,80378,2
1089,80435,80437,80436,2
1090,80479,80484,80482,5
1091,80490,80492,80491,2
1092,80576,80578,80577,2
1093,80886,80889,80887,3
1094,81057,81060,81058,3
1095,81145,81148,81146,3
1096,81258,81263,81259,5
1097,81273,81278,81274,5
1098,81356,81361,81357,5
1099,81367,81371,81369,4
1100,81450,81453,81452,3
1101,81578,81582,81580,4
1102,81645,81648,81646,3
1103,81763,81766,81764,3
1104,81902,81904,81903,2
1105,81922,81927,81923,5
1106,82031,82034,82032,3
1107,82118,82123,82120,5
1108,82156,82160,82157,4
1109,82202,82206,82204,4
1110,82237,82240,82238,3
1111,82249,82253,82251,4
1112,82299,82304,82301,5
1113,82479,82481,82480,2
1114,82558,82561,82559,3
1115,82617,82621,82618,4
1116,82656,82660,82658,4
1117,82725,82730,82726,5
1118,82814,82818,82815,4
1119,82929,82931,82930,2
1120,82979,82982,82980,3
1121,83042,83044,83043,2
1122,83149,83154,83151,5
1123,83164,83168,83166,4
1124,83269,83274,83272,5
1125,83386,83388,83387,2
1126,83514,83516,83515,2
1127,83590,83594,83593,4
1128,83699,83702,83700,3
1129,83872,83875,83873,3
1130,83990,83996,83992,6
1131,84160,84165,84161,5
1132,84300,84303,84301,3
1133,84359,84363,84361,4
1134,84496,84502,84498,6
1135,84533,84538,84534,5
1136,84640,84644,84641,4
1137,84693,84695,84694,2
1138,84779,84783,84780,4
1139,84788,84792,84791,4
1140,84856,84859,84857,3
1141,84996,84998,84997,2
1142,85083,85086,85084,3
1143,85131,85135,85133,4
1144,85280,85282,85281,2
1145,85445,85447,85446,2
1146,85664,85675,85668,11
1147,86064,86068,86065,4
1148,86205,86207,86206,2
1149,86340,86346,86343,6
1150,86383,86390,86385,7
1151,86550,86554,86551,4
1152,86625,86629,86627,4
1153,86665,86670,86667,5
1154,86707,86712,86709,5
1155,86768,86773,86770,5
1156,86825,86830,86827,5
1157,86983,86993,86987,10
1158,87004,87007,87005,3
1159,87036,87047,87039,11
1160,87093,87097,87095,4
1161,87165,87167,87166,2
1162,87356,87359,87357,3
1163,87486,87489,87487,3
1164,87496,87499,87497,3
1165,87536,87540,87538,4
1166,87569,87571,87570,2
1167,87754,87758,87755,4
1168,87817,87820,87818,3
1169,87889,87891,87890,2
1170,87967,87970,87969,3
1171,88046,88049,88047,3
1172,88153,88155,88154,2
1173,88245,88248,88246,3
1174,88333,88336,88334,3
1175,88382,88385,88383,3
1176,88408,88410,88409,2
1177,88517,88519,88518,2
1178,88570,88572,88571,2
1179,88639,88642,88640,3
1180,88805,88807,88806,2
1181,88872,88874,88873,2
1182,88896,88899,88897,3
1183,88956,88958,88957,2
1184,88982,88984,88983,2
1185,89011,89014,89012,3
1186,89202,89205,89203,3
1187,89284,89286,89285,2
1188,89338,89342,89339,4
1189,89389,89392,89390,3
1190,89447,89450,89449,3
1191,89699,89701,89700,2
1192,89756,89759,89758,3
1193,89884,89886,89885,2
1194,90334,90337,90335,3
1195,90857,90861,90858,4
1196,90985,90989,90986,4
1197,91044,91047,91045,3
1198,91151,91154,91152,3
1199,91160,91165,91163,5
1200,91198,91200,91199,2
1201,91303,91306,91305,3
1202,91371,91374,91372,3
1203,91393,91396,91394,3
1204,91487,91491,91488,4
1205,91616,91620,91618,4
1206,91731,91735,91734,4
1207,91834,91836,91835,2
1208,91940,91942,91941,2
1209,91970,91972,91971,2
1210,92014,92020,92016,6
1211,92097,92102,92100,5
1212,92122,92126,92124,4
1213,92455,92458,92457,3
1214,92474,92477,92475,3
1215,92740,92751,92742,11
1216,92812,92817,92814,5
1217,92872,92875,92873,3
1218,92930,92933,92931,3
1219,93015,93020,93016,5
1220,93097,93101,93099,4
1221,93224,93226,93225,2
1222,93294,93298,93295,4
1223,93354,93359,93357,5
1224,93393,93396,93395,3
1225,93403,93409,93404,6
1226,93518,93522,93519,4
1227,93559,93564,93561,5
1228,93587,93590,93589,3
1229,93670,93675,93673,5
1230,93730,93737,93732,7
1231,93808,93812,93809,4
1232,93873,93876,93875,3
1233,93975,93981,93977,6
1234,94051,94053,94052,2
1235,94142,94147,94144,5
1236,94309,94313,94310,4
1237,94319,94322,94321,3
1238,94436,94439,94437,3
1239,94565,94568,94566,3
1240,94599,94604,94601,5
1241,94652,94656,94654,4
1242,94707,94712,94709,5
1243,94797,94800,94798,3
1244,94850,94854,94852,4
1245,94874,94878,94877,4
1246,94957,94962,94958,5
1247,95062,95066,95064,4
1248,95133,95137,95134,4
1249,95159,95163,95160,4
1250,95545,95548,95546,3
1251,95708,95711,95709,3
1252,96119,96123,96121,4
1253,96221,96226,96222,5
1254,96300,96303,96301,3
1255,96343,96346,96344,3
1256,96474,96478,96476,4
1257,96558,96564,96560,6
1258,96611,96616,96612,5
1259,96717,96720,96718,3
1260,96769,96771,96770,2
1261,96795,96800,96797,5
1262,96829,96835,96833,6
1263,97064,97069,97067,5
1264,97096,97101,97098,5
1265,97137,97140,97139,3
1266,97198,97201,97199,3
1267,97371,97376,97373,5
1268,97448,97450,97449,2
1269,97488,97491,97489,3
1270,97568,97573,97570,5
1271,97582,97585,97583,3
1272,97616,97621,97618,5
1273,97624,97628,97627,4
1274,97725,97731,97727,6
1275,97822,97825,97824,3
1276,97908,97917,97910,9
1277,97995,97999,97996,4
1278,98080,98085,98081,5
1279,98127,98133,98129,6
1280,98228,98234,98230,6
1281,98326,98332,98327,6
1282,98335,98340,98336,5
1283,98435,98438,98436,3
1284,98643,98647,98644,4
1285,98731,98734,98732,3
1286,98776,98779,98778,3
1287,98860,98864,98862,4
1288,98957,98960,98958,3
1289,99206,99210,99207,4
1290,99453,99458,99454,5
1291,99677,99679,99678,2
1292,100092,100097,100093,5
1293,100126,100134,100127,8
1294,100388,100392,100390,4
1295,100547,100549,100548,2
1296,100815,100820,100817,5
1297,100855,100859,100857,4
1298,100878,100884,100879,6
1299,101186,101190,101188,4
1300,101265,101269,101266,4
1301,101463,101465,101464,2
1302,101567,101572,101568,5
1303,101640,101645,101643,5
1304,101678,101683,101681,5
1305,101796,101800,101798,4
1306,101946,101949,101947,3
1307,102061,102065,102062,4
1308,102070,102074,102071,4
1309,102200,102205,102203,5
1310,102222,102229,102224,7
1311,102345,102349,102346,4
1312,102421,102423,102422,2
1313,102450,102453,102451,3
1314,102579,102581,102580,2
1315,102660,102665,102663,5
1316,102705,102710,102708,5
1317,102738,102743,102739,5
1318,102930,102934,102932,4
1319,102945,102950,102946,5
1320,102984,102991,102985,7
1321,103319,103324,103321,5
1322,103390,103394,103392,4
1323,103667,103670,103669,3
1324,103800,103804,103801,4
1325,103877,103880,103878,3
1326,104365,104368,104366,3
1327,104473,104476,104474,3
1328,104510,104514,104513,4
1329,104632,104635,104634,3
1330,104676,104679,104678,3
1331,104827,104830,104828,3
1332,104873,104877,104874,4
1333,104998,105002,104999,4
1334,105092,105096,105094,4
1335,105302,105306,105303,4
1336,105310,105314,105312,4
1337,105406,105409,105407,3
1338,105564,105566,105565,2
1339,105637,105640,105638,3
1340,105756,105760,105757,4
1341,105873,105877,105875,4
1342,105885,105888,105887,3
1343,106042,106046,106043,4
1344,106155,106157,106156,2
1345,106224,106227,106225,3
1346,106284,106289,106287,5
1347,106296,106303,106297,7
1348,106403,106406,106405,3
1349,106472,106475,106473,3
1350,106530,106533,106532,3
1351,106582,106586,106584,4
1352,106593,106597,106595,4
1353,106667,106670,106668,3
1354,106705,106709,106706,4
1355,106766,106769,106767,3
1356,106879,106885,106881,6
1357,106931,106937,106933,6
1358,107101,107111,107105,10
1359,107145,107155,107146,10
1360,107213,107217,107214,4
1361,107239,107242,107240,3
1362,107308,107311,107309,3
1363,107321,107326,107323,5
1364,107429,107431,107430,2
1365,107482,107485,107483,3
1366,107530,107534,107531,4
1367,107594,107598,107595,4
1368,107658,107662,107660,4
1369,107670,107676,107672,6
1370,107680,107687,107681,7
1371,107749,107753,107750,4
1372,107799,107805,107802,6
1373,107891,107895,107894,4
1374,107999,108003,108001,4
1375,108118,108121,108120,3
1376,108193,108198,108196,5
1377,108248,108252,108249,4
1378,108313,108317,108315,4
1379,108376,108381,108377,5
1380,108610,108614,108611,4
1381,108953,108955,108954,2
1382,109050,109054,109052,4
1383,109094,109099,109096,5
1384,109447,109450,109448,3
1385,109537,109540,109538,3
1386,109587,109593,109588,6
1387,109664,109667,109666,3
1388,109683,109686,109684,3
1389,109759,109762,109760,3
1390,109835,109838,109836,3
1391,110122,110124,110123,2
1392,110220,110225,110222,5
1393,110230,110235,110233,5
1394,110275,110281,110276,6
1395,110296,110300,110297,4
1396,110407,110411,110409,4
1397,110432,110434,110433,2
1398,110447,110450,110448,3
1399,110521,110524,110523,3
1400,110639,110643,110640,4
1401,110691,110694,110692,3
1402,110703,110707,110706,4
1403,110758,110762,110760,4
1404,110937,110942,110938,5
1405,110979,110982,110980,3
1406,111348,111353,111349,5
1407,111388,111393,111389,5
1408,111472,111478,111476,6
1409,111497,111504,111500,7
1410,111582,111586,111584,4
1411,111609,111613,111612,4
1412,111662,111668,111665,6
1413,111775,111781,111778,6
1414,111961,111966,111963,5
1415,112043,112046,112045,3
1416,112098,112102,112099,4
1417,112110,112113,112111,3
1418,112275,112278,112276,3
1419,112372,112377,112374,5
1420,112445,112450,112447,5
1421,112532,112535,112533,3
1422,112671,112675,112672,4
1423,112687,112690,112688,3
1424,112779,112791,112780,12
1425,112799,112805,112801,6
1426,112813,112818,112814,5
1427,113041,113045,113043,4
1428,113138,113142,113139,4
1429,113216,113220,113217,4
1430,113290,113292,113291,2
1431,113427,113430,113428,3
1432,113495,113498,113496,3
1433,113541,113544,113542,3
1434,113567,113571,113569,4
1435,114046,114049,114047,3
1436,114099,114102,114100,3
1437,114127,114131,114128,4
1438,114189,114193,114192,4
1439,114283,114288,114286,5
1440,114388,114391,114389,3
1441,114410,114414,114411,4
1442,114458,114462,114459,4
1443,114553,114557,114554,4
1444,114587,114591,114589,4
1445,114639,114642,114640,3
1446,114656,114660,114658,4
1447,114708,114711,114710,3
1448,114823,114825,114824,2
1449,114965,114968,114966,3
1450,115030,115034,115032,4
1451,115042,115045,115043,3
1452,115076,115079,115077,3
1453,115140,115142,115141,2
1454,115184,115188,115185,4
1455,115192,115197,115194,5
1456,115309,115311,115310,2
1457,115410,115413,115411,3
1458,115421,115424,115423,3
1459,115584,115588,115586,4
1460,115659,115662,115660,3
1461,115705,115708,115706,3
1462,115740,115744,115741,4
1463,115835,115839,115837,4
1464,116115,116119,116116,4
1465,116128,116133,116131,5
1466,116180,116183,116181,3
1467,116466,116469,116467,3
1468,116604,116609,116605,5
1469,116700,116703,116701,3
1470,116857,116860,116858,3
1471,116899,116904,116900,5
1472,116928,116932,116929,4
1473,116965,116969,116966,4
1474,117012,117016,117014,4
1475,117260,117263,117261,3
1476,117723,117727,117725,4
1477,117832,117836,117835,4
1478,118140,118142,118141,2
1479,118240,118247,118241,7
1480,118319,118323,118320,4
1481,118362,118365,118364,3
1482,118461,118465,118463,4
1483,118673,118676,118674,3
1484,118835,118838,118837,3
1485,118948,118950,118949,2
1486,118971,118974,118972,3
1487,118987,118991,118988,4
1488,119032,119036,119033,4
1489,119095,119099,119097,4
1490,119135,119141,119138,6
1491,119154,119156,119155,2
1492,119227,119232,119229,5
1493,119390,119392,119391,2
1494,119405,119409,119406,4
1495,119500,119503,119501,3
1496,119592,119595,119593,3
1497,119675,119678,119676,3
1498,119889,119892,119890,3
1499,120083,120086,120085,3
1500,120233,120237,120234,4
1501,120276,120278,120277,2
1502,120359,120362,120360,3
1503,120550,120554,120551,4
1504,120656,120658,120657,2
1505,120865,120867,120866,2
1506,120988,120991,120989,3
1507,120998,121001,120999,3
1508,121071,121075,121073,4
1509,121142,121147,121143,5
1510,121165,121169,121166,4
1511,121236,121240,121238,4
1512,121294,121298,121295,4
1513,121356,121360,121358,4
1514,121434,121438,121435,4
1515,121606,121610,121607,4
1516,121738,121742,121739,4
1517,121770,121773,121772,3
1518,121849,121853,121851,4
1519,122027,122031,122028,4
1520,122072,122076,122073,4
1521,122242,122246,122245,4
1522,122343,122347,122345,4
1523,122555,122558,122556,3
1524,122752,122754,122753,2
1525,122919,122922,122920,3
1526,123340,123343,123342,3
1527,123387,123389,123388,2
1528,123409,123413,123411,4
1529,123475,123479,123476,4
1530,123508,123513,123510,5
1531,123570,123574,123571,4
1532,123609,123612,123611,3
1533,123772,123775,123773,3
1534,123882,123885,123884,3
1535,123953,123956,123955,3
1536,124076,124079,124077,3
1537,124213,124216,124214,3
1538,124317,124320,124318,3
1539,124326,124328,124327,2
1540,124557,124559,124558,2
1541,124661,124664,124663,3
1542,124707,124710,124708,3
1543,124720,124724,124723,4
1544,124808,124811,124809,3
1545,124839,124842,124841,3
1546,124902,124905,124903,3
1547,124962,124966,124963,4
1548,125021,125023,125022,2
1549,125189,125192,125190,3
1550,125272,125275,125273,3
1551,125314,125317,125315,3
1552,125350,125354,125352,4
1553,125420,125425,125422,5
1554,125820,125822,125821,2
1555,126047,126051,126049,4
1556,126133,126136,126134,3
1557,126178,126182,126180,4
1558,126300,126304,126303,4
1559,126316,126320,126318,4
1560,126351,126356,126352,5
1561,126398,126402,126399,4
1562,126476,126481,126479,5
1563,126523,126526,126524,3
1564,126636,126638,126637,2
1565,126689,126691,126690,2
1566,126700,126704,126703,4
1567,126788,126790,126789,2
1568,126843,126846,126844,3
1569,126872,126876,126874,4
1570,126882,126893,126885,11
1571,126957,126972,126959,15
1572,127015,127018,127016,3
1573,127049,127053,127051,4
1574,127082,127085,127084,3
1575,127336,127339,127338,3
1576,127525,127528,127526,3
1577,127535,127537,127536,2
1578,127620,127623,127621,3
1579,127688,127690,127689,2
1580,127698,127701,127699,3
1581,127741,127744,127742,3
1582,127801,127803,127802,2
1583,127873,127876,127874,3
1584,128279,128281,128280,2
1585,128815,128817,128816,2
1586,129104,129107,129105,3
1587,129174,129176,129175,2
1588,129260,129262,129261,2
1589,129444,129447,129446,3
1590,129500,129502,129501,2
1591,129607,129611,129608,4
1592,129820,129823,129821,3
1593,130232,130235,130234,3
1594,130243,130247,130245,4
1595,130321,130324,130322,3
1596,130351,130355,130352,4
1597,130416,130419,130417,3
1598,130427,130429,130428,2
1599,130490,130494,130491,4
1600,130498,130504,130501,6
1601,130560,130566,130563,6
1602,130606,130609,130607,3
1603,130648,130652,130649,4
1604,130706,130710,130707,4
1605,130802,130805,130803,3
1606,130851,130855,130852,4
1607,130881,130884,130882,3
1608,131219,131224,131221,5
1609,131273,131276,131274,3
1610,131348,131358,131349,10
1611,131401,131408,131403,7
1612,131465,131468,131467,3
1613,131543,131546,131544,3
1614,131574,131580,131578,6
1615,131599,131603,131600,4
1616,131660,131663,131661,3
1617,131711,131715,131712,4
1618,131723,131728,131726,5
1619,132007,132009,132008,2
1620,132085,132090,132087,5
1621,132206,132209,132207,3
1622,132805,132807,132806,2
1623,132869,132871,132870,2
1624,132977,132979,132978,2
1625,133115,133118,133116,3
1626,133176,133180,133179,4
1627,133218,133222,133219,4
1628,133227,133229,133228,2
1629,133279,133282,133280,3
1630,133359,133361,133360,2
1631,133415,133419,133416,4
1632,133464,133468,133467,4
1633,133576,133580,133578,4
1634,133628,133631,133629,3
1635,133685,133689,133687,4
1636,133749,133753,133750,4
1637,133945,133948,133946,3
1638,134157,134163,134160,6
1639,134370,134374,134372,4
1640,134394,134398,134396,4
1641,134444,134451,134448,7
1642,134489,134514,134490,25
1643,134614,134618,134615,4
1644,134681,134683,134682,2
1645,134808,134811,134809,3
1646,134852,134856,134855,4
1647,134864,134868,134866,4
1648,134930,134935,134933,5
1649,134979,134987,134981,8
1650,135282,135287,135285,5
1651,135341,135344,135342,3
1652,135502,135505,135504,3
1653,135687,135691,135688,4
1654,135723,135727,135725,4
1655,135831,135835,135832,4
1656,135861,135864,135862,3
1657,135910,135914,135912,4
1658,136041,136045,136043,4
1659,136169,136172,136170,3
1660,136335,136340,136337,5
1661,136482,136485,136484,3
1662,136529,136531,136530,2
1663,136555,136560,136558,5
1664,136712,136714,136713,2
1665,136786,136788,136787,2
1666,136861,136863,136862,2
1667,137006,137011,137008,5
1668,137062,137066,137063,4
1669,137071,137076,137072,5
1670,137221,137224,137222,3
1671,137303,137308,137305,5
1672,137332,137336,137334,4
1673,137398,137402,137400,4
1674,137543,137545,137544,2
1675,137579,137585,137580,6
1676,137768,137772,137769,4
1677,137840,137842,137841,2
1678,137886,137892,137888,6
1679,137933,137937,137934,4
1680,137993,137995,137994,2
1681,138201,138204,138202,3
1682,138239,138242,138241,3
1683,138309,138315,138310,6
1684,138341,138344,138343,3
1685,138477,138479,138478,2
1686,138581,138585,138583,4
1687,138651,138656,138652,5
1688,138775,138779,138778,4
1689,139028,139033,139029,5
1690,139076,139080,139078,4
1691,139134,139137,139135,3
1692,139289,139291,139290,2
1693,139392,139396,139394,4
1694,139435,139437,139436,2
1695,139532,139536,139534,4
1696,139903,139906,139904,3
1697,139953,139958,139954,5
1698,140114,140117,140115,3
1699,140173,140176,140174,3
1700,140229,140234,140231,5
1701,140339,140342,140340,3
1702,140378,140382,140380,4
1703,140490,140497,140491,7
1704,140514,140519,140516,5
1705,140578,140580,140579,2
1706,140611,140613,140612,2
1707,140620,140623,140621,3
1708,140704,140707,140706,3
1709,140735,140740,140737,5
1710,140827,140830,140829,3
1711,140923,140928,140925,5
1712,140940,140944,140942,4
1713,140985,140990,140987,5
1714,141035,141038,141037,3
1715,141116,141121,141119,5
1716,141155,141158,141156,3
1717,141190,141194,141192,4
1718,141240,141243,141242,3
1719,141481,141483,141482,2
1720,141817,141830,141819,13
1721,141859,141863,141860,4
1722,141886,141889,141887,3
1723,141967,141974,141971,7
1724,142058,142062,142059,4
1725,142114,142117,142115,3
1726,142128,142132,142131,4
1727,142192,142196,142194,4
1728,142229,142232,142230,3
1729,142697,142701,142698,4
1730,142976,142978,142977,2
1731,143130,143134,143132,4
1732,143234,143238,143236,4
1733,143321,143323,143322,2
1734,143379,143382,143380,3
1735,143442,143447,143443,5
1736,143472,143476,143473,4
1737,143500,143504,143501,4
1738,143510,143513,143511,3
1739,143534,143539,143536,5
1740,143568,143571,143569,3
1741,143578,143581,143579,3
1742,143618,143621,143619,3
1743,143628,143631,143629,3
1744,143660,143662,143661,2
1745,143692,143696,143693,4
1746,143732,143735,143733,3
1747,143849,143854,143852,5
1748,143880,143884,143882,4
1749,143919,143923,143921,4
1750,143935,143939,143936,4
1751,143950,143954,143952,4
1752,143982,143985,143983,3
1753,144102,144106,144103,4
1754,144130,144135,144131,5
1755,144221,144225,144223,4
1756,144325,144328,144326,3
1757,144407,144413,144410,6
1758,144528,144531,144529,3
1759,144541,144545,144542,4
1760,144822,144825,144823,3
1761,144889,144892,144890,3
1762,145015,145018,145016,3
1763,145110,145112,145111,2
1764,145170,145173,145171,3
1765,145226,145231,145227,5
1766,145458,145462,145459,4
1767,145565,145568,145566,3
1768,145636,145638,145637,2
1769,145752,145754,145753,2
1770,145794,145798,145796,4
1771,146034,146039,146036,5
1772,146094,146098,146096,4
1773,146141,146146,146143,5
1774,146203,146208,146206,5
1775,146285,146288,146286,3
1776,146299,146302,146300,3
1777,146371,146373,146372,2
1778,146381,146384,146382,3
1779,146416,146420,146418,4
1780,146497,146499,146498,2
1781,146516,146520,146517,4
1782,146602,146605,146604,3
1783,146626,146630,146628,4
1784,146659,146662,146660,3
1785,146752,146756,146754,4
1786,146803,146806,146805,3
1787,146901,146904,146902,3
1788,147059,147063,147061,4
1789,147396,147398,147397,2
1790,147459,147462,147460,3
1791,147492,147495,147493,3
1792,147606,147610,147608,4
1793,147648,147650,147649,2
1794,147697,147700,147698,3
1795,147718,147722,147720,4
1796,147803,147806,147804,3
1797,147814,147818,147816,4
1798,147861,147864,147862,3
1799,147920,147924,147921,4
1800,147973,147977,147974,4
1801,148012,148018,148013,6
1802,148062,148066,148063,4
1803,148111,148114,148112,3
1804,148210,148215,148212,5
1805,148471,148475,148472,4
1806,148641,148644,148642,3
1807,148752,148755,148753,3
1808,148947,148951,148949,4
1809,149153,149156,149155,3
1810,149221,149225,149223,4
1811,149288,149290,149289,2
1812,149318,149321,149319,3
1813,149405,149410,149406,5
1814,149454,149457,149455,3
1815,149503,149507,149506,4
1816,149537,149553,149541,16
1817,149641,149644,149642,3
1818,149695,149699,149696,4
1819,149762,149764,149763,2
1820,149841,149846,149843,5
1821,149996,149998,149997,2
1822,150158,150161,150160,3
1823,150279,150282,150280,3
1824,150547,150550,150548,3
1825,150612,150617,150615,5
1826,150759,150762,150760,3
1827,150775,150782,150776,7
1828,150793,150797,150795,4
1829,150841,150845,150842,4
1830,151035,151038,151036,3
1831,151044,151046,151045,2
1832,151119,151122,151120,3
1833,151131,151136,151134,5
1834,151220,151223,151221,3
1835,151241,151245,151243,4
1836,151384,151389,151386,5
1837,151514,151519,151518,5
1838,151640,151643,151642,3
1839,151866,151870,151867,4
1840,152116,152120,152117,4
1841,152340,152344,152341,4
1842,152435,152440,152437,5
1843,152465,152468,152467,3
1844,152484,152489,152485,5
1845,152549,152552,152550,3
1846,152756,152759,152758,3
1847,152951,152954,152953,3
1848,153010,153014,153011,4
1849,153045,153049,153046,4
1850,153160,153163,153161,3
1851,153351,153353,153352,2
1852,153479,153484,153481,5
1853,153607,153611,153610,4
1854,154185,154188,154186,3
1855,154271,154274,154272,3
1856,154301,154305,154303,4
1857,154349,154352,154350,3
1858,154798,154800,154799,2
1859,155262,155266,155264,4
1860,155351,155353,155352,2
1861,155879,155883,155880,4
1862,155902,155905,155903,3
1863,156091,156095,156092,4
1864,156442,156446,156444,4
1865,156563,156567,156565,4
1866,156648,156651,156649,3
1867,156694,156697,156696,3
1868,156820,156825,156821,5
1869,156908,156912,156909,4
1870,156975,156979,156976,4
1871,156985,156989,156987,4
1872,157045,157048,157046,3
1873,157089,157092,157090,3
1874,157313,157316,157314,3
1875,157489,157493,157491,4
1876,157555,157558,157556,3
1877,157647,157650,157649,3
1878,157688,157692,157690,4
1879,157752,157755,157753,3
1880,157836,157839,157837,3
1881,157865,157869,157866,4
1882,157911,157914,157912,3
1883,157951,157953,157952,2
1884,158009,158011,158010,2
1885,158025,158028,158026,3
1886,158103,158108,158105,5
1887,158163,158168,158165,5
1888,158175,158180,158177,5
1889,158190,158192,158191,2
1890,158237,158240,158239,3
1891,158293,158299,158296,6
1892,158315,158326,158318,11
1893,158412,158423,158413,11
1894,158490,158493,158491,3
1895,158532,158541,158533,9
1896,158625,158627,158626,2
1897,158653,158658,158657,5
1898,158697,158700,158698,3
1899,158795,158800,158798,5
1900,158932,158935,158934,3
1901,159077,159081,159078,4
1902,159165,159168,159166,3
1903,159242,159246,159244,4
1904,159395,159400,159399,5
1905,159478,159483,159480,5
1906,159648,159651,159649,3
1907,159711,159716,159712,5
1908,159755,159758,159756,3
1909,160001,160003,160002,2
1910,160113,160116,160114,3
1911,160229,160233,160231,4
1912,160292,160296,160294,4
1913,160349,160353,160350,4
1914,160408,160413,160412,5
1915,160448,160452,160450,4
1916,160546,160553,160550,7
1917,160602,160604,160603,2
1918,160846,160859,160850,13
1919,160898,160902,160899,4
1920,160926,160929,160927,3
1921,161115,161118,161116,3
1922,161147,161155,161148,8
1923,161181,161188,161183,7
1924,161213,161219,161214,6
1925,161227,161233,161231,6
1926,161258,161263,161260,5
1927,161318,161320,161319,2
1928,161376,161380,161377,4
1929,161457,161459,161458,2
1930,161564,161575,161568,11
1931,161667,161669,161668,2
1932,161733,161736,161734,3
1933,161843,161847,161844,4
1934,162049,162053,162051,4
1935,162198,162200,162199,2
1936,162241,162245,162242,4
1937,162317,162319,162318,2
1938,162521,162526,162524,5
1939,162533,162537,162534,4
1940,162602,162606,162604,4
1941,162724,162728,162726,4
1942,162799,162803,162801,4
1943,162809,162815,162811,6
1944,162942,162949,162944,7
1945,162986,162997,162988,11
1946,163059,163064,163060,5
1947,163104,163108,163105,4
1948,163148,163152,163149,4
1949,163195,163199,163196,4
1950,163217,163220,163218,3
1951,163267,163274,163270,7
1952,163308,163313,163309,5
1953,163336,163341,163339,5
1954,163366,163372,163368,6
1955,163463,163467,163466,4
1956,163501,163506,163503,5
1957,163522,163526,163523,4
1958,163573,163579,163574,6
1959,163789,163791,163790,2
1960,163820,163837,163821,17
1961,163867,163871,163868,4
1962,163909,163911,163910,2
1963,163930,163934,163931,4
1964,163959,163962,163961,3
1965,164007,164031,164010,24
1966,164054,164067,164057,13
1967,164156,164160,164157,4
1968,164184,164191,164186,7
1969,164204,164213,164208,9
1970,164295,164299,164296,4
1971,164363,164368,164365,5
1972,164432,164436,164434,4
1973,164474,164476,164475,2
1974,164509,164515,164512,6
1975,164590,164593,164592,3
1976,164615,164619,164616,4
1977,164626,164633,164628,7
1978,164699,164705,164701,6
1979,164723,164727,164725,4
1980,164779,164783,164781,4
1981,165023,165028,165024,5
1982,165044,165049,165047,5
1983,165089,165092,165090,3
1984,165101,165107,165104,6
1985,165231,165236,165232,5
1986,165290,165295,165292,5
1987,165444,165447,165446,3
1988,165467,165471,165468,4
1989,165554,165565,165556,11
1990,165602,165611,165603,9
1991,165654,165656,165655,2
1992,165664,165667,165665,3
1993,165791,165794,165792,3
1994,165810,165814,165812,4
1995,165856,165860,165857,4
1996,165880,165885,165883,5
1997,165967,165970,165968,3
1998,166016,166020,166017,4
1999,166217,166221,166219,4
2000,166446,166448,166447,2
2001,166817,166819,166818,2
2002,166908,166913,166909,5
2003,167069,167073,167071,4
2004,167143,167146,167144,3
2005,167667,167673,167670,6
2006,167921,167924,167922,3
2007,168075,168079,168077,4
2008,168128,168131,168129,3
2009,168296,168299,168298,3
2010,168313,168316,168314,3
2011,168381,168385,168383,4
2012,168396,168398,168397,2
2013,168448,168453,168450,5
2014,168538,168540,168539,2
2015,168579,168582,168580,3
2016,168766,168770,168768,4
2017,168789,168792,168790,3
2018,169022,169024,169023,2
2019,169293,169296,169295,3
2020,169643,169646,169644,3
2021,169833,169836,169834,3
2022,169899,169901,169900,2
2023,170103,170107,170104,4
2024,170150,170156,170151,6
2025,170229,170237,170230,8
2026,170289,170295,170292,6
2027,170368,170372,170369,4
2028,170445,170448,170446,3
2029,170555,170561,170559,6
2030,170605,170609,170606,4
2031,170648,170653,170651,5
2032,170679,170682,170680,3
2033,170730,170734,170731,4
2034,170796,170798,170797,2
2035,170838,170842,170840,4
2036,171373,171377,171375,4
2037,171414,171417,171415,3
2038,171468,171471,171469,3
2039,171800,171803,171802,3
2040,171877,171880,171878,3
2041,171924,171928,171926,4
2042,172150,172153,172151,3
2043,172207,172209,172208,2
2044,172381,172383,172382,2
2045,172394,172399,172397,5
2046,172532,172537,172535,5
2047,172586,172590,172587,4
2048,172780,172786,172781,6
2049,172845,172848,172846,3
2050,172896,172900,172897,4
2051,172939,172941,172940,2
2052,173028,173033,173030,5
2053,173060,173063,173062,3
2054,173097,173099,173098,2
2055,173170,173175,173171,5
2056,173226,173230,173227,4
2057,173483,173486,173484,3
2058,173901,173905,173904,4
2059,174150,174154,174153,4
2060,174625,174628,174626,3
2061,174658,174662,174660,4
2062,174700,174704,174701,4
2063,174799,174801,174800,2
2064,174891,174895,174892,4
2065,175018,175020,175019,2
2066,175108,175110,175109,2
2067,175126,175130,175128,4
2068,175628,175630,175629,2
2069,176128,176131,176130,3
2070,176341,176343,176342,2
2071,176917,176922,176918,5
2072,176992,176996,176993,4
2073,177106,177108,177107,2
2074,180018,180022,180019,4
2075,180195,180206,180197,11
2076,180385,180396,180389,11
2077,180561,180565,180563,4
2078,180584,180590,180587,6
2079,180715,180718,180716,3
2080,180886,180891,180887,5
2081,180971,180975,180973,4
2082,181017,181019,181018,2
2083,181369,181374,181371,5
2084,181517,181522,181519,5
2085,181577,181580,181578,3
2086,181613,181617,181614,4
2087,181656,181658,181657,2
2088,181766,181769,181767,3
2089,181817,181820,181818,3
2090,181896,181917,181899,21
2091,181932,181947,181933,15
2092,182015,182018,182016,3
2093,182036,182039,182038,3
2094,182086,182090,182087,4
2095,182152,182155,182153,3
2096,182214,182218,182217,4
2097,182251,182256,182253,5
2098,182414,182418,182415,4
2099,182481,182486,182484,5
2100,182550,182554,182552,4
2101,183176,183180,183178,4
2102,183189,183192,183190,3
2103,183450,183453,183451,3
2104,183494,183497,183496,3
2105,183692,183695,183693,3
2106,184049,184051,184050,2
2107,184348,184352,184349,4
2108,184650,184653,184651,3
2109,184805,184808,184806,3
2110,185119,185122,185120,3
2111,185217,185220,185218,3
2112,185478,185484,185480,6
2113,185551,185554,185552,3
2114,185688,185692,185689,4
2115,185751,185755,185754,4
2116,185803,185806,185804,3
2117,185934,185939,185935,5
2118,185943,185949,185945,6
2119,186005,186010,186006,5
2120,186055,186058,186056,3
2121,186094,186098,186095,4
2122,186143,186147,186145,4
2123,186219,186223,186220,4
2124,186264,186268,186266,4
2125,186352,186357,186354,5
2126,186436,186438,186437,2
2127,186445,186451,186448,6
2128,186547,186549,186548,2
2129,186647,186653,186650,6
2130,186667,186669,186668,2
2131,186776,186779,186778,3
2132,186908,186911,186909,3
2133,187098,187100,187099,2
2134,187108,187113,187109,5
2135,187165,187170,187166,5
2136,187216,187220,187217,4
2137,187444,187448,187446,4
2138,187481,187485,187484,4
2139,187590,187593,187591,3
2140,187663,187667,187664,4
2141,187728,187730,187729,2
2142,188008,188011,188009,3
2143,188258,188261,188259,3
2144,188556,188559,188558,3
2145,188632,188637,188634,5
2146,188696,188700,188697,4
2147,188814,188818,188816,4
2148,189241,189244,189242,3
2149,189291,189297,189293,6
2150,189364,189367,189365,3
2151,189401,189404,189402,3
2152,189497,189500,189499,3
2153,189620,189626,189622,6
2154,189744,189749,189745,5
2155,189905,189909,189906,4
2156,190150,190152,190151,2
2157,190424,190431,190428,7
2158,190616,190618,190617,2
2159,190645,190650,190648,5
2160,190711,190714,190712,3
2161,190810,190813,190812,3
2162,190995,190997,190996,2
2163,191150,191157,191153,7
2164,191332,191337,191333,5
2165,191432,191435,191433,3
2166,191533,191536,191535,3
2167,191650,191653,191651,3
2168,191813,191815,191814,2
2169,191859,191864,191862,5
2170,191894,191897,191895,3
2171,191957,191962,191959,5
2172,192026,192028,192027,2
2173,192146,192151,192149,5
2174,192210,192213,192212,3
2175,192321,192324,192322,3
2176,192387,192390,192388,3
2177,192459,192462,192460,3
2178,192505,192508,192507,3
2179,192531,192534,192532,3
2180,192604,192607,192605,3
2181,192745,192749,192747,4
2182,192776,192780,192779,4
2183,192866,192869,192868,3
2184,192904,192910,192906,6
2185,192915,192920,192917,5
2186,192952,192958,192954,6
2187,192963,192967,192964,4
2188,193019,193022,193020,3
2189,193073,193077,193075,4
2190,193107,193110,193109,3
2191,193163,193166,193165,3
2192,193339,193342,193340,3
2193,193422,193427,193424,5
2194,193542,193544,193543,2
2195,194125,194128,194126,3
2196,194340,194343,194341,3
2197,194577,194580,194578,3
2198,194642,194645,194643,3
2199,194704,194708,194705,4
2200,194780,194783,194781,3
2201,194815,194821,194817,6
2202,194846,194850,194847,4
2203,194977,194982,194978,5
2204,195071,195074,195073,3
2205,195206,195209,195207,3
2206,195270,195273,195271,3
2207,195461,195463,195462,2
2208,195675,195678,195677,3
2209,195771,195774,195772,3
2210,195966,195972,195967,6
2211,195998,196004,196000,6
2212,196011,196014,196012,3
2213,196144,196148,196146,4
2214,196232,196235,196233,3
2215,196466,196469,196467,3
2216,196509,196513,196511,4
2217,196570,196573,196571,3
2218,196695,196702,196697,7
2219,196758,196762,196759,4
2220,196800,196803,196802,3
2221,196863,196868,196865,5
2222,196919,196926,196922,7
2223,196978,196982,196980,4
2224,197080,197084,197083,4
2225,197161,197163,197162,2
2226,197239,197241,197240,2
2227,197355,197359,197357,4
2228,197591,197595,197592,4
2229,197612,197614,197613,2
2230,197650,197655,197652,5
2231,197676,197678,197677,2
2232,197701,197705,197702,4
2233,197729,197731,197730,2
2234,197749,197753,197750,4
2235,197827,197830,197828,3
2236,197911,197913,197912,2
2237,197959,197961,197960,2
2238,198028,198032,198030,4
2239,198169,198173,198171,4
2240,198213,198219,198216,6
2241,198252,198256,198253,4
2242,198330,198336,198332,6
2243,198444,198451,198446,7
2244,198480,198485,198481,5
2245,198493,198497,198494,4
2246,198716,198722,198717,6
2247,198755,198760,198758,5
2248,198766,198769,198767,3
2249,198894,198898,198895,4
2250,199003,199006,199004,3
2251,199190,199192,199191,2
2252,199402,199406,199404,4
2253,199550,199553,199552,3
2254,199570,199573,199571,3
2255,199703,199706,199704,3
2256,199734,199737,199735,3
2257,199746,199751,199748,5
2258,199770,199775,199772,5
2259,199810,199815,199811,5
2260,199868,199873,199869,5
2261,200002,200005,200003,3
2262,200193,200196,200195,3
2263,200205,200210,200206,5
2264,200234,200237,200236,3
2265,200388,200392,200389,4
2266,200520,200524,200522,4
2267,200558,200561,200559,3
2268,200594,200597,200595,3
2269,200775,200779,200776,4
2270,200939,200943,200940,4
2271,201114,201120,201115,6
2272,201157,201162,201159,5
2273,201191,201197,201193,6
2274,201243,201247,201244,4
2275,201409,201416,201412,7
2276,201456,201462,201458,6
2277,201643,201646,201645,3
2278,201676,201682,201679,6
2279,202263,202268,202264,5
2280,202284,202290,202285,6
2281,202387,202391,202388,4
2282,202449,202453,202450,4
2283,202519,202528,202520,9
2284,202534,202537,202536,3
2285,202545,202550,202546,5
2286,202615,202619,202616,4
2287,202646,202650,202647,4
2288,202663,202666,202664,3
2289,202701,202705,202702,4
2290,202843,202845,202844,2
2291,202897,202901,202898,4
2292,203150,203154,203153,4
2293,203245,203250,203246,5
2294,203298,203304,203301,6
2295,203384,203388,203385,4
2296,203433,203439,203436,6
2297,203511,203516,203512,5
2298,203586,203590,203587,4
2299,203602,203607,203603,5
2300,203631,203635,203632,4
2301,203656,203661,203658,5
2302,203715,203720,203716,5
2303,203788,203791,203789,3
2304,203808,203812,203809,4
2305,203819,203823,203820,4
2306,203892,203895,203894,3
2307,203913,203915,203914,2
2308,203964,203969,203966,5
2309,204172,204176,204174,4
2310,204255,204270,204256,15
2311,204384,204387,204385,3
2312,204500,204506,204503,6
2313,204779,204788,204780,9
2314,204811,204817,204814,6
2315,204849,204852,204850,3
2316,204956,204961,204958,5
2317,205062,205068,205064,6
2318,205081,205086,205082,5
2319,205177,205181,205179,4
2320,205187,205192,205188,5
2321,205247,205250,205248,3
2322,205322,205328,205323,6
2323,205365,205384,205366,19
2324,205417,205433,205418,16
2325,205606,205619,205608,13
2326,205739,205745,205741,6
2327,205884,205889,205885,5
2328,205935,205937,205936,2
2329,205972,205978,205973,6
2330,206370,206396,206372,26
2331,206397,206412,206397,15
2332,206413,206417,206413,4
2333,206564,206568,206565,4
2334,206697,206710,206698,13
2335,206792,206796,206793,4
2336,206868,206897,206872,29
2337,206924,206928,206925,4
2338,207149,207154,207152,5
2339,207221,207227,207223,6
2340,207301,207306,207303,5
2341,207326,207328,207327,2
2342,207348,207353,207350,5
2343,207368,207385,207369,17
2344,207413,207419,207414,6
2345,207444,207467,207447,23
2346,207527,207531,207528,4
2347,207580,207594,207583,14
2348,207617,207639,207618,22
2349,207669,207675,207671,6
2350,207793,207797,207794,4
2351,207924,207927,207926,3
2352,208049,208054,208050,5
2353,208122,208125,208124,3
2354,208165,208169,208167,4
2355,208492,208496,208493,4
2356,208668,208671,208669,3
2357,208799,208802,208800,3
2358,208870,208874,208872,4
2359,208960,208964,208961,4
2360,209024,209027,209026,3
2361,209068,209082,209069,14
2362,209133,209137,209136,4
2363,209264,209269,209265,5
2364,209417,209419,209418,2
2365,209749,209753,209751,4
2366,209824,209826,209825,2
2367,209891,209893,209892,2
2368,209916,209920,209918,4
2369,209967,209977,209968,10
2370,210054,210058,210056,4
2371,210098,210101,210099,3
2372,210158,210160,210159,2
2373,210200,210203,210201,3
2374,210233,210237,210235,4
2375,210290,210294,210292,4
2376,210395,210398,210397,3
2377,210552,210557,210555,5
2378,210679,210682,210680,3
2379,210775,210779,210776,4
2380,210851,210854,210852,3
2381,210951,210954,210952,3
2382,211091,211094,211093,3
2383,211302,211306,211304,4
2384,211484,211488,211485,4
2385,211556,211560,211557,4
2386,211664,211668,211667,4
2387,211822,211830,211823,8
2388,211850,211853,211851,3
2389,211907,211910,211908,3
2390,211923,211927,211926,4
2391,211972,211978,211974,6
2392,212049,212052,212050,3
2393,212106,212110,212109,4
2394,212239,212241,212240,2
2395,212305,212309,212307,4
2396,212386,212389,212387,3
2397,212407,212410,212408,3
2398,212459,212463,212461,4
2399,212515,212518,212516,3
2400,212584,212586,212585,2
2401,212641,212644,212642,3
2402,212676,212683,212677,7
2403,212756,212760,212759,4
2404,212837,212840,212838,3
2405,212855,212857,212856,2
2406,213077,213080,213078,3
2407,213128,213144,213131,16
2408,213288,213291,213290,3
2409,213307,213324,213308,17
2410,213357,213360,213359,3
2411,213481,213484,213482,3
2412,213518,213529,213520,11
2413,213550,213554,213551,4
2414,213581,213585,213582,4
2415,213638,213642,213639,4
2416,213733,213738,213734,5
2417,213776,213792,213777,16
2418,213810,213818,213811,8
2419,213974,213998,213976,24
2420,214233,214237,214235,4
2421,214987,214997,214989,10
2422,215019,215022,215021,3
2423,215046,215055,215047,9
2424,215231,215234,215232,3
2425,215298,215301,215300,3
2426,215341,215345,215343,4
2427,215372,215376,215374,4
2428,215410,215413,215412,3
2429,215566,215570,215568,4
2430,215637,215640,215638,3
2431,215707,215712,215710,5
2432,215764,215766,215765,2
2433,215855,215859,215856,4
2434,215864,215870,215866,6
2435,215894,215898,215895,4
2436,215942,215944,215943,2
2437,215968,215972,215971,4
2438,216001,216007,216005,6
2439,216090,216096,216093,6
2440,216212,216216,216214,4
2441,216303,216306,216304,3
2442,216483,216492,216487,9
2443,216518,216525,216519,7
2444,216701,216705,216704,4
2445,216823,216825,216824,2
2446,216953,216957,216954,4
2447,217033,217037,217035,4
2448,217123,217126,217125,3
2449,217153,217157,217155,4
2450,217184,217188,217185,4
2451,217291,217294,217292,3
2452,217341,217345,217343,4
2453,217481,217485,217482,4
2454,217571,217578,217573,7
2455,217645,217648,217647,3
2456,217662,217664,217663,2
2457,217671,217675,217673,4
2458,217800,217802,217801,2
2459,217840,217844,217841,4
2460,217854,217862,217855,8
2461,217884,217893,217885,9
2462,218176,218181,218177,5
2463,218291,218293,218292,2
2464,218334,218338,218336,4
2465,218363,218367,218364,4
2466,218506,218508,218507,2
2467,218531,218533,218532,2
2468,218608,218627,218609,19
2469,218710,218714,218711,4
2470,218719,218722,218721,3
2471,218852,218855,218854,3
2472,218915,218919,218916,4
2473,218981,218984,218983,3
2474,219050,219054,219051,4
2475,219103,219106,219104,3
2476,219320,219323,219321,3
2477,219434,219438,219436,4
2478,219592,219596,219594,4
2479,219698,219701,219699,3
2480,219767,219770,219768,3
2481,219912,219916,219913,4
2482,220006,220009,220008,3
2483,220319,220323,220320,4
2484,220337,220341,220340,4
2485,220510,220513,220511,3
2486,220521,220526,220523,5
2487,220799,220803,220800,4
2488,220867,220869,220868,2
2489,220884,220889,220885,5
2490,220925,220928,220926,3
2491,220941,220946,220943,5
2492,221038,221041,221039,3
2493,221102,221106,221104,4
2494,221113,221119,221115,6
2495,221133,221137,221135,4
2496,221332,221334,221333,2
2497,221442,221444,221443,2
2498,221652,221655,221653,3
2499,221698,221701,221700,3
2500,221713,221717,221714,4
2501,221843,221846,221844,3
2502,221877,221883,221878,6
2503,221941,221944,221943,3
2504,222083,222085,222084,2
2505,222121,222124,222122,3
2506,222316,222319,222317,3
2507,222369,222373,222370,4
2508,222535,222538,222536,3
2509,222840,222845,222842,5
2510,222962,222966,222964,4
2511,223049,223053,223051,4
2512,223222,223225,223223,3
2513,223304,223308,223305,4
2514,223381,223388,223384,7
2515,223415,223418,223416,3
2516,223435,223439,223438,4
2517,223478,223482,223479,4
2518,223523,223527,223525,4
2519,223562,223565,223563,3
2520,223620,223627,223621,7
2521,223693,223697,223694,4
2522,223783,223787,223784,4
2523,223853,223857,223856,4
2524,224033,224036,224034,3
2525,224043,224047,224045,4
2526,224224,224227,224226,3
2527,224244,224249,224245,5
2528,224256,224260,224258,4
2529,224345,224349,224347,4
2530,224381,224386,224382,5
2531,224397,224399,224398,2
2532,224460,224466,224463,6
2533,224504,224508,224506,4
2534,224634,224639,224636,5
2535,224708,224715,224709,7
2536,224794,224800,224797,6
2537,224902,224911,224903,9
2538,225060,225064,225062,4
2539,225136,225140,225137,4
2540,225407,225410,225408,3
2541,225533,225536,225535,3
2542,225583,225585,225584,2
2543,225670,225674,225671,4
2544,225734,225741,225736,7
2545,225773,225788,225775,15
2546,225795,225797,225796,2
2547,225894,225904,225895,10
2548,225938,225941,225939,3
2549,225972,225975,225974,3
2550,226065,226068,226066,3
2551,226242,226245,226243,3
2552,226283,226286,226285,3
2553,226337,226340,226338,3
2554,226406,226410,226408,4
2555,226430,226436,226431,6
2556,226474,226476,226475,2
2557,226583,226587,226585,4
2558,226735,226740,226737,5
2559,226755,226761,226757,6
2560,226965,226970,226968,5
2561,227036,227040,227037,4
2562,227058,227064,227060,6
2563,227102,227108,227103,6
2564,227381,227385,227383,4
2565,227442,227447,227443,5
2566,227525,227531,227526,6
2567,227597,227600,227598,3
2568,227684,227689,227685,5
2569,227769,227773,227772,4
2570,227808,227815,227811,7
2571,227884,227886,227885,2
2572,227910,227915,227913,5
2573,227937,227942,227938,5
2574,228001,228007,228004,6
2575,228041,228044,228042,3
2576,228156,228158,228157,2
2577,228186,228194,228189,8
2578,228213,228219,228214,6
2579,228318,228321,228319,3
2580,228512,228514,228513,2
2581,228741,228746,228744,5
2582,228775,228790,228777,15
2583,229276,229280,229279,4
2584,229903,229909,229904,6
2585,230284,230290,230285,6
2586,230496,230501,230498,5
2587,230555,230566,230559,11
2588,230689,230693,230690,4
2589,231041,231048,231043,7
2590,231108,231117,231109,9
2591,231595,231622,231596,27
2592,232019,232028,232020,9
2593,232196,232201,232199,5
2594,232229,232231,232230,2
