,Start_blink,End_blink,Blink_frame,No_of_frames
0,30,34,31,4
1,105,109,107,4
2,145,150,147,5
3,187,192,189,5
4,248,253,250,5
5,305,310,307,5
6,463,473,467,10
7,484,487,485,3
8,516,527,519,11
9,573,577,575,4
10,610,612,610,2
11,645,647,646,2
12,836,839,837,3
13,966,969,967,3
14,976,979,977,3
15,1016,1020,1018,4
16,1049,1051,1050,2
17,1134,1136,1134,2
18,1210,1213,1210,3
19,1234,1238,1235,4
20,1297,1300,1298,3
21,1369,1371,1370,2
22,1447,1450,1449,3
23,1526,1529,1527,3
24,1633,1635,1634,2
25,1725,1728,1726,3
26,1813,1816,1814,3
27,1862,1865,1863,3
28,1888,1890,1889,2
29,1997,1999,1998,2
30,2050,2052,2051,2
31,2119,2122,2120,3
32,2285,2287,2286,2
33,2352,2354,2353,2
34,2376,2379,2377,3
35,2436,2438,2437,2
36,2462,2464,2463,2
37,2491,2494,2492,3
38,2561,2564,2561,3
39,2626,2628,2626,2
40,2674,2676,2674,2
41,2682,2685,2683,3
42,2764,2766,2765,2
43,2818,2822,2819,4
44,2869,2872,2870,3
45,2927,2930,2929,3
46,3179,3181,3180,2
47,3236,3239,3238,3
48,3313,3316,3313,3
49,3364,3366,3365,2
50,3431,3433,3431,2
51,3591,3592,3591,1
52,3814,3817,3815,3
53,3873,3874,3873,1
54,4191,4193,4191,2
55,4293,4296,4293,3
56,4337,4341,4338,4
57,4365,4368,4365,3
58,4465,4469,4466,4
59,4524,4527,4525,3
60,4631,4634,4632,3
61,4640,4645,4643,5
62,4678,4680,4679,2
63,4783,4786,4785,3
64,4851,4854,4852,3
65,4873,4876,4874,3
66,4967,4971,4968,4
67,5096,5100,5098,4
68,5211,5215,5214,4
69,5314,5316,5315,2
70,5420,5422,5421,2
71,5450,5452,5451,2
72,5494,5500,5496,6
73,5577,5582,5580,5
74,5602,5606,5604,4
75,5935,5938,5937,3
76,5954,5957,5955,3
77,6029,6031,6029,2
78,6220,6231,6222,11
79,6292,6297,6294,5
80,6352,6355,6353,3
81,6410,6413,6411,3
82,6495,6500,6496,5
83,6577,6581,6579,4
84,6704,6706,6705,2
85,6774,6778,6775,4
86,6834,6839,6837,5
87,6873,6876,6875,3
88,6883,6889,6884,6
89,6998,7002,6999,4
90,7039,7044,7041,5
91,7067,7070,7069,3
92,7150,7155,7153,5
93,7210,7217,7212,7
94,7288,7292,7289,4
95,7353,7356,7355,3
96,7455,7461,7457,6
97,7531,7533,7532,2
98,7622,7627,7624,5
99,7789,7793,7790,4
100,7799,7802,7801,3
101,7916,7919,7917,3
102,8045,8048,8046,3
103,8079,8084,8081,5
104,8132,8136,8134,4
105,8187,8192,8189,5
106,8277,8280,8278,3
107,8330,8334,8332,4
108,8354,8358,8357,4
109,8437,8442,8438,5
110,8542,8546,8544,4
111,8613,8617,8614,4
112,8639,8643,8640,4
113,9025,9028,9026,3
114,9188,9191,9189,3
115,9519,9525,9519,6
116,9599,9603,9601,4
117,9701,9706,9702,5
118,9780,9783,9781,3
119,9823,9826,9824,3
120,9954,9958,9956,4
121,10038,10044,10040,6
122,10091,10096,10092,5
123,10197,10200,10198,3
124,10249,10251,10250,2
125,10275,10280,10277,5
126,10309,10315,10313,6
127,10501,10503,10501,2
128,10544,10549,10547,5
129,10576,10581,10578,5
130,10617,10620,10619,3
131,10678,10681,10679,3
132,10724,10726,10724,2
133,10851,10856,10853,5
134,10928,10930,10929,2
135,10968,10971,10969,3
136,11048,11053,11050,5
137,11062,11065,11063,3
138,11096,11101,11098,5
139,11104,11108,11107,4
140,11205,11211,11207,6
141,11302,11305,11304,3
142,11388,11397,11390,9
143,11475,11479,11476,4
144,11560,11565,11561,5
145,11607,11613,11609,6
146,11638,11639,11638,1
147,11652,11655,11652,3
148,11708,11714,11710,6
149,11806,11812,11807,6
150,11815,11820,11816,5
151,11884,11887,11884,3
152,11915,11918,11916,3
153,12123,12127,12124,4
154,12211,12214,12212,3
155,12256,12259,12258,3
156,12340,12344,12342,4
157,12437,12440,12438,3
158,12450,12453,12450,3
159,12686,12690,12687,4
160,12933,12938,12934,5
161,13157,13159,13158,2
162,13572,13577,13573,5
163,13606,13614,13607,8
164,13868,13872,13870,4
165,14027,14029,14028,2
166,14231,14232,14231,1
167,14295,14300,14297,5
168,14335,14339,14337,4
169,14358,14364,14359,6
170,14507,14509,14507,2
171,14666,14670,14668,4
172,14745,14749,14746,4
173,14943,14945,14944,2
174,15047,15052,15048,5
175,15120,15125,15123,5
176,15158,15163,15161,5
177,15276,15280,15278,4
178,15426,15429,15427,3
179,15541,15545,15542,4
180,15550,15554,15551,4
181,15680,15685,15683,5
182,15702,15709,15704,7
183,15825,15829,15826,4
184,15901,15903,15902,2
185,15930,15933,15931,3
186,16059,16061,16060,2
187,16140,16145,16143,5
188,16185,16190,16188,5
189,16218,16223,16219,5
190,16410,16414,16412,4
191,16425,16430,16426,5
192,16464,16471,16465,7
193,16799,16804,16801,5
194,16855,16856,16855,1
195,16870,16874,16872,4
196,16971,16975,16971,4
197,17147,17150,17149,3
198,17280,17284,17281,4
199,17357,17360,17358,3
200,17710,17712,17710,2
201,17845,17848,17846,3
202,17953,17956,17954,3
203,17990,17994,17993,4
204,18112,18115,18114,3
205,18156,18159,18158,3
206,18307,18310,18308,3
207,18353,18357,18354,4
208,18478,18482,18479,4
209,18572,18576,18574,4
210,18782,18786,18783,4
211,18790,18794,18792,4
212,18886,18889,18887,3
213,18995,18998,18995,3
214,19044,19046,19045,2
215,19117,19120,19118,3
216,19236,19240,19237,4
217,19353,19357,19355,4
218,19365,19368,19367,3
219,19522,19526,19523,4
220,19635,19637,19636,2
221,19704,19707,19705,3
222,19764,19769,19767,5
223,19776,19783,19777,7
224,19883,19886,19885,3
225,19952,19955,19953,3
226,20010,20013,20012,3
227,20062,20066,20064,4
228,20073,20077,20075,4
229,20147,20150,20148,3
230,20185,20189,20186,4
231,20246,20249,20247,3
232,20359,20365,20361,6
233,20411,20417,20413,6
234,20581,20591,20585,10
235,20625,20635,20626,10
236,20693,20697,20694,4
237,20719,20722,20720,3
238,20788,20791,20789,3
239,20801,20806,20803,5
240,20909,20911,20910,2
241,20962,20965,20963,3
242,21010,21014,21011,4
243,21074,21078,21075,4
244,21138,21142,21140,4
245,21150,21156,21152,6
246,21160,21167,21161,7
247,21229,21233,21230,4
248,21279,21285,21282,6
249,21371,21375,21374,4
250,21479,21483,21481,4
251,21598,21601,21600,3
252,21673,21678,21676,5
253,21728,21732,21729,4
254,21793,21797,21795,4
255,21856,21861,21857,5
256,21953,21957,21953,4
257,22090,22094,22091,4
258,22433,22435,22434,2
259,22530,22534,22532,4
260,22574,22579,22576,5
261,22927,22930,22928,3
262,23017,23020,23018,3
263,23067,23073,23068,6
264,23144,23147,23146,3
265,23163,23166,23164,3
266,23239,23242,23240,3
267,23315,23318,23316,3
268,23482,23484,23482,2
269,23602,23604,23603,2
270,23700,23705,23702,5
271,23710,23715,23713,5
272,23755,23761,23756,6
273,23776,23780,23777,4
274,23887,23891,23889,4
275,23912,23914,23913,2
276,23927,23930,23928,3
277,24001,24004,24003,3
278,24119,24123,24120,4
279,24171,24174,24172,3
280,24183,24187,24186,4
281,24238,24242,24240,4
282,24345,24347,24345,2
283,24417,24422,24418,5
284,24459,24462,24460,3
285,24828,24833,24829,5
286,24868,24873,24869,5
287,24952,24958,24956,6
288,24977,24984,24980,7
289,25062,25066,25064,4
290,25089,25093,25092,4
291,25142,25148,25145,6
292,25255,25261,25258,6
293,25441,25446,25443,5
294,25523,25526,25525,3
295,25578,25582,25579,4
296,25590,25593,25591,3
297,25755,25758,25756,3
298,25852,25857,25854,5
299,25925,25930,25927,5
300,26012,26015,26013,3
301,26151,26155,26152,4
302,26167,26170,26168,3
303,26259,26271,26260,12
304,26279,26285,26281,6
305,26293,26298,26294,5
306,26521,26525,26523,4
307,26618,26622,26619,4
308,26696,26700,26697,4
309,26770,26772,26771,2
310,26907,26910,26908,3
311,26967,26969,26967,2
312,26975,26978,26976,3
313,27021,27024,27022,3
314,27047,27051,27049,4
315,27526,27529,27527,3
316,27579,27582,27580,3
317,27607,27611,27608,4
318,27669,27673,27672,4
319,27763,27768,27766,5
320,27868,27871,27869,3
321,27890,27894,27891,4
322,27941,27943,27941,2
323,28033,28037,28034,4
324,28067,28071,28069,4
325,28119,28122,28120,3
326,28136,28140,28138,4
327,28188,28191,28190,3
328,28303,28305,28304,2
329,28445,28448,28446,3
330,28510,28514,28512,4
331,28522,28525,28523,3
332,28556,28559,28557,3
333,28620,28622,28621,2
334,28664,28668,28665,4
335,28672,28677,28674,5
336,28789,28791,28790,2
337,28890,28893,28891,3
338,28901,28904,28903,3
339,29064,29068,29066,4
340,29139,29142,29140,3
341,29185,29188,29186,3
342,29211,29215,29211,4
343,29220,29224,29221,4
344,29315,29319,29317,4
345,29595,29599,29596,4
346,29608,29613,29611,5
347,29660,29663,29661,3
348,29946,29949,29947,3
349,30084,30089,30085,5
350,30180,30183,30181,3
351,30260,30261,30260,1
352,30337,30340,30338,3
353,30379,30384,30380,5
354,30408,30412,30409,4
355,30445,30449,30446,4
356,30492,30496,30494,4
357,30740,30743,30741,3
358,31203,31207,31205,4
359,31312,31316,31315,4
360,31620,31622,31621,2
361,31720,31727,31721,7
362,31799,31803,31800,4
363,31842,31845,31844,3
364,31941,31945,31943,4
365,32153,32156,32154,3
366,32315,32318,32317,3
367,32428,32430,32429,2
368,32451,32454,32452,3
369,32467,32471,32468,4
370,32512,32516,32513,4
371,32575,32579,32577,4
372,32615,32621,32618,6
373,32634,32636,32635,2
374,32707,32712,32709,5
375,32870,32872,32871,2
376,32885,32889,32886,4
377,32980,32983,32981,3
378,33072,33075,33073,3
379,33155,33158,33156,3
380,33307,33310,33307,3
381,33369,33372,33370,3
382,33563,33566,33565,3
383,33713,33717,33714,4
384,33756,33758,33757,2
385,33839,33842,33840,3
386,33994,33996,33994,2
387,34030,34034,34031,4
388,34136,34138,34137,2
389,34170,34172,34170,2
390,34345,34347,34346,2
391,34426,34427,34426,1
392,34468,34471,34469,3
393,34478,34481,34479,3
394,34551,34555,34553,4
395,34622,34627,34623,5
396,34645,34649,34646,4
397,34716,34720,34718,4
398,34774,34778,34775,4
399,34836,34840,34838,4
400,34914,34918,34915,4
401,35089,35090,35089,1
402,35218,35222,35219,4
403,35250,35253,35252,3
404,35329,35333,35331,4
405,35377,35380,35377,3
406,35507,35511,35508,4
407,35552,35556,35553,4
408,35722,35726,35725,4
409,35823,35827,35825,4
410,35897,35899,35898,2
411,35925,35927,35926,2
412,36035,36038,36036,3
413,36232,36234,36233,2
414,36399,36402,36400,3
415,36628,36630,36628,2
416,36820,36823,36822,3
417,36867,36869,36868,2
418,36889,36893,36891,4
419,36955,36959,36956,4
420,36988,36993,36990,5
421,37050,37054,37051,4
422,37089,37092,37091,3
423,37252,37255,37253,3
424,37350,37352,37350,2
425,37362,37365,37364,3
426,37433,37436,37435,3
427,37556,37559,37557,3
428,37693,37696,37694,3
429,37797,37800,37798,3
430,37806,37808,37807,2
431,38037,38039,38038,2
432,38141,38144,38143,3
433,38187,38190,38188,3
434,38200,38204,38203,4
435,38288,38291,38289,3
436,38319,38322,38321,3
437,38338,38343,38338,5
438,38382,38385,38383,3
439,38442,38446,38443,4
440,38501,38503,38502,2
441,38592,38593,38592,1
442,38669,38672,38670,3
443,38752,38755,38753,3
444,38794,38797,38795,3
445,38830,38834,38832,4
446,38900,38905,38902,5
447,39011,39012,39011,1
448,39117,39121,39117,4
449,39148,39150,39148,2
450,39303,39304,39303,1
451,39527,39531,39529,4
452,39613,39616,39614,3
453,39658,39662,39660,4
454,39780,39784,39783,4
455,39796,39800,39798,4
456,39831,39836,39832,5
457,39878,39882,39879,4
458,39956,39961,39959,5
459,40003,40006,40004,3
460,40116,40118,40117,2
461,40169,40171,40170,2
462,40180,40184,40183,4
463,40268,40270,40269,2
464,40323,40326,40324,3
465,40352,40356,40354,4
466,40362,40373,40365,11
467,40437,40452,40439,15
468,40495,40498,40496,3
469,40529,40533,40531,4
470,40562,40565,40564,3
471,40612,40614,40612,2
472,40816,40819,40818,3
473,40928,40929,40928,1
474,41005,41008,41006,3
475,41015,41017,41016,2
476,41100,41103,41101,3
477,41168,41170,41169,2
478,41178,41181,41179,3
479,41221,41224,41222,3
480,41281,41283,41282,2
481,41353,41356,41354,3
482,41759,41761,41760,2
483,42030,42032,42030,2
484,42298,42299,42298,1
485,42584,42587,42585,3
486,42654,42656,42655,2
487,42740,42742,42741,2
488,42924,42927,42926,3
489,42970,42972,42970,2
490,42980,42982,42981,2
491,43035,43038,43035,3
492,43087,43091,43088,4
493,43146,43147,43146,1
494,43300,43303,43301,3
495,43712,43715,43714,3
496,43723,43727,43725,4
497,43801,43804,43802,3
498,43831,43835,43832,4
499,43896,43899,43897,3
500,43907,43909,43908,2
501,43970,43974,43971,4
502,43978,43984,43981,6
503,44040,44046,44043,6
504,44086,44089,44087,3
505,44117,44121,44117,4
506,44128,44132,44129,4
507,44186,44190,44187,4
508,44282,44285,44283,3
509,44331,44335,44332,4
510,44361,44364,44362,3
511,44699,44704,44701,5
512,44753,44756,44754,3
513,44828,44838,44829,10
514,44881,44888,44883,7
515,44945,44948,44947,3
516,45023,45026,45024,3
517,45054,45060,45058,6
518,45079,45083,45080,4
519,45140,45143,45141,3
520,45191,45195,45192,4
521,45203,45208,45206,5
522,45487,45489,45488,2
523,45565,45570,45567,5
524,45686,45689,45687,3
525,46024,46027,46024,3
526,46285,46287,46286,2
527,46349,46351,46350,2
528,46457,46459,46458,2
529,46571,46573,46571,2
530,46595,46598,46596,3
531,46656,46660,46659,4
532,46698,46702,46699,4
533,46707,46709,46708,2
534,46759,46762,46760,3
535,46796,46798,46796,2
536,46839,46841,46840,2
537,46895,46899,46896,4
538,46944,46948,46947,4
539,46981,46990,46981,9
540,47056,47060,47058,4
541,47108,47111,47109,3
542,47165,47169,47167,4
543,47229,47233,47230,4
544,47425,47428,47426,3
545,47504,47507,47504,3
546,47637,47643,47640,6
547,47850,47854,47852,4
548,47874,47878,47876,4
549,47924,47931,47928,7
550,47969,47994,47970,25
551,48094,48098,48095,4
552,48161,48163,48162,2
553,48288,48291,48289,3
554,48332,48336,48335,4
555,48344,48348,48346,4
556,48410,48415,48413,5
557,48459,48467,48461,8
558,48762,48767,48765,5
559,48821,48824,48822,3
560,48982,48985,48984,3
561,49167,49171,49168,4
562,49203,49207,49205,4
563,49311,49315,49312,4
564,49341,49344,49342,3
565,49390,49394,49392,4
566,49521,49525,49523,4
567,49649,49652,49650,3
568,49815,49820,49817,5
569,49962,49965,49964,3
570,50009,50011,50010,2
571,50035,50040,50038,5
572,50192,50194,50193,2
573,50266,50268,50267,2
574,50341,50343,50342,2
575,50486,50491,50488,5
576,50542,50546,50543,4
577,50551,50556,50552,5
578,50701,50704,50702,3
579,50783,50788,50785,5
580,50812,50816,50814,4
581,50878,50882,50880,4
582,51023,51025,51024,2
583,51059,51065,51060,6
584,51182,51185,51182,3
585,51248,51252,51249,4
586,51320,51322,51321,2
587,51366,51372,51368,6
588,51413,51417,51414,4
589,51473,51475,51474,2
590,51638,51641,51638,3
591,51681,51684,51682,3
592,51719,51722,51721,3
593,51792,51795,51792,3
594,51821,51824,51823,3
595,51957,51959,51958,2
596,52061,52065,52063,4
597,52131,52136,52132,5
598,52255,52259,52258,4
599,52508,52513,52509,5
600,52556,52560,52558,4
601,52614,52617,52615,3
602,52713,52715,52713,2
603,52769,52771,52770,2
604,52872,52876,52874,4
605,52918,52919,52918,1
606,53012,53016,53014,4
607,53383,53386,53384,3
608,53433,53438,53434,5
609,53594,53597,53595,3
610,53653,53656,53654,3
611,53709,53714,53711,5
612,53819,53822,53820,3
613,53858,53862,53860,4
614,53970,53977,53971,7
615,53994,53999,53996,5
616,54058,54060,54059,2
617,54091,54093,54092,2
618,54100,54103,54101,3
619,54184,54187,54186,3
620,54215,54220,54217,5
621,54307,54310,54309,3
622,54403,54408,54405,5
623,54420,54424,54422,4
624,54465,54470,54467,5
625,54515,54518,54517,3
626,54596,54601,54599,5
627,54635,54638,54636,3
628,54670,54674,54672,4
629,54720,54723,54722,3
630,54961,54963,54962,2
631,55297,55310,55299,13
632,55339,55343,55340,4
633,55366,55369,55367,3
634,55447,55454,55451,7
635,55538,55542,55539,4
636,55594,55597,55595,3
637,55608,55612,55611,4
638,55672,55676,55674,4
639,55709,55712,55710,3
640,56177,56181,56178,4
641,56456,56458,56457,2
642,56610,56614,56612,4
643,56714,56718,56716,4
644,56801,56803,56802,2
645,56859,56862,56860,3
646,56922,56927,56923,5
647,56952,56956,56953,4
648,56980,56984,56981,4
649,56990,56993,56991,3
650,57014,57019,57016,5
651,57048,57051,57049,3
652,57058,57061,57059,3
653,57098,57101,57099,3
654,57108,57111,57109,3
655,57140,57142,57141,2
656,57172,57176,57173,4
657,57212,57215,57213,3
658,57329,57334,57332,5
659,57360,57364,57362,4
660,57399,57403,57401,4
661,57415,57419,57416,4
662,57430,57434,57432,4
663,57462,57465,57463,3
664,57582,57586,57583,4
665,57610,57615,57611,5
666,57701,57705,57703,4
667,57805,57808,57806,3
668,57887,57893,57890,6
669,58008,58011,58009,3
670,58021,58025,58022,4
671,58214,58216,58214,2
672,58302,58305,58303,3
673,58369,58372,58370,3
674,58495,58498,58496,3
675,58590,58592,58591,2
676,58650,58653,58651,3
677,58706,58711,58707,5
678,58886,58888,58886,2
679,58938,58942,58939,4
680,59045,59048,59046,3
681,59116,59118,59117,2
682,59232,59234,59233,2
683,59274,59278,59276,4
684,59514,59519,59516,5
685,59574,59578,59576,4
686,59621,59626,59623,5
687,59683,59688,59686,5
688,59765,59768,59766,3
689,59779,59782,59780,3
690,59851,59853,59852,2
691,59861,59864,59862,3
692,59896,59900,59898,4
693,59977,59979,59978,2
694,59996,60000,59997,4
695,60082,60085,60084,3
696,60106,60110,60108,4
697,60139,60142,60140,3
698,60232,60236,60234,4
699,60283,60286,60285,3
700,60381,60384,60382,3
701,60539,60543,60541,4
702,60876,60878,60877,2
703,60939,60942,60940,3
704,60972,60975,60973,3
705,61076,61079,61076,3
706,61086,61090,61088,4
707,61128,61130,61129,2
708,61177,61180,61178,3
709,61198,61202,61200,4
710,61283,61286,61284,3
711,61294,61298,61296,4
712,61341,61344,61342,3
713,61400,61404,61401,4
714,61453,61457,61454,4
715,61492,61498,61493,6
716,61542,61546,61543,4
717,61591,61594,61592,3
718,61690,61695,61692,5
719,61951,61955,61952,4
720,62121,62124,62122,3
721,62232,62235,62233,3
722,62427,62431,62429,4
723,62514,62526,62515,12
724,62633,62636,62635,3
725,62701,62705,62703,4
726,62768,62770,62769,2
727,62798,62801,62799,3
728,62885,62890,62886,5
729,62934,62937,62935,3
730,62983,62987,62986,4
731,63017,63033,63021,16
732,63121,63124,63122,3
733,63175,63179,63176,4
734,63242,63244,63243,2
735,63321,63326,63323,5
736,63476,63478,63477,2
737,63638,63641,63640,3
738,63759,63762,63760,3
739,64038,64040,64038,2
740,64092,64097,64095,5
741,64239,64242,64240,3
742,64255,64262,64256,7
743,64273,64277,64275,4
744,64321,64325,64322,4
745,64515,64518,64516,3
746,64524,64526,64525,2
747,64599,64602,64600,3
748,64611,64616,64614,5
749,64700,64703,64701,3
750,64721,64725,64723,4
751,64864,64869,64866,5
752,64994,64999,64998,5
753,65120,65123,65122,3
754,65346,65350,65347,4
755,65596,65600,65597,4
756,65820,65824,65821,4
757,65915,65920,65917,5
758,65945,65948,65947,3
759,65964,65969,65965,5
760,66029,66032,66030,3
761,66088,66090,66088,2
762,66236,66239,66238,3
763,66431,66434,66433,3
764,66490,66494,66491,4
765,66525,66529,66526,4
766,66640,66643,66641,3
767,66831,66833,66832,2
768,66959,66964,66961,5
769,67087,67091,67090,4
770,67200,67202,67200,2
771,67633,67636,67633,3
772,67665,67668,67666,3
773,67751,67754,67752,3
774,67781,67785,67783,4
775,67829,67832,67830,3
776,68278,68280,68279,2
777,68547,68550,68547,3
778,68652,68655,68652,3
779,68742,68746,68744,4
780,68831,68833,68832,2
781,69135,69137,69135,2
782,69359,69363,69360,4
783,69382,69385,69383,3
784,69571,69575,69572,4
785,69922,69926,69924,4
786,70043,70047,70045,4
787,70128,70131,70129,3
788,70174,70177,70176,3
789,70300,70305,70301,5
790,70388,70392,70389,4
791,70455,70459,70456,4
792,70465,70469,70467,4
793,70525,70528,70526,3
794,70569,70572,70570,3
795,70706,70709,70706,3
796,70793,70796,70794,3
797,70969,70973,70971,4
798,71035,71038,71036,3
799,71127,71130,71129,3
800,71168,71172,71170,4
801,71232,71235,71233,3
802,71316,71319,71317,3
803,71345,71349,71346,4
804,71391,71394,71392,3
805,71431,71433,71432,2
806,71489,71491,71490,2
807,71505,71508,71506,3
808,71583,71588,71585,5
809,71643,71648,71645,5
810,71655,71660,71657,5
811,71670,71672,71671,2
812,71717,71720,71719,3
813,71773,71779,71776,6
814,71795,71806,71798,11
815,71892,71903,71893,11
816,71970,71973,71971,3
817,72012,72021,72013,9
818,72105,72107,72106,2
819,72133,72138,72137,5
820,72177,72180,72178,3
821,72275,72280,72278,5
822,72412,72415,72414,3
823,72557,72561,72558,4
824,72645,72648,72646,3
825,72722,72726,72724,4
826,72875,72880,72879,5
827,72958,72963,72960,5
828,73128,73131,73129,3
829,73191,73196,73192,5
830,73235,73238,73236,3
831,73481,73483,73482,2
832,73593,73596,73594,3
833,73642,73645,73642,3
834,73709,73713,73711,4
835,73772,73776,73774,4
836,73829,73833,73830,4
837,73888,73893,73892,5
838,73928,73932,73930,4
839,74026,74033,74030,7
840,74082,74084,74083,2
841,74117,74119,74117,2
842,74181,74183,74181,2
843,74238,74248,74238,10
844,74326,74339,74330,13
845,74378,74382,74379,4
846,74406,74409,74407,3
847,74595,74598,74596,3
848,74627,74635,74628,8
849,74661,74668,74663,7
850,74693,74699,74694,6
851,74707,74713,74711,6
852,74738,74743,74740,5
853,74798,74800,74799,2
854,74856,74860,74857,4
855,74937,74939,74938,2
856,75044,75055,75048,11
857,75147,75149,75148,2
858,75213,75216,75214,3
859,75323,75327,75324,4
860,75529,75533,75531,4
861,75678,75680,75679,2
862,75721,75725,75722,4
863,75797,75799,75798,2
864,75878,75880,75878,2
865,75937,75938,75937,1
866,76001,76006,76004,5
867,76013,76017,76014,4
868,76082,76086,76084,4
869,76204,76208,76206,4
870,76279,76283,76281,4
871,76289,76295,76291,6
872,76422,76429,76424,7
873,76466,76477,76468,11
874,76539,76544,76540,5
875,76584,76588,76585,4
876,76628,76632,76629,4
877,76675,76679,76676,4
878,76697,76700,76698,3
879,76747,76754,76750,7
880,76788,76793,76789,5
881,76816,76821,76819,5
882,76846,76852,76848,6
883,76943,76947,76946,4
884,76981,76986,76983,5
885,77002,77006,77003,4
886,77053,77059,77054,6
887,77117,77118,77117,1
888,77241,77244,77241,3
889,77269,77271,77270,2
890,77300,77317,77301,17
891,77347,77351,77348,4
892,77389,77391,77390,2
893,77410,77414,77411,4
894,77439,77442,77441,3
895,77487,77511,77490,24
896,77534,77547,77537,13
897,77636,77640,77637,4
898,77664,77671,77666,7
899,77684,77693,77688,9
900,77775,77779,77776,4
901,77843,77848,77845,5
902,77912,77916,77914,4
903,77954,77956,77955,2
904,77989,77995,77992,6
905,78070,78073,78072,3
906,78095,78099,78096,4
907,78106,78113,78108,7
908,78179,78185,78181,6
909,78203,78207,78205,4
910,78259,78263,78261,4
911,78503,78508,78504,5
912,78524,78529,78527,5
913,78569,78572,78570,3
914,78581,78587,78584,6
915,78711,78716,78712,5
916,78770,78775,78772,5
917,78924,78927,78926,3
918,78947,78951,78948,4
919,79034,79045,79036,11
920,79082,79091,79083,9
921,79134,79136,79135,2
922,79144,79147,79145,3
923,79271,79274,79272,3
924,79290,79294,79292,4
925,79336,79340,79337,4
926,79360,79365,79363,5
927,79447,79450,79448,3
928,79496,79500,79497,4
929,79697,79701,79699,4
930,79926,79928,79927,2
931,80297,80299,80298,2
932,80388,80393,80389,5
933,80549,80553,80551,4
934,80623,80626,80624,3
935,81147,81153,81150,6
936,81281,81285,81281,4
937,81401,81404,81402,3
938,81490,81492,81490,2
939,81555,81559,81557,4
940,81608,81611,81609,3
941,81663,81665,81663,2
942,81776,81779,81778,3
943,81793,81796,81794,3
944,81861,81865,81863,4
945,81879,81880,81879,1
946,81928,81933,81930,5
947,82018,82020,82019,2
948,82059,82062,82060,3
949,82246,82250,82248,4
950,82269,82272,82270,3
951,82502,82504,82503,2
952,82730,82732,82730,2
953,82773,82776,82775,3
954,83123,83126,83124,3
955,83313,83316,83314,3
956,83379,83381,83380,2
957,83583,83587,83584,4
958,83630,83636,83631,6
959,83709,83717,83710,8
960,83769,83775,83772,6
961,83848,83852,83849,4
962,83925,83928,83926,3
963,84035,84041,84039,6
964,84085,84089,84086,4
965,84128,84133,84131,5
966,84159,84162,84160,3
967,84210,84214,84211,4
968,84276,84278,84277,2
969,84318,84322,84320,4
970,84700,84702,84701,2
971,84853,84857,84855,4
972,84894,84897,84895,3
973,84948,84951,84949,3
974,85005,85007,85005,2
975,85112,85115,85112,3
976,85280,85283,85282,3
977,85357,85360,85358,3
978,85404,85408,85406,4
979,85630,85633,85631,3
980,85687,85689,85688,2
981,85784,85788,85784,4
982,85861,85863,85862,2
983,85874,85879,85877,5
984,85929,85931,85929,2
985,85971,85974,85971,3
986,86012,86017,86015,5
987,86066,86070,86067,4
988,86239,86241,86239,2
989,86260,86266,86261,6
990,86325,86328,86326,3
991,86376,86380,86377,4
992,86419,86421,86420,2
993,86508,86513,86510,5
994,86540,86543,86542,3
995,86577,86579,86578,2
996,86650,86655,86651,5
997,86706,86710,86707,4
998,86963,86966,86964,3
999,87381,87385,87384,4
1000,87404,87408,87404,4
1001,87630,87634,87633,4
1002,88105,88108,88106,3
1003,88138,88142,88140,4
1004,88180,88184,88181,4
1005,88279,88281,88280,2
1006,88371,88375,88372,4
1007,88498,88500,88499,2
1008,88588,88590,88589,2
1009,88606,88610,88608,4
1010,89108,89110,89109,2
1011,89312,89313,89312,1
1012,89574,89575,89574,1
1013,89608,89611,89610,3
1014,89825,89829,89825,4
1015,90012,90014,90013,2
1016,90187,90384,90188,197
1017,90397,90402,90398,5
1018,90472,90476,90473,4
1019,90586,90588,90587,2
1020,93498,93502,93499,4
1021,93675,93686,93677,11
1022,93865,93876,93869,11
1023,94041,94045,94043,4
1024,94064,94070,94067,6
1025,94195,94198,94196,3
1026,94366,94371,94367,5
1027,94451,94455,94453,4
1028,94497,94499,94498,2
1029,94510,94512,94511,2
1030,94849,94854,94851,5
1031,94997,95002,94999,5
1032,95057,95060,95058,3
1033,95093,95097,95094,4
1034,95136,95138,95137,2
1035,95204,95207,95204,3
1036,95246,95249,95247,3
1037,95297,95300,95298,3
1038,95376,95397,95379,21
1039,95412,95427,95413,15
1040,95495,95498,95496,3
1041,95516,95519,95518,3
1042,95566,95570,95567,4
1043,95632,95635,95633,3
1044,95694,95698,95697,4
1045,95731,95736,95733,5
1046,95894,95898,95895,4
1047,95961,95966,95964,5
1048,96030,96034,96032,4
1049,96321,96323,96321,2
1050,96656,96660,96658,4
1051,96669,96672,96670,3
1052,96930,96933,96931,3
1053,96974,96977,96976,3
1054,97172,97175,97173,3
1055,97529,97531,97530,2
1056,97610,97612,97611,2
1057,97828,97832,97829,4
1058,98130,98133,98131,3
1059,98285,98288,98286,3
1060,98599,98602,98600,3
1061,98697,98700,98698,3
1062,98747,98749,98747,2
1063,98849,98854,98849,5
1064,98958,98964,98960,6
1065,99031,99034,99032,3
1066,99168,99172,99169,4
1067,99231,99235,99234,4
1068,99283,99286,99284,3
1069,99414,99419,99415,5
1070,99423,99429,99425,6
1071,99485,99490,99486,5
1072,99535,99538,99536,3
1073,99574,99578,99575,4
1074,99623,99627,99625,4
1075,99699,99703,99700,4
1076,99744,99748,99746,4
1077,99832,99837,99834,5
1078,99916,99918,99917,2
1079,99925,99931,99928,6
1080,100027,100029,100028,2
1081,100074,100076,100074,2
1082,100127,100133,100130,6
1083,100147,100149,100148,2
1084,100256,100259,100258,3
1085,100388,100391,100389,3
1086,100578,100580,100579,2
1087,100588,100593,100589,5
1088,100645,100650,100646,5
1089,100696,100700,100697,4
1090,100924,100928,100926,4
1091,100961,100965,100964,4
1092,101070,101073,101071,3
1093,101143,101147,101144,4
1094,101208,101210,101209,2
1095,101488,101491,101489,3
1096,101738,101741,101739,3
1097,102036,102039,102038,3
1098,102112,102117,102114,5
1099,102176,102180,102177,4
1100,102294,102298,102296,4
1101,102721,102724,102722,3
1102,102771,102777,102773,6
1103,102844,102847,102845,3
1104,102881,102884,102882,3
1105,102977,102980,102979,3
1106,103100,103106,103102,6
1107,103224,103229,103225,5
1108,103385,103389,103386,4
1109,103630,103632,103631,2
1110,103719,103722,103719,3
1111,103904,103911,103908,7
1112,104096,104098,104097,2
1113,104125,104130,104128,5
1114,104191,104194,104192,3
1115,104290,104293,104292,3
1116,104475,104477,104476,2
1117,104611,104614,104611,3
1118,104630,104637,104633,7
1119,104812,104817,104813,5
1120,104912,104915,104913,3
1121,105013,105016,105015,3
1122,105130,105133,105131,3
1123,105293,105295,105294,2
1124,105339,105344,105342,5
1125,105374,105377,105375,3
1126,105437,105442,105439,5
1127,105506,105508,105507,2
1128,105626,105631,105629,5
1129,105690,105693,105692,3
1130,105801,105804,105802,3
1131,105867,105870,105868,3
1132,105939,105942,105940,3
1133,105985,105988,105987,3
1134,106011,106014,106012,3
1135,106084,106087,106085,3
1136,106225,106229,106227,4
1137,106256,106260,106259,4
1138,106346,106349,106348,3
1139,106384,106390,106386,6
1140,106395,106400,106397,5
1141,106432,106438,106434,6
1142,106443,106447,106444,4
1143,106499,106502,106500,3
1144,106553,106557,106555,4
1145,106587,106590,106589,3
1146,106643,106646,106645,3
1147,106819,106822,106820,3
1148,106902,106907,106904,5
1149,106915,106920,106915,5
1150,107022,107024,107023,2
1151,107141,107142,107141,1
1152,107605,107608,107606,3
1153,107820,107823,107821,3
1154,108057,108060,108058,3
1155,108122,108125,108123,3
1156,108184,108188,108185,4
1157,108260,108263,108261,3
1158,108295,108301,108297,6
1159,108326,108330,108327,4
1160,108457,108462,108458,5
1161,108551,108554,108553,3
1162,108686,108689,108687,3
1163,108750,108753,108751,3
1164,108941,108943,108942,2
1165,109155,109158,109157,3
1166,109251,109254,109252,3
1167,109446,109452,109447,6
1168,109478,109484,109480,6
1169,109491,109494,109492,3
1170,109624,109628,109626,4
1171,109712,109715,109713,3
1172,109946,109949,109947,3
1173,109989,109993,109991,4
1174,110050,110053,110051,3
1175,110175,110182,110177,7
1176,110238,110242,110239,4
1177,110280,110283,110282,3
1178,110343,110348,110345,5
1179,110399,110406,110402,7
1180,110458,110462,110460,4
1181,110560,110564,110563,4
1182,110641,110643,110642,2
1183,110719,110721,110720,2
1184,110835,110839,110837,4
1185,110881,110882,110881,1
1186,111071,111075,111072,4
1187,111092,111094,111093,2
1188,111130,111135,111132,5
1189,111156,111158,111157,2
1190,111181,111185,111182,4
1191,111209,111211,111210,2
1192,111229,111233,111230,4
1193,111307,111310,111308,3
1194,111391,111393,111392,2
1195,111439,111441,111440,2
1196,111487,111492,111487,5
1197,111508,111512,111510,4
1198,111649,111653,111651,4
1199,111693,111699,111696,6
1200,111732,111736,111733,4
1201,111810,111816,111812,6
1202,111924,111931,111926,7
1203,111960,111965,111961,5
1204,111973,111977,111974,4
1205,112196,112202,112197,6
1206,112235,112240,112238,5
1207,112246,112249,112247,3
1208,112374,112378,112375,4
1209,112483,112486,112484,3
1210,112670,112672,112671,2
1211,112882,112886,112884,4
1212,113030,113033,113032,3
1213,113050,113053,113051,3
1214,113121,113122,113121,1
1215,113183,113186,113184,3
1216,113214,113217,113215,3
1217,113226,113231,113228,5
1218,113250,113255,113252,5
1219,113290,113295,113291,5
1220,113348,113353,113349,5
1221,113482,113485,113483,3
1222,113673,113676,113675,3
1223,113685,113690,113686,5
1224,113714,113717,113716,3
1225,113868,113872,113869,4
1226,114000,114004,114002,4
1227,114038,114041,114039,3
1228,114074,114077,114075,3
1229,114255,114259,114256,4
1230,114419,114423,114420,4
1231,114594,114600,114595,6
1232,114637,114642,114639,5
1233,114671,114677,114673,6
1234,114723,114727,114724,4
1235,114889,114896,114892,7
1236,114936,114942,114938,6
1237,115123,115126,115125,3
1238,115156,115162,115159,6
1239,115743,115748,115744,5
1240,115764,115770,115765,6
1241,115867,115871,115868,4
1242,115929,115933,115930,4
1243,115999,116008,116000,9
1244,116014,116017,116016,3
1245,116025,116030,116026,5
1246,116095,116099,116096,4
1247,116126,116130,116127,4
1248,116143,116146,116144,3
1249,116181,116185,116182,4
1250,116323,116325,116324,2
1251,116377,116381,116378,4
1252,116630,116634,116633,4
1253,116725,116730,116726,5
1254,116778,116784,116781,6
1255,116864,116868,116865,4
1256,116913,116919,116916,6
1257,116991,116996,116992,5
1258,117066,117070,117067,4
1259,117082,117087,117083,5
1260,117111,117115,117112,4
1261,117136,117141,117138,5
1262,117195,117200,117196,5
1263,117268,117271,117269,3
1264,117288,117292,117289,4
1265,117299,117303,117300,4
1266,117372,117375,117374,3
1267,117393,117395,117394,2
1268,117444,117449,117446,5
1269,117652,117656,117654,4
1270,117735,117750,117736,15
1271,117864,117867,117865,3
1272,117980,117986,117983,6
1273,118259,118268,118260,9
1274,118291,118297,118294,6
1275,118329,118332,118330,3
1276,118436,118441,118438,5
1277,118542,118548,118544,6
1278,118561,118566,118562,5
1279,118657,118661,118659,4
1280,118667,118672,118668,5
1281,118727,118730,118728,3
1282,118802,118808,118803,6
1283,118845,118864,118846,19
1284,118897,118913,118898,16
1285,119086,119099,119088,13
1286,119219,119225,119221,6
1287,119364,119369,119365,5
1288,119415,119417,119416,2
1289,119452,119458,119453,6
1290,119850,119876,119852,26
1291,119877,119892,119877,15
1292,119893,119897,119893,4
1293,119974,119976,119975,2
1294,120044,120048,120045,4
1295,120066,120118,120066,52
1296,120147,120150,120147,3
1297,120177,120190,120178,13
1298,120272,120276,120273,4
1299,120348,120377,120352,29
1300,120404,120408,120405,4
1301,120550,120551,120550,1
1302,120629,120634,120632,5
1303,120701,120707,120703,6
1304,120781,120786,120783,5
1305,120806,120808,120807,2
1306,120828,120833,120830,5
1307,120848,120865,120849,17
1308,120893,120899,120894,6
1309,120924,120947,120927,23
1310,121007,121011,121008,4
1311,121060,121074,121063,14
1312,121097,121119,121098,22
1313,121149,121155,121151,6
1314,121273,121277,121274,4
1315,121404,121407,121406,3
1316,121529,121534,121530,5
1317,121602,121605,121604,3
1318,121645,121649,121647,4
1319,121972,121976,121973,4
1320,122148,122151,122149,3
1321,122279,122282,122280,3
1322,122350,122354,122352,4
1323,122440,122444,122441,4
1324,122504,122507,122506,3
1325,122548,122562,122549,14
1326,122613,122617,122616,4
1327,122744,122749,122745,5
1328,122897,122899,122898,2
1329,123229,123233,123231,4
1330,123304,123306,123305,2
1331,123371,123373,123372,2
1332,123396,123400,123398,4
1333,123447,123457,123448,10
1334,123534,123538,123536,4
1335,123578,123581,123579,3
1336,123638,123640,123639,2
1337,123680,123683,123681,3
1338,123713,123717,123715,4
1339,123770,123774,123772,4
1340,123875,123878,123877,3
1341,124032,124037,124035,5
1342,124159,124162,124160,3
1343,124255,124259,124256,4
1344,124331,124334,124332,3
1345,124431,124434,124432,3
1346,124571,124574,124573,3
1347,124782,124786,124784,4
1348,124964,124968,124965,4
1349,125036,125040,125037,4
1350,125144,125148,125147,4
1351,125302,125310,125303,8
1352,125330,125333,125331,3
1353,125387,125390,125388,3
1354,125403,125407,125406,4
1355,125452,125458,125454,6
1356,125529,125532,125530,3
1357,125586,125590,125589,4
1358,125719,125721,125720,2
1359,125785,125789,125787,4
1360,125866,125869,125867,3
1361,125887,125890,125888,3
1362,125939,125943,125941,4
1363,125995,125998,125996,3
1364,126064,126066,126065,2
1365,126121,126124,126122,3
1366,126156,126163,126157,7
1367,126236,126240,126239,4
1368,126317,126320,126318,3
1369,126335,126337,126336,2
1370,126557,126560,126558,3
1371,126608,126624,126611,16
1372,126768,126771,126770,3
1373,126787,126804,126788,17
1374,126837,126840,126839,3
1375,126961,126964,126962,3
1376,126998,127009,127000,11
1377,127030,127034,127031,4
1378,127061,127065,127062,4
1379,127118,127122,127119,4
1380,127213,127218,127214,5
1381,127256,127272,127257,16
1382,127290,127298,127291,8
1383,127454,127478,127456,24
1384,127713,127717,127715,4
1385,128073,128075,128073,2
1386,128467,128477,128469,10
1387,128499,128502,128501,3
1388,128526,128535,128527,9
1389,128711,128714,128712,3
1390,128778,128781,128780,3
1391,128821,128825,128823,4
1392,128852,128856,128854,4
1393,128890,128893,128892,3
1394,129046,129050,129048,4
1395,129117,129120,129118,3
1396,129187,129192,129190,5
1397,129244,129246,129245,2
1398,129302,129304,129302,2
1399,129335,129339,129336,4
1400,129344,129350,129346,6
1401,129374,129378,129375,4
1402,129422,129424,129423,2
1403,129448,129452,129451,4
1404,129481,129487,129485,6
1405,129570,129576,129573,6
1406,129692,129696,129694,4
1407,129783,129786,129784,3
1408,129963,129972,129967,9
1409,129998,130005,129999,7
1410,130181,130185,130184,4
1411,130303,130305,130304,2
1412,130433,130437,130434,4
1413,130513,130517,130515,4
1414,130603,130606,130605,3
1415,130633,130637,130635,4
1416,130664,130668,130665,4
1417,130771,130774,130772,3
1418,130821,130825,130823,4
1419,130949,130953,130949,4
1420,130964,130965,130964,1
1421,131051,131058,131053,7
1422,131125,131128,131127,3
1423,131142,131144,131143,2
1424,131151,131155,131153,4
1425,131280,131282,131281,2
1426,131320,131324,131321,4
1427,131334,131342,131335,8
1428,131364,131373,131365,9
1429,131656,131661,131657,5
1430,131771,131773,131772,2
1431,131814,131818,131816,4
1432,131843,131847,131844,4
1433,131986,131988,131987,2
1434,132015,132016,132015,1
1435,132075,132077,132075,2
1436,132088,132107,132089,19
1437,132190,132194,132191,4
1438,132199,132202,132201,3
1439,132332,132335,132334,3
1440,132395,132399,132396,4
1441,132461,132464,132463,3
1442,132530,132534,132531,4
1443,132583,132586,132584,3
1444,132800,132803,132801,3
1445,132914,132918,132916,4
1446,133072,133076,133074,4
1447,133178,133181,133179,3
1448,133247,133250,133248,3
1449,133335,133338,133335,3
1450,133392,133396,133393,4
1451,133486,133489,133488,3
1452,133799,133803,133800,4
1453,133817,133821,133820,4
1454,133990,133993,133991,3
1455,134001,134006,134003,5
1456,134279,134283,134280,4
1457,134347,134349,134348,2
1458,134364,134369,134365,5
1459,134405,134408,134406,3
1460,134421,134426,134423,5
1461,134518,134521,134519,3
1462,134582,134586,134584,4
1463,134593,134599,134595,6
1464,134613,134617,134615,4
1465,134812,134814,134813,2
1466,134922,134924,134923,2
1467,135132,135135,135133,3
1468,135178,135181,135180,3
1469,135193,135197,135194,4
1470,135323,135326,135324,3
1471,135357,135363,135358,6
1472,135421,135424,135423,3
1473,135563,135565,135564,2
1474,135601,135604,135602,3
1475,135627,135630,135627,3
1476,135715,135719,135715,4
1477,135796,135799,135797,3
1478,135849,135853,135850,4
1479,136015,136018,136016,3
1480,136320,136325,136322,5
1481,136404,136407,136404,3
1482,136442,136446,136444,4
1483,136529,136533,136531,4
1484,136702,136705,136703,3
1485,136784,136788,136785,4
1486,136861,136868,136864,7
1487,136895,136898,136896,3
1488,136915,136919,136918,4
1489,136958,136962,136959,4
1490,137003,137007,137005,4
1491,137042,137045,137043,3
1492,137100,137107,137101,7
1493,137173,137177,137174,4
1494,137263,137267,137264,4
1495,137333,137337,137336,4
1496,137513,137516,137514,3
1497,137523,137527,137525,4
1498,137704,137707,137706,3
1499,137724,137729,137725,5
1500,137736,137740,137738,4
1501,137825,137829,137827,4
1502,137861,137866,137862,5
1503,137877,137879,137878,2
1504,137940,137946,137943,6
1505,137984,137988,137986,4
1506,138114,138119,138116,5
1507,138188,138195,138189,7
1508,138274,138280,138277,6
1509,138382,138391,138383,9
1510,138540,138544,138542,4
1511,138616,138620,138617,4
1512,138887,138890,138888,3
1513,139013,139016,139015,3
1514,139063,139065,139064,2
1515,139150,139154,139151,4
1516,139214,139221,139216,7
1517,139253,139268,139255,15
1518,139275,139277,139276,2
1519,139374,139384,139375,10
1520,139418,139421,139419,3
1521,139452,139455,139454,3
1522,139545,139548,139546,3
1523,139722,139725,139723,3
1524,139763,139766,139765,3
1525,139817,139820,139818,3
1526,139886,139890,139888,4
1527,139910,139916,139911,6
1528,139954,139956,139955,2
1529,140063,140067,140065,4
1530,140215,140220,140217,5
1531,140235,140241,140237,6
1532,140445,140450,140448,5
1533,140516,140520,140517,4
1534,140538,140544,140540,6
1535,140582,140588,140583,6
1536,140861,140865,140863,4
1537,140922,140927,140923,5
1538,141005,141011,141006,6
1539,141077,141080,141078,3
1540,141164,141169,141165,5
1541,141249,141253,141252,4
1542,141288,141295,141291,7
1543,141364,141366,141365,2
1544,141379,141380,141379,1
1545,141390,141395,141393,5
1546,141417,141422,141418,5
1547,141481,141487,141484,6
1548,141521,141524,141522,3
1549,141636,141638,141637,2
1550,141666,141674,141669,8
1551,141693,141699,141694,6
1552,141798,141801,141799,3
1553,141992,141994,141993,2
1554,142221,142226,142224,5
1555,142255,142270,142257,15
1556,142756,142760,142759,4
1557,143383,143389,143384,6
1558,143764,143770,143765,6
1559,143976,143981,143978,5
1560,144035,144046,144039,11
1561,144169,144173,144170,4
1562,144521,144528,144523,7
1563,144588,144597,144589,9
1564,144668,144671,144669,3
1565,144700,144706,144700,6
1566,144710,144711,144710,1
1567,144925,145031,144926,106
1568,145075,145102,145076,27
1569,145404,145438,145404,34
1570,145499,145508,145500,9
1571,145668,145669,145668,1
1572,145676,145681,145679,5
1573,145712,145733,145712,21
