,Start_blink,End_blink,Blink_frame,No_of_frames
0,32,65,32,33
1,90,91,90,1
2,156,157,156,1
3,204,207,204,3
4,352,357,352,5
5,482,482,482,0
6,530,530,530,0
7,625,626,625,1
8,662,662,662,0
9,701,701,701,0
10,1071,1072,1071,1
11,1172,1175,1172,3
12,1298,1322,1298,24
13,1338,1339,1338,1
14,1357,1358,1357,1
15,1375,1375,1375,0
16,1546,1547,1546,1
17,2043,2043,2043,0
18,2253,2253,2253,0
19,2433,2433,2433,0
20,2621,2621,2621,0
21,2646,2646,2646,0
22,2934,2935,2934,1
23,3069,3069,3069,0
24,3100,3101,3100,1
25,3870,3873,3872,3
26,3932,3932,3932,0
27,4002,4003,4002,1
28,4124,4129,4124,5
29,4535,4535,4535,0
30,4635,4635,4635,0
31,5045,5049,5045,4
32,5184,5192,5184,8
33,5254,5255,5254,1
34,5292,5292,5292,0
35,5332,5352,5332,20
36,5408,5463,5408,55
37,5484,5484,5484,0
38,5584,5584,5584,0
39,5609,5612,5609,3
40,5751,5751,5751,0
41,5764,5768,5767,4
42,6491,6505,6491,14
43,6572,6573,6572,1
44,6636,6637,6636,1
45,6714,6721,6714,7
46,6776,6776,6776,0
47,6792,6792,6792,0
48,6898,6898,6898,0
49,7187,7188,7187,1
50,7250,7262,7250,12
51,7263,7264,7263,1
52,7805,7805,7805,0
53,8005,8006,8005,1
54,8034,8034,8034,0
55,8232,8232,8232,0
56,8316,8316,8316,0
57,8371,8380,8371,9
58,8549,8549,8549,0
59,8599,8599,8599,0
60,8613,8613,8613,0
61,8662,8662,8662,0
62,8680,8681,8680,1
63,8731,8731,8731,0
64,8780,8781,8780,1
65,8884,8884,8884,0
66,8949,8949,8949,0
67,9050,9056,9050,6
68,9200,9203,9200,3
69,9272,9274,9272,2
70,9358,9358,9358,0
71,9376,9376,9376,0
72,9564,9564,9564,0
73,9665,9670,9665,5
74,9748,9748,9748,0
75,9772,9772,9772,0
76,10019,10019,10019,0
77,10039,10039,10039,0
78,10282,10285,10282,3
79,10321,10321,10321,0
80,10383,10383,10383,0
81,10506,10508,10506,2
82,10521,10521,10521,0
83,10681,10681,10681,0
84,10746,10747,10746,1
85,10878,10879,10878,1
86,10995,10996,10995,1
87,11118,11118,11118,0
88,11241,11245,11241,4
89,11412,11412,11412,0
90,11444,11444,11444,0
91,11469,11469,11469,0
92,11626,11633,11626,7
93,11793,11793,11793,0
94,11966,11970,11966,4
95,12088,12088,12088,0
96,12282,12282,12282,0
97,12338,12339,12338,1
98,12387,12387,12387,0
99,12476,12476,12476,0
100,12573,12573,12573,0
101,12595,12597,12595,2
102,12654,12654,12654,0
103,12703,12704,12703,1
104,12751,12751,12751,0
105,12802,12806,12802,4
106,12815,12816,12815,1
107,12867,12868,12867,1
108,12909,12911,12909,2
109,12950,12953,12950,3
110,13054,13056,13054,2
111,13099,13102,13099,3
112,13144,13144,13144,0
113,13177,13177,13177,0
114,13280,13280,13280,0
115,13348,13348,13348,0
116,13414,13415,13414,1
117,13479,13480,13479,1
118,13577,13578,13577,1
119,13594,13595,13594,1
120,13669,13674,13669,5
121,13713,13717,13713,4
122,13758,13759,13758,1
123,13790,13795,13790,5
124,13815,13823,13817,8
125,13868,13873,13868,5
126,13917,13918,13917,1
127,13964,13965,13964,1
128,14026,14027,14026,1
129,14049,14050,14049,1
130,14099,14102,14099,3
131,14123,14124,14123,1
132,14156,14157,14156,1
133,14200,14200,14200,0
134,14267,14267,14267,0
135,14342,14342,14342,0
136,14430,14433,14430,3
137,14495,14495,14495,0
138,14550,14550,14550,0
139,14625,14627,14625,2
140,14693,14701,14693,8
141,14702,14703,14702,1
142,14822,14823,14822,1
143,14868,14869,14868,1
144,14927,14929,14927,2
145,14973,14974,14973,1
146,14988,14988,14988,0
147,15078,15078,15078,0
148,15115,15115,15115,0
149,15163,15163,15163,0
150,15204,15204,15204,0
151,15245,15245,15245,0
152,15286,15286,15286,0
153,15325,15327,15325,2
154,15374,15374,15374,0
155,15410,15410,15410,0
156,15432,15435,15432,3
157,15499,15499,15499,0
158,15563,15563,15563,0
159,15646,15647,15646,1
160,15772,15773,15772,1
161,15874,15874,15874,0
162,15953,15953,15953,0
163,15997,15999,15997,2
164,16071,16072,16071,1
165,16109,16111,16109,2
166,16170,16171,16170,1
167,16208,16209,16208,1
168,16294,16299,16294,5
169,16306,16308,16306,2
170,16334,16338,16334,4
171,16356,16357,16356,1
172,16374,16375,16374,1
173,16422,16423,16422,1
174,16462,16462,16462,0
175,16475,16475,16475,0
176,16590,16590,16590,0
177,16614,16614,16614,0
178,16716,16718,16716,2
179,16785,16785,16785,0
180,16832,16832,16832,0
181,17047,17052,17047,5
182,17072,17072,17072,0
183,17142,17146,17142,4
184,17239,17239,17239,0
185,17395,17396,17395,1
186,17486,17488,17486,2
187,17496,17499,17496,3
188,17685,17687,17685,2
189,17726,17727,17726,1
190,17895,17905,17895,10
191,17941,17941,17941,0
192,18039,18039,18039,0
193,18114,18114,18114,0
194,18184,18192,18184,8
195,18250,18258,18250,8
196,18292,18293,18292,1
197,18355,18355,18355,0
198,18394,18394,18394,0
199,18442,18443,18442,1
200,18489,18489,18489,0
201,18521,18521,18521,0
202,18608,18610,18608,2
203,18662,18662,18662,0
204,18814,18815,18814,1
205,18917,18917,18917,0
206,18976,18980,18979,4
207,18996,18996,18996,0
208,19065,19065,19065,0
209,19089,19092,19089,3
210,19120,19121,19120,1
211,19181,19182,19181,1
212,19235,19238,19237,3
213,19313,19314,19313,1
214,19378,19379,19378,1
215,19477,19478,19477,1
216,19506,19509,19506,3
217,19574,19575,19574,1
218,19658,19658,19658,0
219,19713,19714,19713,1
220,19848,19848,19848,0
221,19893,19893,19893,0
222,19973,19973,19973,0
223,20059,20060,20059,1
224,20117,20122,20117,5
225,20220,20220,20220,0
226,20277,20278,20277,1
227,20362,20362,20362,0
228,20472,20472,20472,0
229,20520,20522,20520,2
230,20631,20632,20631,1
231,20650,20650,20650,0
232,20742,20742,20742,0
233,20794,20795,20794,1
234,20862,20865,20862,3
235,20889,20889,20889,0
236,21092,21094,21092,2
237,21171,21171,21171,0
238,21200,21200,21200,0
239,21219,21221,21219,2
240,21251,21252,21251,1
241,21341,21345,21341,4
242,21416,21416,21416,0
243,21464,21464,21464,0
244,21510,21540,21510,30
245,21608,21608,21608,0
246,21824,21826,21824,2
247,21879,21879,21879,0
248,21923,21924,21923,1
249,21943,21943,21943,0
250,22000,22000,22000,0
251,22130,22138,22130,8
252,22373,22373,22373,0
253,22414,22414,22414,0
254,22427,22428,22427,1
255,22455,22457,22455,2
256,22610,22611,22610,1
257,22622,22623,22622,1
258,22661,22661,22661,0
259,22746,22756,22746,10
260,22791,22795,22791,4
261,22869,22869,22869,0
262,22922,22922,22922,0
263,22979,22981,22979,2
264,23014,23014,23014,0
265,23100,23101,23100,1
266,23227,23227,23227,0
267,23284,23285,23284,1
268,23340,23341,23340,1
269,23375,23375,23375,0
270,23391,23394,23391,3
271,23442,23444,23442,2
272,23551,23551,23551,0
273,23605,23605,23605,0
274,23674,23677,23674,3
275,23719,23719,23719,0
276,23752,23755,23752,3
277,23765,23765,23765,0
278,23805,23806,23805,1
279,23884,23884,23884,0
280,23895,23895,23895,0
281,23966,23967,23966,1
282,24004,24005,24004,1
283,24055,24057,24055,2
284,24107,24109,24107,2
285,24159,24159,24159,0
286,24202,24202,24202,0
287,24267,24267,24267,0
288,24278,24280,24278,2
289,24311,24312,24311,1
290,24327,24327,24327,0
291,24348,24348,24348,0
292,24386,24391,24389,5
293,24432,24435,24434,3
294,24550,24551,24550,1
295,24618,24618,24618,0
296,24652,24654,24652,2
297,24665,24665,24665,0
298,24715,24716,24715,1
299,24776,24788,24776,12
300,24796,24796,24796,0
301,24904,24904,24904,0
302,24960,24960,24960,0
303,25039,25039,25039,0
304,25069,25070,25069,1
305,25184,25186,25184,2
306,25231,25231,25231,0
307,25251,25251,25251,0
308,25341,25341,25341,0
309,25548,25548,25548,0
310,25678,25678,25678,0
311,25943,25943,25943,0
312,26040,26040,26040,0
313,26061,26061,26061,0
314,26247,26247,26247,0
315,26278,26278,26278,0
316,26332,26332,26332,0
317,26374,26374,26374,0
318,26565,26565,26565,0
319,26578,26580,26578,2
320,26597,26611,26597,14
321,26626,26629,26626,3
322,26641,26641,26641,0
323,26677,26677,26677,0
324,26761,26761,26761,0
325,26781,26781,26781,0
326,26968,26977,26968,9
327,27142,27145,27142,3
328,27218,27224,27218,6
329,27261,27261,27261,0
330,27304,27305,27304,1
331,27375,27376,27375,1
332,27514,27515,27514,1
333,27658,27662,27658,4
334,27689,27690,27689,1
335,27759,27764,27759,5
336,27796,27796,27796,0
337,27858,27859,27858,1
338,27873,27874,27873,1
339,27901,27904,27902,3
340,27976,27976,27976,0
341,28006,28006,28006,0
342,28073,28073,28073,0
343,28212,28214,28212,2
344,28231,28232,28231,1
345,28313,28313,28313,0
346,28523,28523,28523,0
347,28564,28564,28564,0
348,28609,28610,28609,1
349,28667,28671,28667,4
350,28728,28728,28728,0
351,28760,28760,28760,0
352,28855,28855,28855,0
353,28910,28910,28910,0
354,28944,28944,28944,0
355,28975,28975,28975,0
356,28994,28995,28994,1
357,29071,29072,29071,1
358,29135,29135,29135,0
359,29190,29191,29190,1
360,29202,29203,29202,1
361,29332,29332,29332,0
362,29346,29346,29346,0
363,29546,29546,29546,0
364,29632,29632,29632,0
365,29736,29736,29736,0
366,29770,29771,29770,1
367,29856,29856,29856,0
368,29933,29937,29933,4
369,29977,29981,29977,4
370,30001,30002,30001,1
371,30024,30026,30024,2
372,30041,30045,30041,4
373,30102,30102,30102,0
374,30172,30172,30172,0
375,30314,30314,30314,0
376,30362,30362,30362,0
377,30396,30396,30396,0
378,30492,30492,30492,0
379,30620,30620,30620,0
380,31009,31009,31009,0
381,31052,31052,31052,0
382,31090,31091,31090,1
383,31124,31127,31124,3
384,31150,31150,31150,0
385,31288,31289,31288,1
386,31331,31331,31331,0
387,31409,31409,31409,0
388,31456,31457,31456,1
389,31491,31496,31491,5
390,31520,31521,31520,1
391,31545,31546,31545,1
392,31588,31590,31588,2
393,31624,31625,31624,1
394,31686,31688,31686,2
395,31768,31769,31768,1
396,31815,31815,31815,0
397,31851,31856,31851,5
398,31888,31888,31888,0
399,31929,31929,31929,0
400,31966,31966,31966,0
401,32010,32010,32010,0
402,32029,32029,32029,0
403,32067,32067,32067,0
404,32088,32088,32088,0
405,32196,32197,32196,1
406,32210,32210,32210,0
407,32259,32259,32259,0
408,32370,32370,32370,0
409,32412,32413,32412,1
410,32516,32516,32516,0
411,32578,32578,32578,0
412,32719,32719,32719,0
413,32773,32773,32773,0
414,32820,32821,32820,1
415,32898,32898,32898,0
416,32911,32913,32911,2
417,32943,32944,32943,1
418,32973,32973,32973,0
419,32990,32992,32990,2
420,33026,33027,33026,1
421,33080,33083,33080,3
422,33122,33122,33122,0
423,33266,33267,33266,1
424,33339,33339,33339,0
425,33357,33359,33357,2
426,33415,33415,33415,0
427,33505,33505,33505,0
428,33582,33583,33582,1
429,33705,33705,33705,0
430,33754,33758,33754,4
431,33797,33797,33797,0
432,34132,34132,34132,0
433,34254,34254,34254,0
434,34342,34342,34342,0
435,34442,34442,34442,0
436,34503,34503,34503,0
437,34589,34594,34589,5
438,34608,34608,34608,0
439,34657,34661,34657,4
440,34683,34683,34683,0
441,34713,34714,34713,1
442,34778,34779,34778,1
443,34829,34830,34829,1
444,34901,34901,34901,0
445,34955,34956,34955,1
446,34980,34981,34980,1
447,35101,35102,35101,1
448,35117,35118,35117,1
449,35221,35221,35221,0
450,35254,35257,35254,3
451,35378,35380,35378,2
452,35440,35444,35440,4
453,35510,35514,35510,4
454,35552,35552,35552,0
455,35624,35627,35624,3
456,35686,35686,35686,0
457,35724,35727,35724,3
458,35815,35815,35815,0
459,35969,35969,35969,0
460,36114,36114,36114,0
461,36180,36180,36180,0
462,36220,36220,36220,0
463,36239,36240,36239,1
464,36254,36254,36254,0
465,36307,36307,36307,0
466,36334,36334,36334,0
467,36424,36424,36424,0
468,36449,36453,36449,4
469,36504,36506,36504,2
470,36605,36614,36605,9
471,36660,36662,36660,2
472,36786,36796,36786,10
473,36797,36799,36797,2
474,37098,37098,37098,0
475,37197,37199,37197,2
476,37369,37371,37369,2
477,37465,37466,37465,1
478,37549,37552,37549,3
479,37689,37689,37689,0
480,37720,37720,37720,0
481,37753,37753,37753,0
482,37924,37998,37924,74
483,37999,38000,37999,1
484,38049,38049,38049,0
485,38076,38077,38076,1
486,38095,38095,38095,0
487,38165,38170,38165,5
488,38210,38211,38210,1
489,38234,38234,38234,0
490,38243,38243,38243,0
491,38295,38295,38295,0
492,38368,38371,38368,3
493,38408,38408,38408,0
494,38475,38477,38475,2
495,38623,38625,38623,2
496,38634,38635,38634,1
497,38659,38659,38659,0
498,38692,38692,38692,0
499,38702,38703,38702,1
500,38742,38743,38742,1
501,38817,38819,38817,2
502,38873,38874,38873,1
503,38928,38928,38928,0
504,38953,38953,38953,0
505,39007,39007,39007,0
506,39122,39122,39122,0
507,39186,39186,39186,0
508,39250,39250,39250,0
509,39268,39268,39268,0
510,39532,39532,39532,0
511,39597,39597,39597,0
512,39636,39640,39636,4
513,39721,39722,39721,1
514,39767,39767,39767,0
515,39919,39920,39919,1
516,39954,39957,39954,3
517,40039,40041,40039,2
518,40082,40082,40082,0
519,40145,40151,40145,6
520,40227,40233,40227,6
521,40271,40274,40271,3
522,40341,40346,40343,5
523,40360,40361,40360,1
524,40455,40458,40455,3
525,40489,40495,40489,6
526,40542,40543,40542,1
527,40689,40690,40689,1
528,40783,40783,40783,0
529,40842,40842,40842,0
530,40892,40892,40892,0
531,40967,40967,40967,0
532,41017,41018,41017,1
533,41173,41174,41173,1
534,41232,41232,41232,0
535,41339,41342,41339,3
536,41408,41410,41408,2
537,41462,41462,41462,0
538,41473,41474,41473,1
539,41945,41951,41945,6
540,42020,42020,42020,0
541,42088,42088,42088,0
542,42342,42343,42342,1
543,42458,42458,42458,0
544,42586,42586,42586,0
545,42700,42700,42700,0
546,42720,42721,42720,1
547,42769,42769,42769,0
548,42906,42913,42906,7
549,42973,42973,42973,0
550,43083,43084,43083,1
551,43128,43133,43128,5
552,43159,43161,43159,2
553,43170,43171,43170,1
554,43183,43186,43183,3
555,43252,43252,43252,0
556,43354,43354,43354,0
557,43490,43490,43490,0
558,43549,43557,43549,8
559,43558,43559,43558,1
560,43721,43721,43721,0
561,43930,43930,43930,0
562,43945,43945,43945,0
563,44159,44161,44159,2
564,44249,44250,44249,1
565,44480,44480,44480,0
566,44490,44493,44490,3
567,44585,44586,44585,1
568,44653,44654,44653,1
569,44712,44712,44712,0
570,44724,44725,44724,1
571,44829,44829,44829,0
572,44848,44848,44848,0
573,44936,44936,44936,0
574,45000,45003,45000,3
575,45023,45025,45023,2
576,45106,45109,45106,3
577,45119,45119,45119,0
578,45312,45312,45312,0
579,45490,45493,45490,3
580,45528,45529,45528,1
581,45562,45564,45562,2
582,45599,45599,45599,0
583,45751,45755,45751,4
584,45896,45896,45896,0
585,46017,46019,46017,2
586,46041,46041,46041,0
587,46075,46075,46075,0
588,46136,46136,46136,0
589,46191,46191,46191,0
590,46225,46230,46225,5
591,46313,46314,46313,1
592,46347,46347,46347,0
593,46402,46404,46402,2
594,46497,46499,46497,2
595,46532,46532,46532,0
596,46588,46588,46588,0
597,46727,46734,46727,7
598,46866,46868,46866,2
599,46884,46884,46884,0
600,46997,47000,46997,3
601,47088,47088,47088,0
602,47124,47125,47124,1
603,47183,47183,47183,0
604,47310,47312,47310,2
605,47378,47380,47378,2
606,47431,47432,47431,1
607,47462,47463,47462,1
608,47498,47498,47498,0
609,47654,47654,47654,0
610,47709,47709,47709,0
611,47773,47774,47773,1
612,47818,47821,47818,3
613,47901,47902,47901,1
614,48041,48041,48041,0
615,48060,48060,48060,0
616,48107,48107,48107,0
617,48151,48151,48151,0
618,48211,48211,48211,0
619,48234,48236,48234,2
620,48307,48307,48307,0
621,48338,48341,48338,3
622,48415,48417,48415,2
623,48449,48449,48449,0
624,48482,48482,48482,0
625,48492,48495,48492,3
626,48536,48536,48536,0
627,48571,48572,48571,1
628,48611,48612,48611,1
629,48623,48624,48623,1
630,48658,48658,48658,0
631,48670,48671,48670,1
632,48717,48717,48717,0
633,48727,48727,48727,0
634,48765,48765,48765,0
635,48833,48835,48833,2
636,48883,48883,48883,0
637,48963,48963,48963,0
638,48998,48999,48998,1
639,49044,49044,49044,0
640,49101,49102,49101,1
641,49141,49141,49141,0
642,49152,49153,49152,1
643,49194,49196,49194,2
644,49221,49222,49221,1
645,49275,49275,49275,0
646,49287,49287,49287,0
647,49332,49334,49332,2
648,49388,49389,49388,1
649,49402,49403,49402,1
650,49479,49482,49479,3
651,49502,49503,49502,1
652,49560,49563,49560,3
653,49607,49608,49607,1
654,49675,49678,49675,3
655,49737,49737,49737,0
656,49782,49782,49782,0
657,49793,49794,49793,1
658,49828,49829,49828,1
659,49871,49871,49871,0
660,49891,49892,49891,1
661,49958,49958,49958,0
662,49980,49980,49980,0
663,50020,50021,50020,1
664,50055,50056,50055,1
665,50093,50093,50093,0
666,50105,50107,50105,2
667,50135,50135,50135,0
668,50165,50166,50165,1
669,50199,50201,50199,2
670,50235,50235,50235,0
671,50280,50282,50280,2
672,50316,50317,50316,1
673,50349,50350,50349,1
674,50368,50369,50368,1
675,50427,50428,50427,1
676,50476,50477,50476,1
677,50497,50497,50497,0
678,50532,50532,50532,0
679,50573,50574,50573,1
680,50624,50625,50624,1
681,50658,50660,50658,2
682,50689,50690,50689,1
683,50714,50716,50714,2
684,50753,50753,50753,0
685,50811,50811,50811,0
686,50878,50879,50878,1
687,50921,50923,50921,2
688,50935,50936,50935,1
689,51005,51006,51005,1
690,51020,51021,51020,1
691,51055,51056,51055,1
692,51155,51155,51155,0
693,51199,51199,51199,0
694,51215,51217,51215,2
695,51282,51282,51282,0
696,51386,51388,51386,2
697,51427,51427,51427,0
698,51513,51514,51513,1
699,51531,51534,51531,3
700,51622,51627,51623,5
701,51687,51689,51687,2
702,51732,51733,51732,1
703,51753,51760,51753,7
704,51819,51821,51819,2
705,51850,51851,51850,1
706,51938,51940,51938,2
707,51981,51984,51981,3
708,52158,52158,52158,0
709,52177,52183,52180,6
710,52364,52365,52364,1
711,52417,52417,52417,0
712,52439,52439,52439,0
713,52494,52495,52494,1
714,52590,52590,52590,0
715,52641,52642,52641,1
716,52700,52701,52700,1
717,52950,52950,52950,0
718,52967,52967,52967,0
719,53003,53003,53003,0
720,53048,53050,53048,2
721,53133,53137,53133,4
722,53260,53264,53260,4
723,53321,53322,53321,1
724,53425,53425,53425,0
725,53542,53545,53542,3
726,53606,53606,53606,0
727,53643,53644,53643,1
728,53678,53684,53678,6
729,53728,53734,53728,6
730,53810,53810,53810,0
731,53922,53923,53922,1
732,53953,53953,53953,0
733,53992,53993,53992,1
734,54052,54052,54052,0
735,54101,54101,54101,0
736,54125,54127,54125,2
737,54201,54201,54201,0
738,54229,54230,54229,1
739,54290,54290,54290,0
740,54308,54308,54308,0
741,54380,54380,54380,0
742,54418,54419,54418,1
743,54434,54434,54434,0
744,54548,54548,54548,0
745,54579,54581,54579,2
746,54663,54663,54663,0
747,54675,54679,54675,4
748,54738,54738,54738,0
749,54808,54809,54808,1
750,54839,54841,54839,2
751,54945,54945,54945,0
752,54968,54968,54968,0
753,55030,55031,55030,1
754,55102,55103,55102,1
755,55219,55219,55219,0
756,55363,55364,55363,1
757,55391,55391,55391,0
758,55446,55447,55446,1
759,55484,55484,55484,0
760,55511,55511,55511,0
761,55536,55538,55536,2
762,55588,55590,55588,2
763,55705,55707,55705,2
764,55727,55728,55727,1
765,55763,55764,55763,1
766,55779,55779,55779,0
767,55916,55916,55916,0
768,55990,55990,55990,0
769,56099,56099,56099,0
770,56168,56171,56168,3
771,56180,56180,56180,0
772,56241,56241,56241,0
773,56253,56253,56253,0
774,56299,56299,56299,0
775,56341,56341,56341,0
776,56427,56427,56427,0
777,56540,56543,56540,3
778,56651,56651,56651,0
779,56702,56704,56702,2
780,56780,56782,56780,2
781,56819,56820,56819,1
782,56936,56936,56936,0
783,56971,56972,56971,1
784,57003,57005,57003,2
785,57030,57031,57030,1
786,57040,57041,57040,1
787,57080,57081,57080,1
788,57128,57130,57128,2
789,57138,57138,57138,0
790,57201,57201,57201,0
791,57212,57212,57212,0
792,57264,57264,57264,0
793,57307,57311,57307,4
794,57345,57346,57345,1
795,57367,57368,57367,1
796,57404,57404,57404,0
797,57598,57598,57598,0
798,57615,57615,57615,0
799,57669,57669,57669,0
800,57721,57721,57721,0
801,57756,57756,57756,0
802,57794,57794,57794,0
803,57833,57836,57833,3
804,57850,57852,57850,2
805,57898,57901,57898,3
806,57964,57965,57964,1
807,58004,58005,58004,1
808,58020,58021,58020,1
809,58099,58099,58099,0
810,58123,58123,58123,0
811,58160,58160,58160,0
812,58200,58201,58200,1
813,58231,58231,58231,0
814,58269,58270,58269,1
815,58307,58307,58307,0
816,58327,58327,58327,0
817,58361,58361,58361,0
818,58397,58398,58397,1
819,58461,58461,58461,0
820,58498,58498,58498,0
821,58698,58698,58698,0
822,58749,58750,58749,1
823,58808,58808,58808,0
824,58896,58899,58896,3
825,58939,58942,58939,3
826,59139,59139,59139,0
827,59362,59364,59362,2
828,59493,59494,59493,1
829,59585,59587,59586,2
830,59603,59608,59603,5
831,59685,59689,59685,4
832,59728,59729,59728,1
833,59847,59850,59847,3
834,59905,59908,59907,3
835,60011,60012,60011,1
836,60100,60101,60100,1
837,60175,60176,60175,1
838,60283,60283,60283,0
839,60568,60568,60568,0
840,60623,60624,60623,1
841,60683,60683,60683,0
842,60793,60793,60793,0
843,60959,61048,60959,89
844,61093,61093,61093,0
845,61131,61136,61131,5
846,61223,61224,61223,1
847,61371,61372,61371,1
848,61405,61409,61405,4
849,61503,61504,61503,1
850,61583,61583,61583,0
851,61729,61730,61729,1
852,61963,61971,61963,8
853,62021,62022,62021,1
854,62053,62053,62053,0
855,62069,62071,62069,2
856,62114,62114,62114,0
857,62151,62151,62151,0
858,62174,62176,62174,2
859,62270,62276,62273,6
860,62341,62342,62341,1
861,62366,62366,62366,0
862,62403,62406,62403,3
863,62499,62504,62499,5
864,62598,62599,62598,1
865,62664,62666,62664,2
866,62747,62747,62747,0
867,62778,62781,62778,3
868,62844,62844,62844,0
869,62921,62921,62921,0
870,62978,62978,62978,0
871,63064,63065,63064,1
872,63258,63261,63258,3
873,63336,63347,63336,11
874,63405,63405,63405,0
875,63448,63452,63450,4
876,63509,63509,63509,0
877,63539,63539,63539,0
878,63589,63590,63589,1
879,63623,63624,63623,1
880,63643,63643,63643,0
881,63696,63697,63696,1
882,63719,63719,63719,0
883,63773,63774,63773,1
884,63816,63816,63816,0
885,63845,63846,63845,1
886,63866,63868,63866,2
887,63985,63986,63985,1
888,64265,64265,64265,0
889,64323,64323,64323,0
890,64332,64334,64332,2
891,64417,64417,64417,0
892,64560,64560,64560,0
893,64570,64571,64570,1
894,64608,64609,64608,1
895,64618,64618,64618,0
896,64652,64652,64652,0
897,64723,64723,64723,0
898,64800,64800,64800,0
899,64830,64831,64830,1
900,64856,64856,64856,0
901,64904,64906,64904,2
902,64978,64978,64978,0
903,65027,65029,65027,2
904,65053,65053,65053,0
905,65063,65063,65063,0
906,65106,65106,65106,0
907,65126,65128,65126,2
908,65190,65191,65190,1
909,65231,65231,65231,0
910,65244,65244,65244,0
911,65296,65298,65296,2
912,65308,65308,65308,0
913,65362,65363,65362,1
914,65400,65400,65400,0
915,65423,65423,65423,0
916,65483,65483,65483,0
917,65539,65539,65539,0
918,65574,65576,65574,2
919,65603,65604,65603,1
920,65655,65655,65655,0
921,65712,65713,65712,1
922,65808,65808,65808,0
923,65842,65843,65842,1
924,65899,65900,65899,1
925,65929,65932,65929,3
926,65965,65965,65965,0
927,65997,65997,65997,0
928,66035,66036,66035,1
929,66060,66061,66060,1
930,66102,66103,66102,1
931,66115,66116,66115,1
932,66146,66149,66146,3
933,66175,66176,66175,1
934,66192,66193,66192,1
935,66311,66312,66311,1
936,66429,66430,66429,1
937,66518,66518,66518,0
938,66536,66539,66536,3
939,66638,66642,66638,4
940,66648,66648,66648,0
941,66697,66698,66697,1
942,66712,66713,66712,1
943,66755,66755,66755,0
944,66810,66811,66810,1
945,66837,66837,66837,0
946,66884,66884,66884,0
947,66919,66920,66919,1
948,66959,66959,66959,0
949,67013,67015,67013,2
950,67064,67065,67064,1
951,67093,67094,67093,1
952,67191,67191,67191,0
953,67247,67247,67247,0
954,67258,67259,67258,1
955,67299,67299,67299,0
956,67356,67357,67356,1
957,67372,67372,67372,0
958,67450,67451,67450,1
959,67469,67470,67469,1
960,67620,67621,67620,1
961,67882,67883,67882,1
962,68089,68092,68091,3
963,68120,68121,68120,1
964,68146,68147,68146,1
965,68185,68185,68185,0
966,68212,68212,68212,0
967,68258,68258,68258,0
968,68314,68315,68314,1
969,68346,68346,68346,0
970,68384,68385,68384,1
971,68424,68429,68424,5
972,68500,68500,68500,0
973,68527,68527,68527,0
974,68557,68558,68557,1
975,68576,68579,68576,3
976,68604,68605,68604,1
977,68727,68727,68727,0
978,68767,68770,68767,3
979,68819,68819,68819,0
980,68853,68853,68853,0
981,68866,68867,68866,1
982,69125,69125,69125,0
983,69172,69172,69172,0
984,69243,69243,69243,0
985,69268,69268,69268,0
986,69316,69317,69316,1
987,69337,69338,69337,1
988,69352,69353,69352,1
989,69375,69375,69375,0
990,69422,69422,69422,0
991,69448,69448,69448,0
992,69483,69484,69483,1
993,69521,69521,69521,0
994,69600,69601,69600,1
995,69647,69647,69647,0
996,69678,69678,69678,0
997,69718,69719,69718,1
998,69796,69796,69796,0
999,69888,69889,69888,1
1000,69955,69956,69955,1
1001,70059,70059,70059,0
1002,70116,70116,70116,0
1003,70197,70198,70197,1
1004,70209,70210,70209,1
1005,70239,70242,70239,3
1006,70258,70260,70258,2
1007,70311,70313,70311,2
1008,70326,70327,70326,1
1009,70348,70350,70348,2
1010,70378,70378,70378,0
1011,70423,70426,70423,3
1012,70447,70448,70447,1
1013,70483,70484,70483,1
1014,70497,70498,70497,1
1015,70532,70539,70532,7
1016,70561,70562,70561,1
1017,70661,70662,70661,1
1018,70673,70674,70673,1
1019,70739,70740,70739,1
1020,70777,70780,70779,3
1021,70858,70860,70858,2
1022,70871,70871,70871,0
1023,70947,70949,70947,2
1024,71113,71115,71113,2
1025,71155,71156,71155,1
1026,71194,71195,71194,1
1027,71222,71225,71222,3
1028,71268,71268,71268,0
1029,71326,71326,71326,0
1030,71441,71441,71441,0
1031,71544,71544,71544,0
1032,71591,71596,71591,5
1033,71655,71656,71655,1
1034,71703,71703,71703,0
1035,71731,71746,71731,15
1036,71770,71771,71770,1
1037,71831,71831,71831,0
1038,71855,71855,71855,0
1039,72009,72009,72009,0
1040,72049,72049,72049,0
1041,72114,72114,72114,0
1042,72151,72151,72151,0
1043,72193,72193,72193,0
1044,72212,72212,72212,0
1045,72237,72238,72237,1
1046,72248,72248,72248,0
1047,72309,72310,72309,1
1048,72332,72333,72332,1
1049,72371,72371,72371,0
1050,72395,72395,72395,0
1051,72422,72422,72422,0
1052,72449,72449,72449,0
1053,72686,72686,72686,0
1054,72714,72716,72714,2
1055,72784,72784,72784,0
1056,72810,72810,72810,0
1057,72861,72861,72861,0
1058,72922,72923,72922,1
1059,72952,72953,72952,1
1060,73026,73026,73026,0
1061,73072,73072,73072,0
1062,73185,73185,73185,0
1063,73394,73394,73394,0
1064,73436,73436,73436,0
1065,73528,73528,73528,0
1066,73865,73866,73865,1
1067,74092,74093,74092,1
1068,74123,74123,74123,0
1069,74147,74147,74147,0
1070,74354,74355,74354,1
1071,74455,74455,74455,0
1072,74587,74587,74587,0
1073,74629,74629,74629,0
1074,74685,74687,74685,2
1075,74721,74721,74721,0
1076,74731,74732,74731,1
1077,74806,74809,74806,3
1078,74854,74855,74854,1
1079,74936,74936,74936,0
1080,75050,75051,75050,1
1081,75093,75093,75093,0
1082,75116,75116,75116,0
1083,75233,75233,75233,0
1084,75263,75271,75263,8
1085,75372,75372,75372,0
1086,75444,75446,75444,2
1087,75494,75495,75494,1
1088,75575,75575,75575,0
1089,75632,75632,75632,0
1090,75727,75733,75727,6
1091,75782,75782,75782,0
1092,75836,75836,75836,0
1093,75987,75987,75987,0
1094,76063,76064,76063,1
1095,76228,76228,76228,0
1096,76250,76250,76250,0
1097,76332,76332,76332,0
1098,76427,76431,76427,4
1099,76487,76489,76487,2
1100,76626,76627,76626,1
1101,76672,76672,76672,0
1102,76753,76753,76753,0
1103,76797,76797,76797,0
1104,76959,76960,76959,1
1105,76978,76978,76978,0
1106,77027,77028,77027,1
1107,77062,77063,77062,1
1108,77132,77137,77134,5
1109,77156,77159,77156,3
1110,77382,77392,77383,10
1111,77404,77405,77404,1
1112,77486,77487,77486,1
1113,77634,77635,77634,1
1114,77652,77674,77652,22
1115,77809,77809,77809,0
1116,77823,77823,77823,0
1117,77942,77943,77942,1
1118,78000,78000,78000,0
1119,78066,78066,78066,0
1120,78125,78125,78125,0
1121,78155,78155,78155,0
1122,78202,78202,78202,0
1123,78276,78277,78276,1
1124,78317,78318,78317,1
1125,78379,78381,78379,2
1126,78412,78413,78412,1
1127,78468,78471,78469,3
1128,78532,78533,78532,1
1129,78566,78567,78566,1
1130,78612,78614,78612,2
1131,78622,78625,78622,3
1132,78669,78672,78669,3
1133,78782,78782,78782,0
1134,78829,78830,78829,1
1135,78880,78881,78880,1
1136,78941,78942,78941,1
1137,78979,78980,78979,1
1138,79038,79038,79038,0
1139,79083,79084,79083,1
1140,79122,79124,79122,2
1141,79153,79155,79153,2
1142,79185,79193,79185,8
1143,79265,79266,79265,1
1144,79323,79326,79325,3
1145,79367,79367,79367,0
1146,79394,79394,79394,0
1147,79492,79493,79492,1
1148,79526,79530,79526,4
1149,79566,79566,79566,0
1150,79689,79689,79689,0
1151,79758,79760,79758,2
1152,79880,79883,79880,3
1153,80016,80017,80016,1
1154,80079,80081,80079,2
1155,80114,80116,80114,2
1156,80173,80175,80173,2
1157,80277,80277,80277,0
1158,80298,80298,80298,0
1159,80386,80386,80386,0
1160,80435,80435,80435,0
1161,80503,80503,80503,0
1162,80521,80521,80521,0
1163,80549,80552,80549,3
1164,80603,80603,80603,0
1165,80634,80636,80634,2
1166,80656,80663,80659,7
1167,80725,80726,80725,1
1168,80747,80749,80747,2
1169,80813,80813,80813,0
1170,80838,80839,80838,1
1171,80865,80865,80865,0
1172,80889,80891,80889,2
1173,80914,80914,80914,0
1174,80928,80929,80928,1
1175,80983,80984,80983,1
1176,81006,81006,81006,0
1177,81025,81026,81025,1
1178,81072,81073,81072,1
1179,81091,81096,81091,5
1180,81132,81133,81132,1
1181,81179,81179,81179,0
1182,81252,81252,81252,0
1183,81296,81298,81296,2
1184,81339,81340,81339,1
1185,81357,81357,81357,0
1186,81408,81410,81408,2
1187,81437,81438,81437,1
1188,81483,81512,81483,29
1189,81513,81514,81513,1
1190,81532,81540,81532,8
1191,81557,81558,81557,1
1192,81575,81575,81575,0
1193,81622,81622,81622,0
1194,81642,81643,81642,1
1195,81696,81700,81698,4
1196,81767,81767,81767,0
1197,81795,81800,81795,5
1198,81841,81843,81841,2
1199,81865,81866,81865,1
1200,81910,81915,81912,5
1201,81958,81959,81958,1
1202,81998,81999,81998,1
1203,82035,82035,82035,0
1204,82115,82115,82115,0
1205,82165,82165,82165,0
1206,82204,82204,82204,0
1207,82287,82287,82287,0
1208,82456,82474,82459,18
1209,82489,82491,82489,2
1210,82499,82502,82499,3
1211,82573,82574,82573,1
1212,82582,82584,82582,2
1213,82679,82692,82679,13
1214,82721,82721,82721,0
1215,82841,82842,82841,1
1216,82859,82861,82859,2
1217,82895,82896,82895,1
1218,82973,82977,82973,4
1219,83046,83046,83046,0
1220,83076,83094,83076,18
1221,83115,83117,83115,2
1222,83157,83165,83157,8
1223,83190,83190,83190,0
1224,83226,83227,83226,1
1225,83270,83280,83270,10
1226,83325,83332,83328,7
1227,83371,83374,83371,3
1228,83386,83388,83386,2
1229,83396,83398,83397,2
1230,83439,83441,83440,2
1231,83475,83480,83478,5
1232,83524,83525,83524,1
1233,83553,83555,83553,2
1234,83888,83890,83888,2
1235,83930,83931,83930,1
1236,83988,83990,83988,2
1237,84037,84038,84037,1
1238,84092,84092,84092,0
1239,84160,84160,84160,0
1240,84210,84211,84210,1
1241,84285,84287,84285,2
1242,84334,84334,84334,0
1243,84345,84345,84345,0
1244,84437,84440,84438,3
1245,84534,84535,84534,1
1246,84562,84564,84563,2
1247,84693,84694,84693,1
1248,84796,84796,84796,0
1249,84934,84934,84934,0
1250,84991,84992,84991,1
1251,85186,85186,85186,0
1252,85240,85241,85240,1
1253,85265,85265,85265,0
1254,85294,85296,85294,2
1255,85316,85316,85316,0
1256,85337,85337,85337,0
1257,85350,85350,85350,0
1258,85421,85421,85421,0
1259,85464,85464,85464,0
1260,85595,85595,85595,0
1261,85696,85696,85696,0
1262,85751,85754,85751,3
1263,85769,85769,85769,0
1264,85806,85807,85806,1
1265,85877,85877,85877,0
1266,85928,85929,85928,1
1267,85974,85988,85974,14
1268,86019,86019,86019,0
1269,86068,86068,86068,0
1270,86121,86122,86121,1
1271,86199,86199,86199,0
1272,86245,86247,86245,2
1273,86342,86343,86342,1
1274,86361,86364,86361,3
1275,86398,86398,86398,0
1276,86411,86412,86411,1
1277,86449,86449,86449,0
1278,86499,86503,86499,4
1279,86515,86517,86515,2
1280,86585,86585,86585,0
1281,86684,86685,86684,1
1282,86742,86743,86742,1
1283,86857,86858,86857,1
1284,86949,86950,86949,1
1285,86984,86985,86984,1
1286,87109,87111,87109,2
1287,87189,87189,87189,0
1288,87267,87268,87267,1
1289,87286,87286,87286,0
1290,87558,87608,87558,50
1291,87680,87692,87680,12
1292,87724,87727,87724,3
1293,87764,87766,87764,2
1294,87813,87817,87813,4
1295,87856,87856,87856,0
1296,87930,87932,87930,2
1297,87954,87954,87954,0
1298,88019,88020,88019,1
1299,88068,88069,88068,1
1300,88104,88104,88104,0
1301,88126,88128,88126,2
1302,88213,88214,88213,1
1303,88256,88257,88256,1
1304,88264,88267,88266,3
1305,88302,88303,88302,1
1306,88354,88355,88354,1
1307,88395,88395,88395,0
1308,88451,88453,88451,2
1309,88466,88467,88466,1
1310,88495,88497,88495,2
1311,88538,88539,88538,1
1312,88578,88578,88578,0
1313,88589,88590,88589,1
1314,88612,88612,88612,0
1315,88633,88634,88633,1
1316,88667,88667,88667,0
1317,88706,88707,88706,1
1318,88758,88759,88758,1
1319,88833,88833,88833,0
1320,88925,88927,88925,2
1321,88948,88950,88948,2
1322,88992,88992,88992,0
1323,89016,89017,89016,1
1324,89028,89029,89028,1
1325,89039,89039,89039,0
1326,89056,89058,89056,2
1327,89141,89141,89141,0
1328,89157,89158,89157,1
1329,89182,89184,89182,2
1330,89206,89207,89206,1
1331,89237,89239,89237,2
1332,89354,89354,89354,0
1333,89401,89403,89401,2
1334,89532,89532,89532,0
1335,89598,89599,89598,1
1336,89644,89644,89644,0
1337,89654,89654,89654,0
1338,89706,89706,89706,0
1339,89771,89771,89771,0
1340,89829,89829,89829,0
1341,89839,89840,89839,1
1342,89897,89899,89898,2
1343,89947,89948,89947,1
1344,90120,90120,90120,0
1345,90180,90181,90180,1
1346,90291,90291,90291,0
1347,90345,90347,90345,2
1348,90354,90354,90354,0
1349,90369,90369,90369,0
1350,90394,90395,90394,1
1351,90425,90425,90425,0
1352,90446,90447,90446,1
1353,90480,90480,90480,0
1354,90505,90506,90505,1
1355,90522,90523,90522,1
1356,90549,90552,90549,3
1357,90615,90615,90615,0
1358,90636,90638,90636,2
1359,90648,90649,90648,1
1360,90817,90817,90817,0
1361,90850,90851,90850,1
1362,90894,90897,90894,3
1363,90962,90962,90962,0
1364,91000,91000,91000,0
1365,91134,91134,91134,0
1366,91275,91275,91275,0
1367,91342,91342,91342,0
1368,91399,91399,91399,0
1369,91409,91412,91409,3
1370,91453,91453,91453,0
1371,91473,91481,91473,8
1372,91547,91547,91547,0
1373,91603,91612,91603,9
1374,91613,91614,91613,1
1375,91666,91669,91668,3
1376,91726,91726,91726,0
1377,91765,91766,91765,1
1378,91816,91817,91816,1
1379,91865,91865,91865,0
1380,91905,91907,91905,2
1381,91919,91920,91919,1
1382,91964,91964,91964,0
1383,91993,91995,91994,2
1384,92050,92051,92050,1
1385,92085,92085,92085,0
1386,92116,92119,92116,3
1387,92152,92153,92152,1
1388,92195,92197,92195,2
1389,92224,92224,92224,0
1390,92244,92244,92244,0
1391,92259,92260,92259,1
1392,92281,92283,92281,2
1393,92330,92331,92330,1
1394,92357,92359,92357,2
1395,92391,92394,92391,3
1396,92435,92435,92435,0
1397,92528,92528,92528,0
1398,92549,92551,92549,2
1399,92595,92596,92595,1
1400,92704,92704,92704,0
1401,92757,92758,92757,1
1402,92838,92838,92838,0
1403,92929,92930,92929,1
1404,92974,92978,92976,4
1405,93001,93001,93001,0
1406,93058,93060,93058,2
1407,93085,93085,93085,0
1408,93147,93147,93147,0
1409,93182,93183,93182,1
1410,93227,93229,93227,2
1411,93314,93317,93314,3
1412,93399,93399,93399,0
1413,93411,93411,93411,0
1414,93529,93529,93529,0
1415,93569,93572,93569,3
1416,93624,93624,93624,0
1417,93643,93644,93643,1
1418,93653,93654,93653,1
1419,93692,93693,93692,1
1420,93725,93728,93725,3
1421,93744,93745,93744,1
1422,93754,93755,93754,1
1423,93789,93792,93789,3
1424,93998,93998,93998,0
1425,94136,94136,94136,0
1426,94182,94183,94182,1
1427,94453,94454,94453,1
1428,94489,94489,94489,0
1429,94509,94509,94509,0
1430,94529,94530,94529,1
1431,94557,94557,94557,0
1432,94576,94576,94576,0
1433,94647,94661,94647,14
1434,94687,94690,94687,3
1435,94857,94857,94857,0
1436,94885,94885,94885,0
1437,94926,94927,94926,1
1438,94984,94986,94984,2
1439,95026,95026,95026,0
1440,95074,95074,95074,0
1441,95100,95101,95100,1
1442,95113,95114,95113,1
1443,95193,95194,95193,1
1444,95290,95290,95290,0
1445,95317,95317,95317,0
1446,95673,95673,95673,0
1447,95721,95721,95721,0
1448,95752,95752,95752,0
1449,95783,95785,95783,2
1450,95829,95829,95829,0
1451,95847,95848,95847,1
1452,95928,95929,95928,1
1453,95975,95976,95975,1
1454,96017,96023,96019,6
1455,96070,96071,96070,1
1456,96117,96118,96117,1
1457,96158,96158,96158,0
1458,96261,96261,96261,0
1459,96291,96293,96291,2
1460,96375,96377,96375,2
1461,96412,96413,96412,1
1462,96519,96519,96519,0
1463,96558,96559,96558,1
1464,96648,96650,96648,2
1465,96785,96786,96785,1
1466,96852,96853,96852,1
1467,96904,96904,96904,0
1468,96939,96940,96939,1
1469,97034,97036,97034,2
1470,97223,97223,97223,0
1471,97365,97365,97365,0
1472,97706,97706,97706,0
1473,97756,97756,97756,0
1474,97814,97814,97814,0
1475,97997,97997,97997,0
1476,98128,98128,98128,0
1477,98220,98220,98220,0
1478,99097,99098,99097,1
1479,99167,99167,99167,0
1480,99228,99229,99228,1
1481,99370,99370,99370,0
1482,99473,99474,99473,1
1483,99485,99489,99485,4
1484,99614,99615,99614,1
1485,99669,99685,99669,16
1486,99686,99686,99686,0
1487,99739,99739,99739,0
1488,99820,99820,99820,0
1489,99916,99916,99916,0
1490,99951,99952,99951,1
1491,100059,100082,100059,23
1492,100101,100101,100101,0
1493,100162,100162,100162,0
1494,100389,100389,100389,0
1495,100448,100448,100448,0
1496,100552,100552,100552,0
1497,100754,100754,100754,0
1498,100800,100800,100800,0
1499,100825,100825,100825,0
1500,100925,100925,100925,0
1501,100963,100963,100963,0
1502,101036,101038,101036,2
1503,101142,101143,101142,1
1504,101236,101238,101236,2
1505,101299,101299,101299,0
1506,101322,101322,101322,0
1507,101368,101368,101368,0
1508,101425,101426,101425,1
1509,101478,101479,101478,1
1510,101696,101696,101696,0
1511,101744,101750,101744,6
1512,101793,101793,101793,0
1513,101832,101832,101832,0
1514,101917,101917,101917,0
1515,101936,101936,101936,0
1516,101987,101990,101987,3
1517,102037,102037,102037,0
1518,102353,102353,102353,0
1519,102406,102406,102406,0
1520,102622,102623,102622,1
1521,102873,102878,102873,5
1522,102922,102923,102922,1
1523,102975,102975,102975,0
1524,103026,103026,103026,0
1525,103062,103063,103062,1
1526,103181,103183,103181,2
1527,103259,103259,103259,0
1528,103306,103306,103306,0
1529,103335,103336,103335,1
1530,103344,103346,103344,2
1531,103418,103419,103418,1
1532,103435,103436,103435,1
1533,103464,103467,103465,3
1534,103534,103535,103534,1
1535,103708,103708,103708,0
1536,103726,103728,103726,2
1537,103887,103891,103887,4
1538,103947,103948,103947,1
1539,104009,104010,104009,1
1540,104040,104041,104040,1
1541,104135,104136,104135,1
1542,104153,104155,104153,2
1543,104376,104376,104376,0
1544,104425,104425,104425,0
1545,104519,104529,104519,10
1546,104622,104622,104622,0
1547,104748,104758,104748,10
1548,104804,104804,104804,0
1549,104871,104875,104871,4
1550,104926,104927,104926,1
1551,104966,104968,104966,2
1552,105004,105005,105004,1
1553,105016,105019,105016,3
1554,105060,105060,105060,0
1555,105214,105214,105214,0
1556,105305,105306,105305,1
1557,105335,105341,105335,6
1558,105382,105387,105382,5
1559,105436,105436,105436,0
1560,105456,105469,105457,13
1561,105542,105544,105542,2
1562,105574,105574,105574,0
1563,105622,105622,105622,0
1564,105740,105740,105740,0
1565,105758,105759,105758,1
1566,105827,105828,105827,1
1567,105871,105874,105871,3
1568,105956,105956,105956,0
1569,106016,106017,106016,1
1570,106051,106051,106051,0
1571,106098,106101,106098,3
1572,106156,106158,106156,2
1573,106214,106217,106214,3
1574,106346,106347,106346,1
1575,106385,106386,106385,1
1576,106484,106488,106486,4
1577,106602,106605,106602,3
1578,106619,106620,106619,1
1579,106693,106698,106696,5
1580,106704,106710,106706,6
1581,106771,106772,106771,1
1582,106827,106829,106828,2
1583,106869,106870,106869,1
1584,106921,106922,106921,1
1585,106961,106963,106961,2
1586,107032,107033,107032,1
1587,107059,107060,107059,1
1588,107103,107104,107103,1
1589,107120,107122,107120,2
1590,107162,107163,107162,1
1591,107232,107232,107232,0
1592,107287,107289,107287,2
1593,107355,107356,107355,1
1594,107388,107388,107388,0
1595,107417,107418,107417,1
1596,107481,107484,107481,3
1597,107526,107527,107526,1
1598,107574,107587,107574,13
1599,107825,107841,107828,16
1600,107932,107932,107932,0
1601,107998,107999,107998,1
1602,108029,108030,108029,1
1603,108175,108178,108175,3
1604,108277,108278,108277,1
1605,108316,108317,108316,1
1606,108361,108364,108361,3
1607,108500,108501,108500,1
1608,108531,108532,108531,1
1609,108645,108647,108645,2
1610,108716,108719,108718,3
1611,108744,108749,108744,5
1612,108854,108856,108854,2
1613,108908,108909,108908,1
1614,108966,108967,108966,1
1615,109091,109092,109091,1
1616,109144,109144,109144,0
1617,109273,109274,109273,1
1618,109287,109290,109289,3
1619,109315,109316,109315,1
1620,109369,109369,109369,0
1621,109407,109409,109407,2
1622,109450,109450,109450,0
1623,109488,109489,109488,1
1624,109500,109501,109500,1
1625,109557,109569,109557,12
1626,109612,109616,109615,4
1627,109636,109637,109636,1
1628,109690,109696,109690,6
1629,109727,109729,109727,2
1630,109741,109742,109741,1
1631,109757,109758,109757,1
1632,109857,109862,109857,5
1633,109914,109924,109914,10
1634,109995,109996,109995,1
1635,110078,110078,110078,0
1636,110226,110228,110226,2
1637,110308,110309,110308,1
1638,110405,110405,110405,0
1639,110482,110482,110482,0
1640,110525,110526,110525,1
1641,110646,110646,110646,0
1642,110663,110666,110663,3
1643,110727,110728,110727,1
1644,110867,110871,110869,4
1645,110964,110966,110965,2
1646,110976,110977,110976,1
1647,111005,111009,111005,4
1648,111040,111041,111040,1
1649,111101,111102,111101,1
1650,111158,111158,111158,0
1651,111264,111264,111264,0
1652,111440,111440,111440,0
1653,111463,111467,111463,4
1654,111492,111493,111492,1
1655,111511,111511,111511,0
1656,111674,111674,111674,0
1657,111703,111704,111703,1
1658,111725,111726,111725,1
1659,111797,111800,111797,3
1660,111929,111929,111929,0
1661,111964,111976,111964,12
1662,111977,111978,111977,1
1663,111989,111990,111989,1
1664,112063,112064,112063,1
1665,112071,112076,112074,5
1666,112126,112126,112126,0
1667,112174,112174,112174,0
1668,112244,112245,112244,1
1669,112310,112316,112310,6
1670,112339,112340,112339,1
1671,112368,112370,112368,2
1672,112407,112409,112407,2
1673,112520,112521,112520,1
1674,112566,112566,112566,0
1675,112631,112631,112631,0
1676,112693,112694,112693,1
1677,112749,112751,112749,2
1678,112818,112818,112818,0
1679,112894,112896,112894,2
1680,112948,112948,112948,0
1681,113052,113052,113052,0
1682,113068,113068,113068,0
1683,113108,113109,113108,1
1684,113169,113171,113169,2
1685,113213,113216,113213,3
1686,113226,113238,113226,12
1687,113275,113276,113275,1
1688,113323,113323,113323,0
1689,113388,113388,113388,0
1690,113442,113445,113442,3
1691,113478,113482,113478,4
1692,113556,113558,113556,2
1693,113681,113682,113681,1
1694,113769,113770,113769,1
1695,113829,113832,113829,3
1696,113861,113862,113861,1
1697,113902,113905,113902,3
1698,114009,114009,114009,0
1699,114033,114034,114033,1
1700,114060,114087,114060,27
1701,114104,114105,114104,1
1702,114168,114175,114170,7
1703,114228,114230,114228,2
1704,114306,114308,114306,2
1705,114339,114339,114339,0
1706,114365,114365,114365,0
1707,114415,114416,114415,1
1708,114456,114456,114456,0
1709,114485,114487,114485,2
1710,114535,114540,114535,5
1711,114572,114572,114572,0
1712,114644,114644,114644,0
1713,114654,114655,114654,1
1714,114736,114737,114736,1
1715,114789,114790,114789,1
1716,114803,114805,114803,2
1717,114873,114874,114873,1
1718,114982,114983,114982,1
1719,114998,114999,114998,1
1720,115047,115047,115047,0
1721,115062,115063,115062,1
1722,115100,115113,115100,13
1723,115114,115136,115114,22
1724,115202,115203,115202,1
1725,115294,115295,115294,1
1726,115343,115343,115343,0
1727,115353,115355,115353,2
1728,115416,115416,115416,0
1729,115469,115471,115469,2
1730,115488,115489,115488,1
1731,115526,115527,115526,1
1732,115561,115562,115561,1
1733,115761,115761,115761,0
1734,115876,115877,115876,1
1735,115947,115950,115947,3
1736,116121,116122,116121,1
1737,116179,116180,116179,1
1738,116199,116200,116199,1
1739,116265,116265,116265,0
1740,116353,116354,116353,1
1741,116475,116475,116475,0
1742,116534,116534,116534,0
1743,116604,116604,116604,0
1744,116633,116633,116633,0
1745,116708,116708,116708,0
1746,116950,116950,116950,0
1747,117001,117001,117001,0
1748,117015,117017,117015,2
1749,117089,117090,117089,1
1750,117139,117139,117139,0
1751,117244,117246,117244,2
1752,117442,117446,117442,4
1753,117551,117553,117551,2
1754,117583,117583,117583,0
1755,117661,117661,117661,0
1756,117675,117675,117675,0
1757,117693,117694,117693,1
1758,117750,117750,117750,0
1759,117848,117848,117848,0
1760,117859,117859,117859,0
1761,117896,117898,117896,2
1762,117979,117986,117979,7
1763,118007,118007,118007,0
1764,118062,118062,118062,0
1765,118079,118081,118079,2
1766,118097,118098,118097,1
1767,118171,118171,118171,0
1768,118185,118186,118185,1
1769,118198,118200,118198,2
1770,118215,118216,118215,1
1771,118275,118275,118275,0
1772,118361,118361,118361,0
1773,118402,118405,118402,3
1774,118434,118435,118434,1
1775,118488,118489,118488,1
1776,118531,118531,118531,0
1777,118545,118545,118545,0
1778,118587,118587,118587,0
1779,118608,118608,118608,0
1780,118674,118676,118674,2
1781,118716,118716,118716,0
1782,118777,118780,118777,3
1783,118841,118841,118841,0
1784,118889,118889,118889,0
1785,118954,118954,118954,0
1786,118992,118993,118992,1
1787,119041,119041,119041,0
1788,119174,119174,119174,0
1789,119250,119250,119250,0
1790,119359,119360,119359,1
1791,119412,119412,119412,0
1792,119519,119520,119519,1
1793,119553,119554,119553,1
1794,119638,119638,119638,0
1795,119743,119750,119743,7
1796,119849,119850,119849,1
1797,119908,119910,119908,2
1798,119979,119979,119979,0
1799,120017,120017,120017,0
1800,120043,120043,120043,0
1801,120083,120083,120083,0
1802,120133,120136,120133,3
1803,120187,120187,120187,0
1804,120238,120241,120238,3
1805,120318,120318,120318,0
1806,120418,120419,120418,1
1807,120458,120460,120458,2
1808,120504,120526,120504,22
1809,120564,120567,120564,3
1810,120589,120589,120589,0
1811,120645,120645,120645,0
1812,120666,120668,120666,2
1813,120715,120717,120715,2
1814,120771,120773,120771,2
1815,120841,120841,120841,0
1816,120901,120901,120901,0
1817,120932,120933,120932,1
1818,120956,120957,120956,1
1819,121052,121052,121052,0
1820,121235,121235,121235,0
1821,121317,121317,121317,0
1822,121404,121407,121404,3
1823,121463,121463,121463,0
1824,121532,121532,121532,0
1825,121557,121558,121557,1
1826,121625,121626,121625,1
1827,121693,121694,121693,1
1828,121757,121764,121760,7
1829,121819,121820,121819,1
1830,121848,121849,121848,1
1831,121892,121893,121892,1
1832,122005,122011,122005,6
1833,122048,122049,122048,1
1834,122094,122095,122094,1
1835,122141,122142,122141,1
1836,122188,122191,122188,3
1837,122239,122241,122239,2
1838,122287,122288,122287,1
1839,122307,122313,122307,6
1840,122401,122401,122401,0
1841,122420,122421,122420,1
1842,122557,122559,122557,2
1843,122693,122694,122693,1
1844,122710,122713,122710,3
1845,122731,122734,122732,3
1846,122771,122773,122771,2
1847,122806,122808,122806,2
1848,122828,122830,122828,2
1849,122838,122839,122838,1
1850,122892,122895,122892,3
1851,122973,122973,122973,0
1852,122989,122989,122989,0
1853,123047,123060,123047,13
1854,123110,123111,123110,1
1855,123127,123127,123127,0
1856,123156,123156,123156,0
1857,123192,123207,123192,15
1858,123216,123222,123217,6
1859,123283,123284,123283,1
1860,123292,123297,123294,5
1861,123435,123435,123435,0
1862,123477,123478,123477,1
1863,123487,123491,123487,4
1864,123551,123554,123551,3
1865,123604,123605,123604,1
1866,123705,123742,123705,37
1867,123793,123808,123793,15
1868,123851,123852,123851,1
1869,123951,123952,123951,1
1870,123978,123986,123978,8
1871,124002,124007,124004,5
1872,124071,124073,124071,2
1873,124106,124108,124106,2
1874,124147,124149,124148,2
1875,124163,124166,124163,3
1876,124218,124221,124218,3
1877,124272,124273,124272,1
1878,124331,124331,124331,0
1879,124401,124401,124401,0
1880,124445,124445,124445,0
1881,124495,124495,124495,0
1882,124514,124518,124514,4
1883,124637,124639,124637,2
1884,124664,124668,124664,4
1885,124684,124684,124684,0
1886,124721,124722,124721,1
1887,124732,124733,124732,1
1888,124768,124782,124768,14
1889,124802,124803,124802,1
1890,124847,124848,124847,1
1891,124882,124884,124882,2
1892,124911,124912,124911,1
1893,124920,124921,124920,1
1894,124936,124937,124936,1
1895,124946,124946,124946,0
1896,125011,125012,125011,1
1897,125063,125064,125063,1
1898,125086,125091,125086,5
1899,125114,125115,125114,1
1900,125126,125129,125126,3
1901,125196,125199,125197,3
1902,125299,125300,125299,1
1903,125323,125323,125323,0
1904,125367,125368,125367,1
1905,125396,125397,125396,1
1906,125441,125442,125441,1
1907,125497,125498,125497,1
1908,125510,125512,125510,2
1909,125564,125564,125564,0
1910,125588,125589,125588,1
1911,125653,125653,125653,0
1912,125665,125667,125665,2
1913,125707,125711,125707,4
1914,125781,125781,125781,0
1915,125818,125820,125818,2
1916,125878,125879,125878,1
1917,125911,125912,125911,1
1918,125931,125934,125931,3
1919,125998,125998,125998,0
1920,126032,126034,126032,2
1921,126088,126089,126088,1
1922,126149,126150,126149,1
1923,126160,126161,126160,1
1924,126212,126212,126212,0
1925,126238,126241,126238,3
1926,126263,126269,126266,6
1927,126337,126340,126337,3
1928,126372,126374,126372,2
1929,126420,126420,126420,0
1930,126469,126471,126469,2
1931,126529,126529,126529,0
1932,126544,126544,126544,0
1933,126596,126596,126596,0
1934,126632,126634,126632,2
1935,126669,126670,126669,1
1936,126696,126697,126696,1
1937,126770,126771,126770,1
1938,126803,126806,126805,3
1939,126840,126840,126840,0
1940,126850,126851,126850,1
1941,126926,126930,126926,4
1942,126949,126949,126949,0
1943,126989,126990,126989,1
1944,127028,127028,127028,0
1945,127073,127074,127073,1
1946,127155,127155,127155,0
1947,127179,127182,127179,3
1948,127188,127189,127188,1
1949,127267,127267,127267,0
1950,127357,127358,127357,1
1951,127454,127458,127454,4
1952,127465,127466,127465,1
1953,127509,127510,127509,1
1954,127553,127553,127553,0
1955,127614,127616,127614,2
1956,127636,127639,127636,3
1957,127649,127651,127649,2
1958,127667,127667,127667,0
1959,128090,128091,128090,1
1960,128117,128118,128117,1
1961,128166,128169,128166,3
1962,128230,128230,128230,0
1963,128297,128298,128297,1
1964,128316,128317,128316,1
1965,128410,128410,128410,0
1966,128463,128468,128463,5
1967,128494,128495,128494,1
1968,128537,128537,128537,0
1969,128648,128648,128648,0
1970,128725,128725,128725,0
1971,128837,128838,128837,1
1972,128902,128902,128902,0
1973,128950,128951,128950,1
1974,128973,128974,128973,1
1975,129020,129021,129020,1
1976,129072,129073,129072,1
1977,129197,129197,129197,0
1978,129240,129243,129242,3
1979,129313,129314,129313,1
1980,129382,129383,129382,1
1981,129490,129494,129490,4
1982,129499,129500,129499,1
1983,129550,129550,129550,0
1984,129561,129561,129561,0
1985,129621,129622,129621,1
1986,129690,129690,129690,0
1987,129700,129700,129700,0
1988,129805,129807,129805,2
1989,129887,129887,129887,0
1990,129937,129937,129937,0
1991,129996,129997,129996,1
1992,130029,130029,130029,0
1993,130087,130087,130087,0
1994,130111,130111,130111,0
1995,130142,130145,130142,3
1996,130210,130211,130210,1
1997,130269,130273,130269,4
1998,130362,130362,130362,0
1999,130486,130486,130486,0
2000,130510,130512,130510,2
2001,130592,130592,130592,0
2002,130731,130732,130731,1
2003,130791,130792,130791,1
2004,130824,130825,130824,1
2005,130873,130874,130873,1
2006,130895,130895,130895,0
2007,130956,130957,130956,1
2008,131050,131051,131050,1
2009,131107,131108,131107,1
2010,131220,131220,131220,0
2011,131251,131253,131251,2
2012,131420,131420,131420,0
2013,131660,131660,131660,0
2014,131728,131728,131728,0
2015,131742,131743,131742,1
2016,131777,131778,131777,1
2017,131830,131832,131830,2
2018,131911,131914,131911,3
2019,131950,131950,131950,0
2020,131981,131986,131981,5
2021,132042,132042,132042,0
2022,132112,132112,132112,0
2023,132246,132246,132246,0
2024,132388,132388,132388,0
2025,132633,132635,132633,2
2026,132754,132754,132754,0
2027,132771,132772,132771,1
2028,132907,132907,132907,0
2029,132983,132983,132983,0
2030,132994,132994,132994,0
2031,133035,133038,133035,3
2032,133119,133120,133119,1
2033,133201,133201,133201,0
2034,133441,133441,133441,0
2035,133465,133465,133465,0
2036,133486,133486,133486,0
2037,133573,133575,133573,2
2038,133603,133603,133603,0
2039,133612,133613,133612,1
2040,133724,133725,133724,1
2041,133737,133737,133737,0
2042,133827,133828,133827,1
2043,133839,133840,133839,1
2044,133871,133871,133871,0
2045,133954,133957,133954,3
2046,134022,134023,134022,1
2047,134082,134082,134082,0
2048,134149,134150,134149,1
2049,134212,134212,134212,0
2050,134223,134223,134223,0
2051,134279,134281,134279,2
2052,134302,134304,134302,2
2053,134339,134340,134339,1
2054,134350,134351,134350,1
2055,134428,134430,134428,2
2056,134531,134531,134531,0
2057,134631,134631,134631,0
2058,134708,134708,134708,0
2059,134764,134764,134764,0
2060,134803,134803,134803,0
2061,135006,135006,135006,0
2062,135029,135029,135029,0
2063,135074,135075,135074,1
2064,135128,135129,135128,1
2065,135228,135229,135228,1
2066,135280,135280,135280,0
2067,135415,135415,135415,0
2068,135551,135551,135551,0
2069,135569,135570,135569,1
2070,135581,135581,135581,0
2071,135707,135707,135707,0
2072,135751,135751,135751,0
2073,135785,135785,135785,0
2074,135863,135864,135863,1
2075,136008,136010,136008,2
2076,136066,136066,136066,0
2077,136254,136254,136254,0
2078,136405,136405,136405,0
2079,136440,136441,136440,1
2080,136588,136588,136588,0
2081,136805,136805,136805,0
2082,136981,136984,136981,3
2083,137034,137035,137034,1
2084,137129,137129,137129,0
2085,137213,137214,137213,1
2086,137385,137385,137385,0
2087,137491,137491,137491,0
2088,137526,137526,137526,0
2089,137647,137647,137647,0
2090,137723,137723,137723,0
2091,137858,137861,137858,3
2092,137902,137903,137902,1
2093,137934,137946,137934,12
2094,137971,137972,137971,1
2095,138138,138138,138138,0
2096,138199,138200,138199,1
2097,138242,138242,138242,0
2098,138282,138282,138282,0
2099,138316,138316,138316,0
2100,138412,138412,138412,0
2101,138442,138443,138442,1
2102,138490,138491,138490,1
2103,138588,138589,138588,1
2104,138613,138614,138613,1
2105,138688,138689,138688,1
2106,138698,138699,138698,1
2107,138740,138740,138740,0
2108,138782,138784,138782,2
2109,138879,138879,138879,0
2110,138894,138894,138894,0
2111,138952,138953,138952,1
2112,139025,139026,139025,1
2113,139048,139049,139048,1
2114,139066,139067,139066,1
2115,139104,139104,139104,0
2116,139141,139143,139141,2
2117,139155,139155,139155,0
2118,139220,139221,139220,1
2119,139281,139281,139281,0
2120,139321,139323,139321,2
2121,139343,139343,139343,0
2122,139355,139355,139355,0
2123,139399,139409,139399,10
2124,139442,139442,139442,0
2125,139473,139475,139473,2
2126,139500,139510,139500,10
2127,139534,139534,139534,0
2128,139585,139585,139585,0
2129,139602,139603,139602,1
2130,139675,139679,139675,4
2131,139746,139746,139746,0
2132,139793,139795,139793,2
2133,139843,139843,139843,0
2134,139885,139885,139885,0
2135,139960,139960,139960,0
2136,140015,140015,140015,0
2137,140067,140068,140067,1
2138,140123,140123,140123,0
2139,140181,140189,140181,8
2140,140240,140244,140240,4
2141,140353,140354,140353,1
2142,140397,140398,140397,1
2143,140443,140447,140443,4
2144,140461,140462,140461,1
2145,140484,140487,140484,3
2146,140538,140541,140540,3
2147,140640,140640,140640,0
2148,140679,140679,140679,0
2149,140742,140744,140742,2
2150,140813,140813,140813,0
2151,140881,140881,140881,0
2152,140913,140916,140913,3
2153,140937,140938,140937,1
2154,140955,140957,140955,2
2155,140992,141004,140992,12
2156,141041,141042,141041,1
2157,141120,141123,141120,3
2158,141183,141184,141183,1
2159,141220,141220,141220,0
2160,141252,141253,141252,1
2161,141278,141279,141278,1
2162,141310,141311,141310,1
2163,141319,141320,141319,1
2164,141349,141349,141349,0
2165,141375,141379,141375,4
2166,141404,141405,141404,1
2167,141432,141432,141432,0
2168,141496,141496,141496,0
2169,141514,141514,141514,0
2170,141542,141545,141542,3
2171,141578,141580,141578,2
2172,141617,141617,141617,0
2173,141668,141668,141668,0
2174,141693,141697,141695,4
2175,141718,141719,141718,1
2176,141809,141809,141809,0
2177,141871,141871,141871,0
2178,141901,141901,141901,0
2179,142000,142000,142000,0
2180,142068,142069,142068,1
2181,142129,142129,142129,0
2182,142172,142172,142172,0
2183,142269,142271,142269,2
2184,142340,142340,142340,0
2185,142392,142393,142392,1
2186,142421,142425,142421,4
2187,142465,142466,142465,1
2188,142499,142501,142499,2
2189,142617,142623,142617,6
2190,142670,142673,142670,3
2191,142680,142681,142680,1
2192,142730,142733,142730,3
2193,142790,142790,142790,0
2194,142902,142903,142902,1
2195,142953,142954,142953,1
2196,143037,143040,143037,3
2197,143086,143086,143086,0
2198,143151,143167,143151,16
2199,143235,143236,143235,1
2200,143268,143268,143268,0
2201,143343,143344,143343,1
2202,143393,143393,143393,0
2203,143453,143457,143453,4
2204,143525,143525,143525,0
2205,143539,143539,143539,0
2206,143553,143555,143553,2
2207,143597,143600,143597,3
2208,143663,143675,143663,12
2209,143695,143696,143695,1
2210,143721,143724,143723,3
2211,143739,143741,143739,2
2212,143755,143756,143755,1
2213,143798,143798,143798,0
2214,143830,143831,143830,1
2215,143891,143892,143891,1
2216,143920,143920,143920,0
2217,143963,143963,143963,0
2218,143973,143974,143973,1
2219,144042,144042,144042,0
2220,144090,144091,144090,1
2221,144125,144128,144125,3
2222,144174,144175,144174,1
2223,144215,144217,144215,2
2224,144283,144284,144283,1
2225,144333,144333,144333,0
2226,144363,144364,144363,1
2227,144397,144398,144397,1
2228,144452,144456,144452,4
2229,144484,144484,144484,0
2230,144527,144527,144527,0
2231,144581,144581,144581,0
2232,144616,144616,144616,0
2233,144665,144667,144665,2
2234,144696,144697,144696,1
2235,144728,144730,144728,2
2236,144765,144768,144765,3
2237,144809,144810,144809,1
2238,144838,144839,144838,1
2239,144892,144898,144892,6
2240,145132,145133,145132,1
2241,145162,145162,145162,0
2242,145227,145227,145227,0
2243,145283,145283,145283,0
2244,145309,145309,145309,0
2245,145380,145380,145380,0
2246,145415,145416,145415,1
2247,145462,145462,145462,0
2248,145534,145534,145534,0
2249,145661,145661,145661,0
2250,145729,145731,145729,2
2251,145790,145791,145790,1
2252,145816,145821,145816,5
2253,145856,145856,145856,0
2254,145904,145906,145904,2
2255,146057,146058,146057,1
2256,146099,146100,146099,1
2257,146157,146157,146157,0
2258,146167,146167,146167,0
2259,146227,146230,146227,3
2260,146253,146254,146253,1
2261,146294,146295,146294,1
2262,146343,146347,146343,4
2263,146392,146392,146392,0
2264,146403,146404,146403,1
2265,146438,146438,146438,0
2266,146562,146562,146562,0
2267,146656,146657,146656,1
2268,146764,146764,146764,0
2269,146788,146788,146788,0
2270,146868,146868,146868,0
2271,146918,146920,146918,2
2272,146975,146975,146975,0
2273,146994,146994,146994,0
2274,147039,147039,147039,0
2275,147071,147071,147071,0
2276,147126,147126,147126,0
2277,147191,147191,147191,0
2278,147212,147212,147212,0
2279,147300,147300,147300,0
2280,147359,147359,147359,0
2281,147410,147414,147410,4
2282,147480,147480,147480,0
2283,147514,147514,147514,0
2284,147548,147549,147548,1
2285,147583,147583,147583,0
2286,147595,147595,147595,0
2287,147645,147662,147645,17
2288,147920,147922,147920,2
2289,148089,148093,148089,4
2290,148114,148114,148114,0
2291,148176,148179,148176,3
2292,148285,148286,148285,1
2293,148330,148330,148330,0
2294,148350,148350,148350,0
2295,148482,148484,148482,2
2296,148511,148511,148511,0
2297,148614,148614,148614,0
2298,148686,148687,148686,1
2299,148722,148722,148722,0
2300,148794,148802,148794,8
2301,148848,148850,148848,2
2302,148875,148876,148875,1
2303,148918,148918,148918,0
2304,149034,149036,149034,2
2305,149123,149124,149123,1
2306,149413,149415,149413,2
2307,149873,149873,149873,0
2308,149931,149932,149931,1
2309,150186,150186,150186,0
2310,150282,150287,150282,5
2311,150308,150308,150308,0
2312,150502,150513,150502,11
2313,150632,150632,150632,0
2314,150765,150765,150765,0
2315,150998,151000,150998,2
2316,151061,151062,151061,1
2317,151096,151096,151096,0
2318,151239,151239,151239,0
2319,151254,151254,151254,0
2320,151303,151304,151303,1
2321,151409,151409,151409,0
2322,151473,151474,151473,1
2323,151502,151503,151502,1
2324,151573,151575,151573,2
2325,151646,151650,151648,4
2326,151756,151757,151756,1
2327,151832,151833,151832,1
2328,152011,152013,152011,2
2329,152147,152152,152150,5
2330,152215,152216,152215,1
2331,152234,152237,152234,3
2332,152278,152278,152278,0
2333,152419,152419,152419,0
2334,152490,152490,152490,0
2335,152515,152515,152515,0
2336,152629,152630,152629,1
2337,152678,152679,152678,1
2338,152718,152719,152718,1
2339,152769,152770,152769,1
2340,152846,152851,152846,5
2341,152895,152897,152895,2
2342,152922,152922,152922,0
2343,152936,152936,152936,0
2344,153041,153041,153041,0
2345,153287,153292,153287,5
2346,153342,153342,153342,0
2347,153353,153354,153353,1
2348,153493,153493,153493,0
2349,153504,153505,153504,1
2350,153552,153553,153552,1
2351,153611,153612,153611,1
2352,153643,153645,153643,2
2353,153685,153686,153685,1
2354,153732,153732,153732,0
2355,153823,153823,153823,0
2356,153854,153854,153854,0
2357,153885,153885,153885,0
2358,153937,153937,153937,0
2359,153982,153984,153982,2
2360,153992,153992,153992,0
2361,154037,154037,154037,0
2362,154085,154085,154085,0
2363,154114,154115,154114,1
2364,154125,154125,154125,0
2365,154186,154186,154186,0
2366,154217,154217,154217,0
2367,154335,154335,154335,0
2368,154346,154347,154346,1
2369,154463,154463,154463,0
2370,154540,154540,154540,0
2371,154578,154581,154578,3
2372,154648,154648,154648,0
2373,154665,154666,154665,1
2374,154735,154739,154735,4
2375,154780,154781,154780,1
2376,154824,154827,154824,3
2377,154950,154950,154950,0
2378,154972,154972,154972,0
2379,155173,155175,155173,2
2380,155217,155218,155217,1
2381,155266,155267,155266,1
2382,155303,155303,155303,0
2383,155383,155383,155383,0
2384,155524,155524,155524,0
2385,155624,155624,155624,0
2386,155685,155685,155685,0
2387,155819,155822,155819,3
2388,155942,155942,155942,0
2389,156036,156038,156036,2
2390,156165,156165,156165,0
2391,156178,156178,156178,0
2392,156254,156254,156254,0
2393,156390,156390,156390,0
2394,156433,156433,156433,0
2395,156466,156467,156466,1
2396,156492,156492,156492,0
2397,156573,156573,156573,0
2398,156679,156679,156679,0
2399,156726,156727,156726,1
2400,156783,156783,156783,0
2401,156814,156815,156814,1
2402,156852,156853,156852,1
2403,156903,156905,156903,2
2404,157060,157060,157060,0
2405,157245,157245,157245,0
2406,157435,157435,157435,0
2407,157602,157602,157602,0
2408,157663,157663,157663,0
2409,157706,157706,157706,0
2410,157769,157769,157769,0
2411,157878,157878,157878,0
2412,157894,157895,157894,1
2413,157921,157921,157921,0
2414,158078,158080,158078,2
2415,158123,158123,158123,0
2416,158136,158139,158136,3
2417,158198,158199,158198,1
2418,158413,158420,158413,7
2419,158467,158467,158467,0
2420,158503,158504,158503,1
2421,158564,158564,158564,0
2422,158601,158602,158601,1
2423,158611,158613,158611,2
2424,158668,158669,158668,1
2425,158708,158708,158708,0
2426,158848,158849,158848,1
2427,158911,158911,158911,0
2428,159181,159181,159181,0
2429,159241,159241,159241,0
2430,159280,159281,159280,1
2431,159395,159395,159395,0
2432,159481,159481,159481,0
2433,159668,159669,159668,1
2434,159912,159915,159912,3
2435,159939,159939,159939,0
2436,160070,160070,160070,0
2437,160143,160144,160143,1
2438,160154,160156,160154,2
2439,160221,160221,160221,0
2440,160254,160254,160254,0
2441,160289,160289,160289,0
2442,160312,160315,160312,3
2443,160367,160368,160367,1
2444,160381,160381,160381,0
2445,160461,160461,160461,0
2446,160540,160540,160540,0
2447,160709,160709,160709,0
2448,160777,160784,160777,7
2449,160823,160824,160823,1
2450,160841,160842,160841,1
2451,160853,160854,160853,1
2452,160912,160913,160912,1
2453,160990,160992,160990,2
2454,161061,161061,161061,0
2455,161292,161292,161292,0
2456,161355,161356,161355,1
2457,161453,161454,161453,1
2458,161597,161598,161597,1
2459,161611,161613,161611,2
2460,161721,161722,161721,1
2461,161827,161827,161827,0
2462,161956,161957,161956,1
2463,161994,161996,161994,2
2464,162101,162102,162101,1
2465,162176,162176,162176,0
2466,162185,162188,162185,3
2467,162258,162258,162258,0
2468,162392,162392,162392,0
2469,162412,162412,162412,0
2470,162462,162463,162462,1
2471,162476,162477,162476,1
2472,162542,162542,162542,0
2473,162551,162551,162551,0
2474,162593,162593,162593,0
2475,162714,162714,162714,0
2476,162753,162753,162753,0
2477,162797,162798,162797,1
2478,162819,162823,162821,4
2479,162860,162861,162860,1
2480,162870,162872,162871,2
2481,162991,162992,162991,1
2482,163016,163018,163016,2
2483,163080,163082,163080,2
2484,163119,163120,163119,1
2485,163153,163153,163153,0
2486,163213,163214,163213,1
2487,163268,163269,163268,1
2488,163284,163285,163284,1
2489,163333,163336,163333,3
2490,163361,163361,163361,0
2491,163375,163376,163375,1
2492,163501,163503,163501,2
2493,163587,163587,163587,0
2494,163668,163668,163668,0
2495,163798,163798,163798,0
2496,163874,163875,163874,1
2497,163950,163952,163950,2
2498,163994,163998,163994,4
2499,164177,164177,164177,0
2500,164346,164346,164346,0
2501,164355,164355,164355,0
2502,164461,164463,164461,2
2503,164475,164475,164475,0
2504,164599,164599,164599,0
2505,164742,164742,164742,0
2506,164820,164822,164820,2
2507,164893,164893,164893,0
2508,164943,164946,164943,3
2509,164971,164974,164971,3
2510,165033,165034,165033,1
2511,165138,165138,165138,0
2512,165395,165397,165395,2
2513,165404,165406,165404,2
2514,165449,165449,165449,0
2515,165481,165483,165481,2
2516,165624,165624,165624,0
2517,165751,165753,165751,2
2518,165800,165800,165800,0
2519,165809,165811,165809,2
2520,165936,165936,165936,0
2521,166025,166025,166025,0
2522,166083,166083,166083,0
2523,166123,166123,166123,0
2524,166191,166192,166191,1
2525,166231,166231,166231,0
2526,166276,166278,166277,2
2527,166303,166303,166303,0
2528,166395,166396,166395,1
2529,166478,166478,166478,0
2530,166545,166545,166545,0
2531,166600,166601,166600,1
2532,166658,166660,166658,2
2533,166730,166730,166730,0
2534,166890,166890,166890,0
2535,166983,166983,166983,0
2536,167150,167153,167150,3
2537,167351,167351,167351,0
2538,167516,167516,167516,0
2539,167542,167542,167542,0
2540,167551,167552,167551,1
2541,167716,167716,167716,0
2542,167840,167841,167840,1
2543,167899,167900,167899,1
2544,167937,167938,167937,1
2545,167988,167989,167988,1
2546,168024,168025,168024,1
2547,168176,168177,168176,1
2548,168264,168265,168264,1
2549,168428,168428,168428,0
2550,168487,168487,168487,0
2551,168556,168556,168556,0
2552,168577,168579,168577,2
2553,168767,168767,168767,0
2554,168828,168829,168828,1
2555,168897,168898,168897,1
2556,168921,168922,168921,1
2557,168936,168936,168936,0
2558,169086,169088,169086,2
2559,169204,169205,169204,1
2560,169220,169220,169220,0
2561,169304,169305,169304,1
2562,169406,169407,169406,1
2563,169449,169450,169449,1
2564,169470,169471,169470,1
2565,169484,169485,169484,1
2566,169586,169589,169586,3
2567,169628,169628,169628,0
2568,169644,169645,169644,1
2569,169710,169710,169710,0
2570,169736,169736,169736,0
2571,169785,169785,169785,0
2572,169828,169828,169828,0
2573,169941,169941,169941,0
2574,170002,170004,170002,2
2575,170047,170048,170047,1
2576,170096,170096,170096,0
2577,170154,170155,170154,1
2578,170234,170234,170234,0
2579,170245,170246,170245,1
2580,170333,170335,170333,2
2581,170389,170390,170389,1
2582,170506,170506,170506,0
2583,170625,170626,170625,1
2584,170685,170704,170685,19
2585,170738,170739,170738,1
2586,170786,170786,170786,0
2587,170819,170820,170819,1
2588,170980,170983,170980,3
2589,171048,171048,171048,0
2590,171058,171059,171058,1
2591,171071,171072,171071,1
2592,171130,171131,171130,1
2593,171141,171144,171141,3
2594,171200,171200,171200,0
2595,171220,171221,171220,1
2596,171276,171276,171276,0
2597,171317,171318,171317,1
2598,171347,171347,171347,0
2599,171393,171394,171393,1
2600,171438,171442,171438,4
2601,171488,171488,171488,0
2602,171512,171513,171512,1
2603,171526,171526,171526,0
2604,171661,171661,171661,0
2605,171769,171769,171769,0
2606,171952,171952,171952,0
2607,172012,172014,172012,2
2608,172157,172157,172157,0
2609,172182,172182,172182,0
2610,172239,172239,172239,0
2611,172293,172296,172293,3
2612,172354,172354,172354,0
2613,172430,172431,172430,1
2614,172504,172505,172504,1
2615,172625,172627,172625,2
2616,172671,172671,172671,0
2617,172744,172746,172744,2
2618,172789,172793,172791,4
2619,172958,172959,172958,1
2620,173099,173099,173099,0
2621,173215,173215,173215,0
2622,173276,173278,173276,2
2623,173401,173402,173401,1
2624,173549,173551,173550,2
2625,173580,173580,173580,0
2626,173692,173692,173692,0
2627,173708,173708,173708,0
2628,173720,173723,173720,3
2629,173833,173833,173833,0
2630,174114,174115,174114,1
2631,174158,174158,174158,0
2632,174225,174225,174225,0
2633,174261,174261,174261,0
2634,174300,174300,174300,0
2635,174333,174333,174333,0
2636,174344,174345,174344,1
2637,174469,174469,174469,0
2638,174521,174521,174521,0
2639,174570,174570,174570,0
2640,174601,174601,174601,0
2641,174686,174686,174686,0
2642,174743,174744,174743,1
2643,174798,174799,174798,1
2644,174840,174840,174840,0
2645,174851,174851,174851,0
2646,174948,174948,174948,0
2647,175007,175009,175007,2
2648,175021,175022,175021,1
2649,175039,175040,175039,1
2650,175116,175116,175116,0
2651,175195,175195,175195,0
2652,175274,175276,175274,2
2653,175557,175557,175557,0
2654,175658,175658,175658,0
2655,175675,175675,175675,0
2656,175697,175725,175698,28
2657,175748,175750,175748,2
2658,175803,175804,175803,1
2659,175813,175814,175813,1
2660,175978,175979,175978,1
2661,176048,176049,176048,1
2662,176110,176115,176110,5
2663,176249,176249,176249,0
2664,176310,176311,176310,1
2665,176365,176366,176365,1
2666,176444,176445,176444,1
2667,176494,176496,176494,2
2668,176514,176516,176514,2
2669,176562,176563,176562,1
2670,176573,176576,176573,3
2671,176614,176615,176614,1
2672,176653,176655,176653,2
2673,176702,176703,176702,1
2674,176740,176741,176740,1
2675,176752,176753,176752,1
2676,176816,176816,176816,0
2677,176855,176856,176855,1
2678,176906,176909,176907,3
2679,176942,176943,176942,1
2680,176989,176990,176989,1
2681,177103,177104,177103,1
2682,177159,177162,177159,3
2683,177197,177201,177199,4
2684,177314,177324,177314,10
2685,177405,177409,177405,4
2686,177459,177462,177459,3
2687,177561,177563,177561,2
2688,177613,177614,177613,1
2689,177667,177668,177667,1
2690,177726,177728,177726,2
2691,177777,177778,177777,1
2692,177858,177858,177858,0
2693,177942,177942,177942,0
2694,178007,178009,178007,2
2695,178084,178085,178084,1
2696,178105,178105,178105,0
2697,178198,178199,178198,1
2698,178235,178235,178235,0
2699,178300,178303,178300,3
2700,178360,178362,178360,2
2701,178470,178472,178470,2
2702,178508,178509,178508,1
2703,178569,178571,178569,2
2704,178606,178606,178606,0
2705,178670,178673,178670,3
2706,178728,178731,178728,3
2707,178747,178748,178747,1
2708,178774,178775,178774,1
2709,178821,178823,178821,2
2710,178862,178862,178862,0
2711,178880,178881,178880,1
2712,179028,179029,179028,1
2713,179076,179076,179076,0
2714,179165,179165,179165,0
2715,179323,179323,179323,0
2716,179364,179365,179364,1
2717,179539,179540,179539,1
2718,179587,179587,179587,0
2719,179660,179661,179660,1
2720,179683,179683,179683,0
2721,179718,179719,179718,1
2722,179861,179862,179861,1
2723,179897,179899,179897,2
2724,179962,179962,179962,0
2725,180019,180019,180019,0
2726,180078,180078,180078,0
2727,180164,180165,180164,1
2728,180210,180211,180210,1
2729,180261,180262,180261,1
2730,180271,180272,180271,1
2731,180384,180385,180384,1
2732,180450,180450,180450,0
2733,180470,180472,180470,2
2734,180569,180570,180569,1
2735,180653,180653,180653,0
2736,180689,180689,180689,0
2737,180752,180753,180752,1
2738,180801,180807,180801,6
2739,180974,180975,180974,1
2740,181043,181059,181043,16
2741,181121,181122,181121,1
2742,181131,181132,181131,1
2743,181209,181210,181209,1
2744,181328,181329,181328,1
2745,181383,181383,181383,0
2746,181424,181425,181424,1
2747,181512,181512,181512,0
2748,181729,181729,181729,0
2749,182057,182057,182057,0
2750,182107,182107,182107,0
2751,182159,182160,182159,1
2752,182252,182254,182252,2
2753,182325,182325,182325,0
2754,182424,182428,182424,4
2755,182574,182575,182574,1
2756,182720,182721,182720,1
2757,182824,182825,182824,1
2758,182892,182893,182892,1
2759,182978,182979,182978,1
2760,182995,182998,182995,3
2761,183055,183059,183055,4
2762,183106,183107,183106,1
2763,183140,183141,183140,1
2764,183199,183200,183199,1
2765,183262,183269,183264,7
2766,183341,183342,183341,1
2767,183373,183373,183373,0
2768,183437,183438,183437,1
2769,183523,183541,183523,18
2770,183634,183635,183634,1
2771,183693,183693,183693,0
2772,183710,183710,183710,0
2773,183763,183764,183763,1
2774,183847,183848,183847,1
2775,183921,183937,183921,16
2776,184076,184076,184076,0
2777,184185,184186,184185,1
2778,184201,184201,184201,0
2779,184223,184223,184223,0
2780,184272,184272,184272,0
2781,184309,184309,184309,0
2782,184323,184324,184323,1
2783,184362,184362,184362,0
2784,184375,184376,184375,1
2785,184441,184442,184441,1
2786,184494,184495,184494,1
2787,184570,184570,184570,0
2788,184652,184652,184652,0
2789,184669,184669,184669,0
2790,184842,184845,184842,3
2791,184909,184909,184909,0
2792,184944,184945,184944,1
2793,185012,185013,185012,1
2794,185265,185267,185265,2
2795,185368,185369,185368,1
2796,185447,185449,185447,2
2797,185615,185618,185615,3
2798,185659,185659,185659,0
2799,185675,185675,185675,0
2800,185773,185774,185773,1
2801,185810,185810,185810,0
2802,185842,185842,185842,0
2803,185890,185892,185890,2
2804,185961,185962,185961,1
2805,186003,186008,186005,5
2806,186078,186078,186078,0
2807,186094,186095,186094,1
2808,186144,186148,186146,4
2809,186219,186220,186219,1
2810,186354,186355,186354,1
2811,186508,186508,186508,0
2812,186526,186527,186526,1
2813,186592,186592,186592,0
2814,186703,186703,186703,0
2815,186722,186723,186722,1
2816,186799,186801,186799,2
2817,186813,186814,186813,1
2818,186824,186825,186824,1
2819,186885,186885,186885,0
2820,186984,186984,186984,0
2821,187124,187124,187124,0
2822,187173,187178,187173,5
2823,187236,187236,187236,0
2824,187592,187604,187592,12
2825,187742,187742,187742,0
2826,187753,187754,187753,1
2827,187809,187812,187809,3
2828,187839,187840,187839,1
2829,188039,188042,188039,3
2830,188098,188099,188098,1
2831,188158,188159,188158,1
2832,188198,188199,188198,1
2833,188232,188232,188232,0
2834,188275,188276,188275,1
2835,188292,188292,188292,0
2836,188349,188349,188349,0
2837,188435,188437,188435,2
2838,188563,188563,188563,0
2839,188584,188584,188584,0
2840,188669,188670,188669,1
2841,188724,188725,188724,1
2842,188861,188861,188861,0
2843,188969,188969,188969,0
2844,189050,189052,189050,2
2845,189107,189107,189107,0
2846,189134,189134,189134,0
2847,189187,189188,189187,1
2848,189264,189267,189264,3
2849,189307,189307,189307,0
2850,189411,189411,189411,0
2851,189433,189434,189433,1
2852,189455,189455,189455,0
2853,189521,189521,189521,0
2854,189607,189607,189607,0
2855,189655,189655,189655,0
2856,189698,189699,189698,1
2857,189731,189731,189731,0
2858,189741,189742,189741,1
2859,189804,189816,189804,12
2860,189855,189856,189855,1
2861,189912,189913,189912,1
2862,189974,189974,189974,0
2863,189984,189984,189984,0
2864,190022,190022,190022,0
2865,190050,190051,190050,1
2866,190185,190185,190185,0
2867,190196,190196,190196,0
2868,190240,190243,190240,3
2869,190286,190288,190286,2
2870,190304,190304,190304,0
2871,190341,190342,190341,1
2872,190354,190355,190354,1
2873,190420,190423,190420,3
2874,190515,190516,190515,1
2875,190553,190554,190553,1
2876,190565,190566,190565,1
2877,190617,190619,190617,2
2878,190631,190631,190631,0
2879,190653,190653,190653,0
2880,190712,190713,190712,1
2881,190790,190791,190790,1
2882,190841,190845,190841,4
2883,190881,190882,190881,1
2884,191013,191014,191013,1
2885,191177,191180,191177,3
2886,191308,191309,191308,1
2887,191403,191404,191403,1
2888,191434,191434,191434,0
2889,191467,191471,191467,4
2890,191573,191576,191573,3
2891,191726,191727,191726,1
2892,191855,191855,191855,0
2893,191946,191948,191946,2
2894,191996,191997,191996,1
2895,192285,192286,192285,1
2896,192394,192394,192394,0
2897,192460,192460,192460,0
2898,192558,192559,192558,1
2899,192584,192585,192584,1
2900,192643,192643,192643,0
2901,192702,192702,192702,0
2902,192773,192773,192773,0
2903,192825,192825,192825,0
2904,192954,192954,192954,0
2905,192985,192986,192985,1
2906,192998,193052,192998,54
2907,193225,193225,193225,0
2908,193314,193315,193314,1
2909,193452,193452,193452,0
2910,193573,193577,193575,4
2911,193703,193705,193703,2
2912,193766,193766,193766,0
2913,193883,193890,193883,7
2914,193991,193994,193991,3
2915,194281,194281,194281,0
2916,194607,194607,194607,0
2917,194636,194637,194636,1
2918,194762,194763,194762,1
2919,194783,194787,194783,4
2920,194845,194849,194847,4
2921,195006,195006,195006,0
2922,195243,195244,195243,1
2923,195258,195259,195258,1
2924,195414,195414,195414,0
2925,195474,195475,195474,1
2926,195492,195496,195492,4
2927,195605,195605,195605,0
2928,195666,195668,195666,2
2929,195778,195783,195780,5
2930,195829,195830,195829,1
2931,195915,195916,195915,1
2932,195966,195967,195966,1
2933,195998,195999,195998,1
2934,196011,196011,196011,0
2935,196028,196028,196028,0
2936,196047,196048,196047,1
2937,196072,196073,196072,1
2938,196143,196144,196143,1
2939,196189,196189,196189,0
2940,196230,196231,196230,1
2941,196247,196247,196247,0
2942,196281,196283,196281,2
2943,196326,196327,196326,1
2944,196364,196365,196364,1
2945,196413,196414,196413,1
2946,196444,196445,196444,1
2947,196475,196475,196475,0
2948,196519,196520,196519,1
2949,196545,196548,196545,3
2950,196605,196608,196605,3
2951,196635,196635,196635,0
2952,196680,196681,196680,1
2953,196695,196696,196695,1
2954,196733,196734,196733,1
2955,196770,196771,196770,1
2956,196824,196825,196824,1
2957,196949,196951,196950,2
2958,197014,197017,197014,3
2959,197040,197044,197040,4
2960,197071,197073,197071,2
2961,197134,197134,197134,0
2962,197174,197174,197174,0
2963,197221,197222,197221,1
2964,197291,197293,197291,2
2965,197357,197357,197357,0
2966,197390,197390,197390,0
2967,197407,197407,197407,0
2968,197454,197456,197454,2
2969,197491,197491,197491,0
2970,197522,197522,197522,0
2971,197541,197541,197541,0
2972,197578,197579,197578,1
2973,197624,197624,197624,0
2974,197655,197655,197655,0
2975,197733,197733,197733,0
2976,197748,197748,197748,0
2977,197794,197794,197794,0
2978,197845,197846,197845,1
2979,197859,197860,197859,1
2980,197916,197917,197916,1
2981,197963,197963,197963,0
2982,198033,198034,198033,1
2983,198047,198047,198047,0
2984,198102,198108,198102,6
2985,198163,198166,198163,3
2986,198195,198196,198195,1
2987,198244,198245,198244,1
2988,198396,198396,198396,0
2989,198471,198473,198471,2
2990,198491,198491,198491,0
2991,198576,198577,198576,1
2992,198623,198623,198623,0
2993,198644,198645,198644,1
2994,198654,198655,198654,1
2995,198750,198750,198750,0
2996,198768,198770,198768,2
2997,198821,198822,198821,1
2998,198860,198860,198860,0
2999,198872,198872,198872,0
3000,198934,198934,198934,0
3001,198977,198977,198977,0
3002,199049,199052,199049,3
3003,199241,199242,199241,1
3004,199302,199304,199302,2
3005,199340,199340,199340,0
3006,199350,199351,199350,1
3007,199430,199430,199430,0
3008,199443,199445,199443,2
3009,199486,199489,199486,3
3010,199610,199610,199610,0
3011,199649,199659,199649,10
3012,199728,199729,199728,1
3013,199780,199780,199780,0
3014,199828,199831,199828,3
3015,199901,199902,199901,1
3016,199928,199929,199928,1
3017,199993,199995,199993,2
3018,200021,200021,200021,0
3019,200033,200034,200033,1
3020,200106,200106,200106,0
3021,200156,200159,200156,3
3022,200171,200171,200171,0
3023,200183,200184,200183,1
3024,200217,200219,200217,2
3025,200273,200273,200273,0
3026,200308,200308,200308,0
3027,200350,200350,200350,0
3028,200364,200364,200364,0
3029,200449,200450,200449,1
3030,200494,200494,200494,0
3031,200520,200522,200520,2
3032,200621,200622,200621,1
3033,200737,200737,200737,0
3034,200761,200761,200761,0
3035,200944,200944,200944,0
3036,201005,201007,201005,2
3037,201060,201061,201060,1
3038,201144,201145,201144,1
3039,201200,201203,201200,3
3040,201304,201306,201304,2
3041,201359,201359,201359,0
3042,201444,201444,201444,0
3043,201591,201593,201591,2
3044,201659,201661,201660,2
3045,201726,201726,201726,0
3046,201758,201759,201758,1
3047,201804,201804,201804,0
3048,201881,201882,201881,1
3049,201989,201989,201989,0
3050,202039,202040,202039,1
3051,202063,202064,202063,1
3052,202074,202075,202074,1
3053,202187,202188,202187,1
3054,202211,202214,202211,3
3055,202222,202223,202222,1
3056,202273,202273,202273,0
3057,202342,202342,202342,0
3058,202355,202356,202355,1
3059,202406,202407,202406,1
3060,202432,202434,202432,2
3061,202462,202462,202462,0
3062,202497,202497,202497,0
3063,202507,202507,202507,0
3064,202565,202565,202565,0
3065,202659,202659,202659,0
3066,202670,202672,202670,2
3067,202821,202821,202821,0
3068,202937,202937,202937,0
3069,203125,203125,203125,0
3070,203324,203324,203324,0
3071,203362,203362,203362,0
3072,203437,203437,203437,0
3073,203501,203501,203501,0
3074,203567,203567,203567,0
3075,203651,203652,203651,1
3076,203705,203706,203705,1
3077,203759,203759,203759,0
3078,203991,203992,203991,1
3079,204096,204102,204096,6
3080,204187,204187,204187,0
3081,204365,204366,204365,1
3082,204506,204506,204506,0
3083,204581,204582,204581,1
3084,204626,204626,204626,0
3085,204711,204711,204711,0
3086,204775,204776,204775,1
3087,204827,204828,204827,1
3088,204874,204876,204874,2
3089,204970,204970,204970,0
3090,205009,205010,205009,1
3091,205018,205019,205018,1
3092,205062,205062,205062,0
3093,205156,205157,205156,1
3094,205317,205318,205317,1
3095,205373,205373,205373,0
3096,205488,205488,205488,0
3097,205498,205498,205498,0
3098,205623,205625,205623,2
3099,205668,205668,205668,0
3100,205721,205722,205721,1
3101,205771,205771,205771,0
3102,205852,205853,205852,1
3103,205897,205897,205897,0
3104,205950,205950,205950,0
3105,205993,205994,205993,1
3106,206062,206062,206062,0
3107,206096,206098,206096,2
3108,206147,206148,206147,1
3109,206183,206183,206183,0
3110,206205,206206,206205,1
3111,206269,206269,206269,0
3112,206329,206331,206329,2
3113,206385,206385,206385,0
3114,206457,206460,206457,3
3115,206485,206485,206485,0
3116,206535,206535,206535,0
3117,206649,206651,206649,2
3118,206698,206701,206698,3
3119,206753,206753,206753,0
3120,206800,206800,206800,0
3121,206911,206911,206911,0
3122,206935,206937,206936,2
3123,207044,207045,207044,1
3124,207069,207071,207069,2
3125,207099,207101,207099,2
3126,207168,207172,207168,4
3127,207213,207222,207216,9
3128,207256,207257,207256,1
3129,207354,207355,207354,1
3130,207397,207401,207397,4
3131,207426,207427,207426,1
3132,207536,207536,207536,0
3133,207600,207603,207600,3
3134,207669,207669,207669,0
3135,207700,207702,207700,2
3136,207915,207915,207915,0
3137,207951,207951,207951,0
3138,207988,207988,207988,0
3139,208073,208073,208073,0
3140,208100,208104,208100,4
3141,208136,208136,208136,0
3142,208185,208187,208185,2
3143,208227,208227,208227,0
3144,208289,208289,208289,0
3145,208345,208347,208345,2
3146,208405,208405,208405,0
3147,208475,208478,208475,3
3148,208533,208533,208533,0
3149,208554,208554,208554,0
3150,208693,208694,208693,1
3151,208761,208761,208761,0
3152,208900,208901,208900,1
3153,208945,208945,208945,0
3154,209018,209018,209018,0
3155,209045,209045,209045,0
3156,209057,209061,209057,4
3157,209135,209135,209135,0
3158,209270,209270,209270,0
3159,209314,209314,209314,0
3160,209524,209524,209524,0
3161,209589,209589,209589,0
3162,209684,209685,209684,1
3163,209706,209706,209706,0
3164,209764,209767,209764,3
3165,209875,209875,209875,0
3166,209931,209931,209931,0
3167,210242,210242,210242,0
3168,210324,210325,210324,1
3169,210363,210363,210363,0
3170,210532,210532,210532,0
3171,210546,210547,210546,1
3172,210555,210555,210555,0
3173,210567,210568,210567,1
3174,210648,210648,210648,0
3175,210846,210846,210846,0
3176,210869,210869,210869,0
3177,210883,210884,210883,1
3178,210897,210898,210897,1
3179,210914,210915,210914,1
3180,210949,210950,210949,1
3181,210978,210980,210978,2
3182,211008,211009,211008,1
3183,211156,211156,211156,0
3184,211186,211186,211186,0
3185,211336,211336,211336,0
3186,211564,211565,211564,1
3187,211582,211582,211582,0
3188,211681,211682,211681,1
3189,211797,211800,211797,3
3190,211948,211948,211948,0
3191,212041,212041,212041,0
3192,212109,212110,212109,1
3193,212175,212178,212175,3
3194,212258,212258,212258,0
3195,212425,212438,212425,13
3196,212601,212604,212601,3
3197,212696,212696,212696,0
3198,212798,212798,212798,0
3199,212932,212932,212932,0
3200,213091,213097,213091,6
3201,213190,213193,213190,3
3202,213236,213236,213236,0
3203,213289,213289,213289,0
3204,213303,213305,213303,2
3205,213421,213425,213421,4
3206,213432,213433,213432,1
3207,213496,213499,213496,3
3208,213682,213682,213682,0
3209,213735,213735,213735,0
3210,213867,213870,213867,3
3211,213998,214000,213998,2
3212,214049,214051,214050,2
3213,214128,214128,214128,0
3214,214202,214202,214202,0
3215,214243,214244,214243,1
3216,214342,214342,214342,0
3217,214442,214443,214442,1
3218,214493,214493,214493,0
3219,214570,214572,214570,2
3220,214624,214624,214624,0
3221,214743,214743,214743,0
3222,214818,214818,214818,0
3223,214883,214883,214883,0
3224,215101,215102,215101,1
3225,215370,215371,215370,1
3226,215409,215412,215409,3
3227,215507,215507,215507,0
3228,215558,215560,215558,2
3229,215655,215661,215655,6
3230,215697,215697,215697,0
3231,215863,215863,215863,0
3232,215917,215918,215917,1
3233,215998,215998,215998,0
3234,216075,216076,216075,1
3235,216147,216147,216147,0
3236,216179,216189,216179,10
3237,216264,216264,216264,0
3238,216321,216321,216321,0
3239,216353,216357,216353,4
3240,216412,216415,216412,3
3241,216444,216444,216444,0
3242,216485,216485,216485,0
3243,216516,216518,216516,2
3244,216555,216555,216555,0
3245,216657,216657,216657,0
3246,216677,216677,216677,0
3247,216718,216720,216718,2
3248,216890,216890,216890,0
3249,216974,216977,216974,3
3250,217153,217153,217153,0
3251,217185,217186,217185,1
3252,217279,217286,217279,7
3253,217306,217313,217306,7
3254,217375,217375,217375,0
3255,217425,217427,217425,2
3256,217474,217475,217474,1
3257,217600,217600,217600,0
3258,217614,217615,217614,1
3259,217683,217683,217683,0
3260,217718,217719,217718,1
3261,217750,217750,217750,0
3262,217821,217821,217821,0
3263,217890,217890,217890,0
3264,217904,217905,217904,1
3265,217970,217970,217970,0
3266,218029,218032,218029,3
3267,218063,218063,218063,0
3268,218219,218223,218219,4
3269,218254,218255,218254,1
3270,218276,218277,218276,1
3271,218317,218317,218317,0
3272,218389,218389,218389,0
3273,218438,218439,218438,1
3274,218472,218472,218472,0
3275,218584,218584,218584,0
3276,218613,218614,218613,1
3277,218639,218639,218639,0
3278,218708,218708,218708,0
3279,218760,218762,218760,2
3280,218819,218820,218819,1
3281,218897,218898,218897,1
3282,218984,218987,218984,3
3283,219015,219019,219017,4
3284,219068,219069,219068,1
3285,219104,219106,219104,2
3286,219217,219217,219217,0
3287,219264,219264,219264,0
3288,219319,219319,219319,0
3289,219352,219353,219352,1
3290,219408,219409,219408,1
3291,219544,219545,219544,1
3292,219730,219732,219730,2
3293,219911,219912,219911,1
3294,219927,219930,219927,3
3295,219982,219983,219982,1
3296,220034,220035,220034,1
3297,220089,220089,220089,0
3298,220229,220229,220229,0
3299,220312,220313,220312,1
3300,220515,220515,220515,0
3301,220530,220531,220530,1
3302,220593,220594,220593,1
3303,220668,220669,220668,1
3304,220817,220817,220817,0
3305,220876,220876,220876,0
3306,220925,220926,220925,1
3307,220987,220987,220987,0
3308,221041,221041,221041,0
3309,221071,221071,221071,0
3310,221119,221119,221119,0
3311,221134,221134,221134,0
3312,221211,221215,221211,4
3313,221228,221228,221228,0
3314,221257,221257,221257,0
3315,221324,221324,221324,0
3316,221338,221338,221338,0
3317,221375,221376,221375,1
3318,221436,221438,221436,2
3319,221499,221500,221499,1
3320,221613,221613,221613,0
3321,221705,221705,221705,0
3322,221784,221787,221784,3
3323,221817,221819,221817,2
3324,221857,221858,221857,1
3325,222078,222078,222078,0
3326,222201,222202,222201,1
3327,222271,222272,222271,1
3328,222314,222315,222314,1
3329,222400,222402,222400,2
3330,222454,222455,222454,1
3331,222524,222526,222524,2
3332,222653,222655,222653,2
3333,222727,222727,222727,0
3334,222812,222813,222812,1
3335,222873,222875,222873,2
3336,222914,222917,222914,3
3337,223058,223059,223058,1
3338,223127,223127,223127,0
3339,223165,223167,223165,2
3340,223230,223231,223230,1
3341,223309,223309,223309,0
3342,223320,223321,223320,1
3343,223356,223357,223356,1
3344,223405,223407,223405,2
3345,223551,223556,223554,5
3346,223655,223659,223657,4
3347,223705,223711,223706,6
3348,223743,223747,223743,4
3349,223780,223780,223780,0
3350,223831,223831,223831,0
3351,223888,223888,223888,0
3352,223905,223908,223905,3
3353,224068,224069,224068,1
3354,224092,224093,224092,1
3355,224124,224127,224124,3
3356,224140,224141,224140,1
3357,224165,224165,224165,0
3358,224197,224198,224197,1
3359,224244,224247,224246,3
3360,224365,224366,224365,1
3361,224399,224401,224400,2
3362,224428,224428,224428,0
3363,224499,224515,224499,16
3364,224599,224601,224599,2
3365,224639,224640,224639,1
3366,224680,224680,224680,0
3367,224734,224735,224734,1
3368,224755,224757,224755,2
3369,224848,224855,224848,7
3370,224921,224923,224921,2
3371,225000,225001,225000,1
3372,225087,225091,225087,4
3373,225201,225202,225201,1
3374,225231,225244,225231,13
3375,225300,225300,225300,0
3376,225432,225433,225432,1
3377,225476,225479,225477,3
3378,225519,225521,225519,2
3379,225745,225745,225745,0
3380,225863,225865,225863,2
3381,226018,226018,226018,0
3382,226064,226067,226066,3
3383,226184,226185,226184,1
3384,226270,226270,226270,0
3385,226319,226320,226319,1
3386,226365,226366,226365,1
3387,226438,226439,226438,1
3388,226699,226699,226699,0
3389,226711,226711,226711,0
3390,226811,226812,226811,1
3391,226873,226874,226873,1
3392,226921,226922,226921,1
3393,226963,226964,226963,1
3394,226997,226998,226997,1
3395,227068,227068,227068,0
3396,227118,227119,227118,1
3397,227164,227172,227164,8
3398,227272,227273,227272,1
3399,227326,227326,227326,0
3400,227375,227375,227375,0
3401,227396,227396,227396,0
3402,227437,227437,227437,0
3403,227503,227503,227503,0
3404,227571,227572,227571,1
3405,227661,227662,227661,1
3406,227678,227679,227678,1
3407,227697,227698,227697,1
3408,227748,227748,227748,0
3409,227826,227827,227826,1
3410,227888,227888,227888,0
3411,227945,227950,227948,5
3412,228046,228046,228046,0
3413,228200,228202,228200,2
3414,228789,228789,228789,0
3415,228863,228863,228863,0
3416,228882,228883,228882,1
3417,228957,228957,228957,0
3418,229231,229237,229231,6
3419,229249,229255,229249,6
3420,229375,229385,229375,10
3421,229559,229560,229559,1
3422,229588,229596,229588,8
3423,229608,229608,229608,0
3424,229781,229781,229781,0
3425,229807,229808,229807,1
3426,229833,229834,229833,1
3427,229869,229869,229869,0
3428,229923,229923,229923,0
3429,229979,229980,229979,1
3430,230020,230022,230020,2
3431,230087,230089,230087,2
3432,230119,230119,230119,0
3433,230156,230159,230156,3
3434,230197,230198,230197,1
3435,230235,230236,230235,1
3436,230328,230330,230328,2
3437,230371,230373,230371,2
3438,230426,230427,230426,1
3439,230529,230531,230529,2
3440,230609,230610,230609,1
3441,230689,230689,230689,0
3442,230725,230729,230725,4
3443,230754,230754,230754,0
3444,230807,230808,230807,1
3445,230855,230858,230855,3
3446,230879,230880,230879,1
3447,230894,230895,230894,1
3448,230906,230907,230906,1
3449,231083,231084,231083,1
3450,231136,231137,231136,1
3451,231157,231157,231157,0
3452,231206,231209,231206,3
3453,231251,231252,231251,1
3454,231305,231305,231305,0
3455,231363,231363,231363,0
3456,231389,231390,231389,1
3457,231421,231423,231421,2
3458,231465,231466,231465,1
3459,231591,231593,231591,2
3460,231652,231652,231652,0
3461,231720,231720,231720,0
3462,231767,231768,231767,1
3463,231820,231822,231820,2
3464,231902,231903,231902,1
3465,231940,231942,231940,2
3466,232060,232070,232060,10
3467,232094,232094,232094,0
3468,232147,232148,232147,1
3469,232172,232172,232172,0
3470,232218,232218,232218,0
3471,232265,232266,232265,1
3472,232368,232369,232368,1
3473,232378,232382,232380,4
3474,232468,232468,232468,0
3475,232509,232514,232509,5
3476,232562,232562,232562,0
3477,232611,232613,232611,2
3478,232666,232668,232666,2
3479,232699,232699,232699,0
3480,232839,232840,232839,1
3481,232899,232900,232899,1
3482,232956,232957,232956,1
3483,233010,233012,233010,2
3484,233025,233025,233025,0
3485,233097,233097,233097,0
3486,233153,233153,233153,0
3487,233229,233232,233229,3
3488,233272,233272,233272,0
3489,233287,233287,233287,0
3490,233347,233348,233347,1
3491,233411,233412,233411,1
3492,233506,233507,233506,1
3493,233516,233517,233516,1
3494,233567,233567,233567,0
3495,233627,233627,233627,0
3496,233636,233637,233636,1
3497,233701,233704,233701,3
3498,233761,233761,233761,0
3499,233832,233832,233832,0
3500,233871,233872,233871,1
3501,233919,233921,233919,2
3502,233976,233976,233976,0
3503,234015,234016,234015,1
3504,234077,234081,234077,4
3505,234112,234115,234114,3
3506,234169,234170,234169,1
3507,234281,234284,234281,3
3508,234322,234323,234322,1
3509,234371,234371,234371,0
3510,234403,234403,234403,0
3511,234447,234449,234447,2
3512,234528,234529,234528,1
3513,234594,234598,234594,4
3514,234604,234606,234604,2
3515,234678,234678,234678,0
3516,234714,234715,234714,1
3517,234745,234746,234745,1
3518,234779,234780,234779,1
3519,234811,234813,234811,2
3520,234839,234840,234839,1
3521,234949,234949,234949,0
3522,235022,235025,235022,3
3523,235067,235068,235067,1
3524,235142,235143,235142,1
3525,235256,235257,235256,1
3526,235313,235313,235313,0
3527,235360,235360,235360,0
3528,235469,235469,235469,0
3529,235539,235540,235539,1
3530,235644,235644,235644,0
3531,235669,235673,235669,4
3532,235727,235729,235727,2
3533,235762,235762,235762,0
3534,235777,235779,235777,2
3535,235817,235822,235817,5
3536,235844,235845,235844,1
3537,235899,235899,235899,0
3538,236016,236016,236016,0
3539,236058,236059,236058,1
3540,236070,236070,236070,0
3541,236114,236115,236114,1
3542,236187,236187,236187,0
3543,236219,236221,236219,2
3544,236229,236229,236229,0
3545,236256,236256,236256,0
3546,236353,236354,236353,1
3547,236372,236383,236372,11
3548,236407,236408,236407,1
3549,236466,236466,236466,0
3550,236531,236531,236531,0
3551,236577,236577,236577,0
3552,236643,236643,236643,0
3553,236697,236697,236697,0
3554,236749,236749,236749,0
3555,236764,236765,236764,1
3556,236966,236966,236966,0
3557,237103,237106,237103,3
3558,237181,237182,237181,1
3559,237200,237203,237200,3
3560,237330,237331,237330,1
3561,237389,237389,237389,0
3562,237419,237420,237419,1
3563,237459,237460,237459,1
3564,237541,237556,237543,15
3565,237587,237591,237587,4
3566,237627,237629,237627,2
3567,237760,237762,237761,2
3568,237803,237804,237803,1
3569,237840,237840,237840,0
3570,237902,237902,237902,0
3571,237993,237993,237993,0
3572,238077,238077,238077,0
3573,238107,238107,238107,0
3574,238157,238160,238157,3
3575,238206,238206,238206,0
3576,238244,238244,238244,0
3577,238282,238288,238282,6
3578,238357,238359,238357,2
3579,238444,238446,238444,2
3580,238483,238486,238483,3
3581,238517,238518,238517,1
3582,238555,238556,238555,1
3583,238643,238643,238643,0
3584,238676,238676,238676,0
3585,238745,238746,238745,1
3586,238797,238800,238797,3
3587,238839,238839,238839,0
3588,238877,238878,238877,1
3589,238928,238931,238928,3
3590,238942,238943,238942,1
3591,238997,238998,238997,1
3592,239148,239148,239148,0
3593,239194,239195,239194,1
3594,239236,239239,239236,3
3595,239261,239264,239263,3
3596,239270,239274,239272,4
3597,239370,239370,239370,0
3598,239412,239412,239412,0
3599,239459,239460,239459,1
3600,239485,239487,239485,2
3601,239543,239545,239543,2
3602,239595,239599,239595,4
3603,239626,239627,239626,1
3604,239669,239673,239669,4
3605,239712,239717,239714,5
3606,239727,239730,239727,3
3607,239809,239811,239809,2
3608,239851,239852,239851,1
3609,239935,239936,239935,1
3610,239959,239960,239959,1
3611,240006,240007,240006,1
3612,240035,240035,240035,0
3613,240083,240084,240083,1
3614,240109,240109,240109,0
3615,240177,240177,240177,0
3616,240248,240248,240248,0
3617,240300,240301,240300,1
3618,240376,240376,240376,0
3619,240480,240480,240480,0
3620,240568,240568,240568,0
3621,240616,240621,240619,5
3622,240737,240738,240737,1
3623,240765,240767,240765,2
3624,240784,240784,240784,0
3625,240816,240819,240816,3
3626,240869,240870,240869,1
3627,240911,240915,240911,4
3628,240943,240944,240943,1
3629,240953,240954,240953,1
3630,240990,240990,240990,0
3631,241033,241034,241033,1
3632,241059,241061,241059,2
3633,241079,241080,241079,1
3634,241152,241153,241152,1
3635,241242,241247,241242,5
3636,241273,241274,241273,1
3637,241330,241334,241333,4
3638,241437,241439,241438,2
3639,241482,241485,241482,3
3640,241502,241502,241502,0
3641,241537,241539,241537,2
3642,241564,241564,241564,0
3643,241610,241611,241610,1
3644,241633,241634,241633,1
3645,241721,241726,241723,5
3646,241757,241759,241757,2
3647,241897,241898,241897,1
3648,241982,241983,241982,1
3649,242033,242036,242033,3
3650,242100,242100,242100,0
3651,242162,242162,242162,0
3652,242216,242216,242216,0
3653,242247,242256,242248,9
3654,242302,242303,242302,1
3655,242319,242319,242319,0
3656,242390,242395,242393,5
3657,242443,242444,242443,1
3658,242491,242492,242491,1
3659,242511,242514,242511,3
3660,242564,242565,242564,1
3661,242586,242587,242586,1
3662,242671,242671,242671,0
3663,242697,242698,242697,1
3664,242730,242731,242730,1
3665,242763,242764,242763,1
3666,242805,242809,242805,4
3667,242881,242883,242881,2
3668,242892,242894,242892,2
3669,242924,242925,242924,1
3670,242994,242997,242994,3
3671,243034,243035,243034,1
3672,243109,243109,243109,0
3673,243119,243121,243119,2
3674,243159,243163,243159,4
3675,243190,243190,243190,0
3676,243205,243206,243205,1
3677,243217,243218,243217,1
3678,243249,243253,243249,4
3679,243303,243304,243303,1
3680,243355,243356,243355,1
3681,243481,243481,243481,0
3682,243541,243541,243541,0
3683,243636,243636,243636,0
3684,243695,243712,243695,17
3685,243758,243758,243758,0
3686,243825,243827,243825,2
3687,243873,243873,243873,0
3688,243893,243895,243893,2
3689,243962,243963,243962,1
3690,244132,244133,244132,1
3691,244317,244320,244318,3
3692,244380,244380,244380,0
3693,244438,244439,244438,1
3694,244495,244496,244495,1
3695,244540,244540,244540,0
3696,244611,244620,244614,9
3697,244791,244792,244791,1
3698,244839,244840,244839,1
3699,244897,244897,244897,0
3700,244954,244954,244954,0
3701,244965,244967,244965,2
3702,245027,245027,245027,0
3703,245106,245109,245106,3
3704,245161,245165,245161,4
3705,245266,245271,245266,5
3706,245304,245305,245304,1
3707,245364,245365,245364,1
3708,245474,245475,245474,1
3709,245517,245521,245517,4
3710,245578,245585,245578,7
3711,245664,245666,245664,2
3712,245703,245705,245703,2
3713,245769,245770,245769,1
3714,245800,245801,245800,1
3715,245848,245851,245848,3
3716,245868,245871,245868,3
3717,245885,245890,245888,5
3718,245899,245900,245899,1
3719,245940,245941,245940,1
3720,245969,245970,245969,1
3721,246015,246016,246015,1
3722,246062,246071,246062,9
3723,246109,246109,246109,0
3724,246186,246187,246186,1
3725,246247,246248,246247,1
3726,246290,246296,246290,6
3727,246331,246331,246331,0
3728,246384,246385,246384,1
3729,246421,246421,246421,0
3730,246431,246432,246431,1
3731,246446,246452,246446,6
3732,246483,246488,246486,5
3733,246527,246529,246527,2
3734,246548,246548,246548,0
3735,246656,246656,246656,0
3736,246692,246692,246692,0
3737,246709,246710,246709,1
3738,246738,246739,246738,1
3739,246798,246801,246798,3
3740,246896,246896,246896,0
3741,246929,246930,246929,1
3742,247001,247002,247001,1
3743,247072,247075,247072,3
3744,247106,247109,247106,3
3745,247135,247136,247135,1
3746,247174,247175,247174,1
3747,247226,247227,247226,1
3748,247272,247278,247272,6
3749,247345,247347,247345,2
3750,247409,247410,247409,1
3751,247438,247439,247438,1
3752,247490,247491,247490,1
3753,247521,247522,247521,1
3754,247564,247565,247564,1
3755,247576,247577,247576,1
3756,247627,247628,247627,1
3757,247684,247686,247684,2
3758,247697,247698,247697,1
3759,247751,247751,247751,0
3760,247781,247784,247781,3
3761,247813,247814,247813,1
3762,247839,247841,247839,2
3763,247893,247893,247893,0
3764,247903,247904,247903,1
3765,247933,247934,247933,1
3766,247999,248000,247999,1
3767,248041,248041,248041,0
3768,248062,248063,248062,1
3769,248117,248118,248117,1
3770,248197,248197,248197,0
3771,248255,248256,248255,1
3772,248272,248273,248272,1
3773,248330,248335,248330,5
3774,248368,248371,248370,3
3775,248437,248438,248437,1
3776,248522,248522,248522,0
3777,248567,248568,248567,1
3778,248607,248609,248607,2
3779,248645,248645,248645,0
3780,248695,248711,248695,16
3781,248765,248765,248765,0
3782,248835,248835,248835,0
3783,248929,248929,248929,0
3784,248968,248968,248968,0
3785,249055,249055,249055,0
3786,249109,249109,249109,0
3787,249150,249150,249150,0
3788,249225,249225,249225,0
3789,249253,249253,249253,0
3790,249342,249342,249342,0
3791,249359,249359,249359,0
3792,249591,249591,249591,0
3793,249637,249649,249637,12
3794,249747,249751,249747,4
3795,249821,249822,249821,1
3796,249891,249892,249891,1
3797,249934,249935,249934,1
3798,249984,249986,249984,2
3799,250050,250053,250050,3
3800,250084,250084,250084,0
3801,250125,250130,250125,5
3802,250225,250225,250225,0
3803,250277,250277,250277,0
3804,250322,250322,250322,0
3805,250523,250523,250523,0
3806,250569,250570,250569,1
3807,250593,250594,250593,1
3808,250658,250661,250658,3
3809,250760,250762,250760,2
3810,250806,250806,250806,0
3811,250915,250915,250915,0
3812,250975,250977,250975,2
3813,250998,250998,250998,0
3814,251108,251108,251108,0
3815,251189,251200,251189,11
3816,251249,251249,251249,0
3817,251258,251259,251258,1
3818,251313,251315,251313,2
3819,251358,251358,251358,0
3820,251393,251394,251393,1
3821,251427,251427,251427,0
3822,251547,251548,251547,1
3823,251792,251792,251792,0
3824,251900,251900,251900,0
3825,251934,251936,251934,2
3826,251980,251981,251980,1
3827,252044,252044,252044,0
3828,252079,252079,252079,0
3829,252120,252121,252120,1
3830,252193,252195,252193,2
3831,252254,252257,252254,3
3832,252312,252315,252312,3
3833,252384,252384,252384,0
3834,252467,252467,252467,0
3835,252537,252537,252537,0
3836,252564,252564,252564,0
3837,252580,252580,252580,0
3838,252664,252665,252664,1
3839,252767,252769,252767,2
3840,252840,252842,252840,2
3841,252945,252945,252945,0
3842,252988,252990,252988,2
3843,253036,253036,253036,0
3844,253086,253087,253086,1
3845,253138,253139,253138,1
3846,253174,253174,253174,0
3847,253265,253266,253265,1
3848,253319,253320,253319,1
3849,253389,253392,253390,3
3850,253444,253444,253444,0
3851,253496,253499,253496,3
3852,253527,253530,253527,3
3853,253589,253590,253589,1
3854,253691,253692,253691,1
3855,253774,253777,253774,3
3856,253834,253835,253834,1
3857,253898,253899,253898,1
3858,254002,254002,254002,0
3859,254037,254038,254037,1
3860,254102,254102,254102,0
3861,254134,254135,254134,1
3862,254181,254182,254181,1
3863,254204,254205,254204,1
3864,254259,254260,254259,1
3865,254310,254311,254310,1
3866,254389,254390,254389,1
3867,254461,254462,254461,1
3868,254505,254507,254505,2
3869,254516,254517,254516,1
3870,254594,254594,254594,0
3871,254647,254647,254647,0
3872,254674,254675,254674,1
3873,254709,254709,254709,0
3874,254764,254764,254764,0
3875,254814,254814,254814,0
3876,254871,254871,254871,0
3877,254907,254907,254907,0
3878,254976,254978,254976,2
3879,254990,254991,254990,1
3880,255018,255021,255018,3
3881,255074,255075,255074,1
3882,255098,255100,255098,2
3883,255157,255157,255157,0
3884,255196,255196,255196,0
3885,255238,255238,255238,0
3886,255257,255258,255257,1
3887,255326,255327,255326,1
3888,255386,255387,255386,1
3889,255454,255455,255454,1
3890,255465,255466,255465,1
3891,255524,255526,255524,2
3892,255556,255557,255556,1
3893,255596,255597,255596,1
3894,255627,255629,255627,2
3895,255668,255668,255668,0
3896,255702,255703,255702,1
3897,255817,255819,255817,2
3898,255868,255869,255868,1
3899,255903,255904,255903,1
3900,255957,255957,255957,0
3901,255985,255986,255985,1
3902,256021,256024,256021,3
3903,256071,256071,256071,0
3904,256108,256109,256108,1
3905,256166,256166,256166,0
3906,256245,256245,256245,0
3907,256256,256256,256256,0
3908,256471,256471,256471,0
3909,256596,256596,256596,0
3910,256687,256688,256687,1
3911,256781,256782,256781,1
3912,256869,256871,256869,2
3913,256943,256943,256943,0
3914,256969,256969,256969,0
3915,257058,257058,257058,0
3916,257099,257100,257099,1
3917,257131,257131,257131,0
3918,257215,257215,257215,0
3919,257302,257303,257302,1
3920,257371,257373,257371,2
3921,257438,257439,257438,1
3922,257462,257465,257463,3
3923,257492,257493,257492,1
3924,257541,257542,257541,1
3925,257585,257588,257585,3
3926,257602,257606,257602,4
3927,257687,257691,257689,4
3928,257758,257759,257758,1
3929,257800,257801,257800,1
3930,257841,257842,257841,1
3931,257915,257915,257915,0
3932,257969,257970,257969,1
3933,258017,258017,258017,0
3934,258084,258088,258084,4
3935,258223,258223,258223,0
3936,258355,258355,258355,0
3937,258381,258382,258381,1
3938,258390,258390,258390,0
3939,258420,258421,258420,1
3940,258471,258473,258471,2
3941,258576,258576,258576,0
3942,258622,258623,258622,1
3943,258669,258670,258669,1
3944,258704,258705,258704,1
3945,258765,258765,258765,0
3946,258799,258800,258799,1
3947,258867,258867,258867,0
3948,258940,258941,258940,1
3949,258970,258970,258970,0
3950,259015,259015,259015,0
3951,259087,259087,259087,0
3952,259186,259187,259186,1
3953,259228,259231,259228,3
3954,259265,259271,259265,6
3955,259297,259297,259297,0
3956,259313,259313,259313,0
3957,259365,259366,259365,1
3958,259379,259380,259379,1
3959,259438,259439,259438,1
3960,259492,259493,259492,1
3961,259527,259529,259527,2
3962,259580,259585,259583,5
3963,259624,259628,259627,4
3964,259661,259662,259661,1
3965,259690,259692,259690,2
3966,259739,259739,259739,0
3967,259763,259763,259763,0
3968,259806,259806,259806,0
3969,259857,259859,259857,2
3970,259893,259895,259893,2
3971,259980,259980,259980,0
3972,260054,260054,260054,0
3973,260146,260149,260147,3
3974,260213,260214,260213,1
3975,260244,260244,260244,0
3976,260300,260300,260300,0
3977,260358,260358,260358,0
3978,260374,260382,260374,8
3979,260390,260390,260390,0
3980,260449,260449,260449,0
3981,260488,260493,260488,5
3982,260633,260633,260633,0
3983,260774,260775,260774,1
3984,260948,260948,260948,0
3985,260971,260971,260971,0
3986,261044,261045,261044,1
3987,261134,261135,261134,1
3988,261207,261210,261207,3
3989,261240,261242,261240,2
3990,261300,261301,261300,1
3991,261347,261347,261347,0
3992,261387,261387,261387,0
3993,261443,261444,261443,1
3994,261519,261520,261519,1
3995,261538,261539,261538,1
3996,261573,261573,261573,0
3997,261591,261592,261591,1
3998,261634,261634,261634,0
3999,261770,261770,261770,0
4000,261785,261786,261785,1
4001,261816,261817,261816,1
4002,261859,261861,261859,2
4003,261868,261869,261868,1
4004,261942,261946,261942,4
4005,261989,261990,261989,1
4006,262005,262006,262005,1
4007,262140,262141,262140,1
4008,262211,262211,262211,0
4009,262226,262227,262226,1
4010,262270,262271,262270,1
4011,262307,262307,262307,0
4012,262374,262374,262374,0
4013,262424,262424,262424,0
4014,262435,262435,262435,0
4015,262596,262597,262596,1
4016,262620,262622,262620,2
4017,262648,262648,262648,0
4018,262800,262801,262800,1
4019,262846,262847,262846,1
4020,262940,262940,262940,0
4021,262988,262988,262988,0
4022,263035,263035,263035,0
4023,263104,263108,263104,4
4024,263171,263173,263171,2
4025,263228,263228,263228,0
4026,263298,263298,263298,0
4027,263323,263323,263323,0
4028,263402,263402,263402,0
4029,263444,263444,263444,0
4030,263475,263480,263475,5
4031,263518,263518,263518,0
4032,263589,263590,263589,1
4033,263640,263640,263640,0
4034,263671,263671,263671,0
4035,263694,263696,263694,2
4036,263796,263796,263796,0
4037,263844,263845,263844,1
4038,263907,263907,263907,0
4039,263951,263953,263951,2
4040,264008,264008,264008,0
4041,264058,264065,264058,7
4042,264135,264137,264135,2
4043,264360,264360,264360,0
4044,264388,264397,264388,9
4045,264530,264530,264530,0
4046,264569,264573,264569,4
4047,264602,264602,264602,0
4048,264706,264706,264706,0
4049,264879,264879,264879,0
4050,264909,264910,264909,1
4051,264941,264941,264941,0
4052,265039,265039,265039,0
4053,265091,265094,265091,3
4054,265237,265237,265237,0
4055,265329,265329,265329,0
4056,265420,265420,265420,0
4057,265556,265556,265556,0
4058,265673,265674,265673,1
4059,265713,265715,265713,2
4060,265784,265785,265784,1
4061,265857,265857,265857,0
4062,265894,265894,265894,0
4063,266073,266074,266073,1
4064,266103,266104,266103,1
4065,266164,266165,266164,1
4066,266206,266206,266206,0
4067,266311,266311,266311,0
4068,266326,266328,266326,2
4069,266500,266500,266500,0
4070,266570,266573,266570,3
4071,266620,266621,266620,1
4072,266635,266636,266635,1
4073,266684,266684,266684,0
4074,266735,266735,266735,0
4075,266758,266758,266758,0
4076,266810,266811,266810,1
4077,266839,266840,266839,1
4078,266849,266851,266849,2
4079,266903,266904,266903,1
4080,266985,266985,266985,0
4081,266995,266997,266995,2
4082,267008,267009,267008,1
4083,267100,267100,267100,0
4084,267129,267133,267129,4
4085,267138,267139,267138,1
4086,267174,267174,267174,0
4087,267212,267212,267212,0
4088,267265,267268,267265,3
4089,267320,267321,267320,1
4090,267391,267394,267391,3
4091,267487,267502,267487,15
4092,267610,267610,267610,0
4093,267732,267732,267732,0
4094,267744,267744,267744,0
4095,267791,267795,267791,4
4096,267853,267853,267853,0
4097,267982,267982,267982,0
4098,268005,268005,268005,0
4099,268071,268071,268071,0
4100,268113,268113,268113,0
4101,268163,268163,268163,0
4102,268223,268223,268223,0
4103,268290,268292,268290,2
4104,268320,268322,268321,2
4105,268358,268358,268358,0
4106,268423,268425,268423,2
4107,268446,268446,268446,0
4108,268464,268464,268464,0
4109,268520,268520,268520,0
4110,268568,268569,268568,1
4111,268611,268611,268611,0
4112,268645,268645,268645,0
4113,268696,268696,268696,0
4114,268727,268728,268727,1
4115,268778,268786,268780,8
4116,268872,268874,268872,2
4117,268934,268935,268934,1
4118,268962,268962,268962,0
4119,269028,269029,269028,1
4120,269051,269052,269051,1
4121,269124,269124,269124,0
4122,269227,269228,269227,1
4123,269267,269267,269267,0
4124,269345,269349,269345,4
4125,269394,269397,269394,3
4126,269472,269473,269472,1
4127,269508,269511,269510,3
4128,269528,269572,269528,44
4129,269573,269574,269573,1
4130,269599,269599,269599,0
4131,269609,269610,269609,1
4132,269652,269652,269652,0
4133,269662,269663,269662,1
4134,269707,269708,269707,1
4135,269717,269718,269717,1
4136,269743,269743,269743,0
4137,269795,269798,269795,3
4138,269833,269833,269833,0
4139,269888,269889,269888,1
4140,269939,269939,269939,0
4141,269971,269971,269971,0
4142,270004,270004,270004,0
4143,270014,270015,270014,1
4144,270049,270051,270049,2
4145,270091,270092,270091,1
4146,270141,270141,270141,0
4147,270180,270181,270180,1
4148,270227,270227,270227,0
4149,270269,270270,270269,1
4150,270313,270313,270313,0
4151,270368,270370,270368,2
4152,270405,270407,270405,2
4153,270464,270464,270464,0
4154,270553,270571,270553,18
4155,270603,270604,270603,1
4156,270637,270639,270637,2
4157,270700,270700,270700,0
4158,270756,270757,270756,1
4159,270815,270830,270815,15
4160,270899,270899,270899,0
4161,270949,270950,270949,1
4162,271019,271019,271019,0
4163,271066,271066,271066,0
4164,271117,271117,271117,0
4165,271178,271178,271178,0
4166,271239,271239,271239,0
4167,271312,271313,271312,1
4168,271419,271420,271419,1
4169,271479,271480,271479,1
4170,271520,271521,271520,1
4171,271534,271537,271534,3
4172,271555,271556,271555,1
4173,271609,271610,271609,1
4174,271657,271658,271657,1
4175,271710,271710,271710,0
4176,271752,271753,271752,1
4177,271808,271808,271808,0
4178,271856,271856,271856,0
4179,271887,271899,271887,12
4180,271960,271961,271960,1
4181,271992,271992,271992,0
4182,272161,272161,272161,0
4183,272361,272361,272361,0
4184,272406,272406,272406,0
4185,272432,272434,272432,2
4186,272447,272451,272447,4
4187,272495,272499,272495,4
4188,272505,272508,272505,3
4189,272639,272640,272639,1
4190,272690,272691,272690,1
4191,272719,272723,272719,4
4192,272739,272739,272739,0
4193,272773,272788,272775,15
4194,272818,272822,272818,4
4195,272886,272889,272886,3
4196,272936,272936,272936,0
4197,272998,273001,272998,3
4198,273066,273066,273066,0
4199,273088,273088,273088,0
4200,273123,273125,273123,2
4201,273200,273200,273200,0
4202,273271,273274,273271,3
4203,273359,273359,273359,0
4204,273463,273463,273463,0
4205,273476,273477,273476,1
4206,273537,273538,273537,1
4207,273552,273552,273552,0
4208,273601,273602,273601,1
4209,273646,273647,273646,1
4210,273667,273668,273667,1
4211,273677,273678,273677,1
4212,273701,273701,273701,0
4213,273720,273721,273720,1
4214,273742,273743,273742,1
4215,273783,273788,273783,5
4216,273850,273851,273850,1
4217,274073,274074,274073,1
4218,274149,274150,274149,1
4219,274190,274191,274190,1
4220,274234,274234,274234,0
4221,274315,274316,274315,1
4222,274405,274405,274405,0
4223,274450,274450,274450,0
4224,274464,274464,274464,0
4225,274571,274571,274571,0
4226,274606,274607,274606,1
4227,274644,274644,274644,0
4228,274654,274655,274654,1
4229,274721,274721,274721,0
4230,274785,274785,274785,0
4231,274825,274825,274825,0
4232,274869,274869,274869,0
4233,274908,274908,274908,0
4234,274939,274939,274939,0
4235,274988,274989,274988,1
4236,275048,275048,275048,0
4237,275073,275073,275073,0
4238,275114,275114,275114,0
4239,275147,275147,275147,0
4240,275176,275177,275176,1
4241,275263,275265,275263,2
4242,275293,275293,275293,0
4243,275340,275340,275340,0
4244,275389,275389,275389,0
4245,275412,275413,275412,1
4246,275442,275442,275442,0
4247,275486,275486,275486,0
4248,275534,275537,275534,3
4249,275552,275552,275552,0
4250,275653,275653,275653,0
4251,275718,275721,275718,3
4252,275771,275773,275771,2
4253,275827,275828,275827,1
4254,275844,275844,275844,0
4255,275913,275913,275913,0
4256,275947,275947,275947,0
4257,275987,275988,275987,1
4258,276065,276067,276065,2
4259,276102,276103,276102,1
4260,276126,276126,276126,0
4261,276165,276165,276165,0
4262,276228,276228,276228,0
4263,276379,276381,276379,2
4264,276397,276399,276397,2
4265,276459,276460,276459,1
4266,276518,276519,276518,1
4267,276545,276548,276545,3
4268,276608,276609,276608,1
4269,276663,276663,276663,0
4270,276708,276708,276708,0
4271,276740,276741,276740,1
4272,276784,276784,276784,0
4273,276827,276828,276827,1
4274,276898,276898,276898,0
4275,276970,276970,276970,0
4276,277015,277015,277015,0
4277,277175,277175,277175,0
4278,277315,277318,277315,3
4279,277383,277384,277383,1
4280,277398,277399,277398,1
4281,277472,277472,277472,0
4282,277494,277494,277494,0
4283,277716,277716,277716,0
4284,277780,277780,277780,0
4285,277902,277903,277902,1
4286,277963,277963,277963,0
4287,277997,277998,277997,1
4288,278025,278026,278025,1
4289,278052,278054,278052,2
4290,278207,278207,278207,0
4291,278244,278244,278244,0
4292,278360,278360,278360,0
4293,278412,278412,278412,0
4294,278439,278439,278439,0
4295,278494,278497,278494,3
4296,278560,278560,278560,0
4297,278608,278608,278608,0
4298,278679,278680,278679,1
4299,278742,278743,278742,1
4300,278782,278782,278782,0
4301,278855,278864,278855,9
4302,278865,278866,278865,1
4303,278995,278996,278995,1
4304,279045,279046,279045,1
4305,279071,279073,279071,2
4306,279139,279141,279139,2
4307,279168,279172,279171,4
4308,279298,279299,279298,1
4309,279313,279315,279313,2
4310,279341,279342,279341,1
4311,279387,279388,279387,1
4312,279425,279428,279427,3
4313,279462,279462,279462,0
4314,279477,279478,279477,1
4315,279553,279554,279553,1
4316,279718,279718,279718,0
4317,279735,279736,279735,1
4318,279753,279754,279753,1
4319,279766,279769,279766,3
4320,279819,279820,279819,1
4321,279861,279862,279861,1
4322,279885,279885,279885,0
4323,279896,279897,279896,1
4324,279934,279934,279934,0
4325,279987,279994,279987,7
4326,280069,280070,280069,1
4327,280100,280101,280100,1
4328,280290,280293,280290,3
4329,280336,280336,280336,0
4330,280410,280410,280410,0
4331,280537,280541,280537,4
4332,280634,280634,280634,0
4333,280648,280657,280648,9
4334,280701,280706,280702,5
4335,280768,280769,280768,1
4336,280815,280824,280815,9
4337,280861,280862,280861,1
4338,280978,280979,280978,1
4339,281011,281012,281011,1
4340,281040,281041,281040,1
4341,281181,281182,281181,1
4342,281262,281262,281262,0
4343,281346,281348,281346,2
4344,281412,281412,281412,0
4345,281459,281460,281459,1
4346,281506,281507,281506,1
4347,281515,281518,281516,3
4348,281533,281534,281533,1
4349,281615,281615,281615,0
4350,281783,281783,281783,0
4351,281835,281836,281835,1
4352,281921,281921,281921,0
4353,282018,282018,282018,0
4354,282034,282038,282034,4
4355,282107,282107,282107,0
4356,282117,282118,282117,1
4357,282199,282203,282199,4
4358,282233,282234,282233,1
4359,282279,282280,282279,1
4360,282315,282315,282315,0
4361,282455,282456,282455,1
4362,282517,282518,282517,1
4363,282711,282730,282713,19
4364,282770,282771,282770,1
4365,282798,282819,282798,21
4366,282906,282908,282906,2
4367,282940,282941,282940,1
