,Start_blink,End_blink,Blink_frame,No_of_frames
0,15,16,15,1
1,33,37,33,4
2,131,135,134,4
3,148,153,151,5
4,199,201,199,2
5,244,247,244,3
6,285,286,285,1
7,346,347,346,1
8,384,385,384,1
9,455,458,455,3
10,552,552,552,0
11,631,632,631,1
12,718,719,718,1
13,957,958,957,1
14,1048,1048,1048,0
15,1243,1243,1243,0
16,1284,1285,1284,1
17,1432,1433,1432,1
18,1496,1496,1496,0
19,1522,1565,1522,43
20,1566,1567,1566,1
21,1675,1697,1677,22
22,1738,1739,1738,1
23,1806,1808,1806,2
24,1819,1823,1821,4
25,1903,1904,1903,1
26,2188,2188,2188,0
27,2237,2238,2237,1
28,2349,2356,2349,7
29,2439,2440,2439,1
30,2523,2525,2523,2
31,2587,2591,2589,4
32,2692,2696,2692,4
33,2744,2746,2745,2
34,2854,2855,2854,1
35,2920,2921,2920,1
36,3199,3200,3199,1
37,3304,3308,3306,4
38,3493,3493,3493,0
39,3602,3603,3602,1
40,3695,3696,3695,1
41,3767,3772,3770,5
42,3809,3809,3809,0
43,3828,3828,3828,0
44,3861,3864,3861,3
45,4083,4084,4083,1
46,4112,4112,4112,0
47,4273,4278,4273,5
48,4290,4291,4290,1
49,4348,4349,4348,1
50,4581,4581,4581,0
51,4678,4684,4678,6
52,4856,4857,4856,1
53,4950,4951,4950,1
54,5031,5031,5031,0
55,5106,5106,5106,0
56,5142,5144,5142,2
57,5404,5404,5404,0
58,5421,5421,5421,0
59,5460,5460,5460,0
60,5509,5511,5509,2
61,5642,5660,5642,18
62,5794,5799,5797,5
63,5841,5845,5841,4
64,5867,5869,5867,2
65,5922,5923,5922,1
66,5941,5941,5941,0
67,5962,5963,5962,1
68,5978,5978,5978,0
69,6056,6057,6056,1
70,6079,6080,6079,1
71,6190,6195,6192,5
72,6244,6247,6246,3
73,6368,6373,6368,5
74,6402,6403,6402,1
75,6464,6467,6466,3
76,6486,6486,6486,0
77,6517,6519,6518,2
78,6568,6570,6569,2
79,6861,6864,6863,3
80,6878,6878,6878,0
81,7057,7057,7057,0
82,7182,7185,7182,3
83,7220,7221,7220,1
84,7238,7240,7239,2
85,7271,7289,7271,18
86,7405,7408,7407,3
87,7512,7514,7512,2
88,7984,7985,7984,1
89,8017,8022,8017,5
90,8075,8076,8075,1
91,8086,8090,8088,4
92,8102,8104,8102,2
93,8186,8187,8186,1
94,8225,8232,8225,7
95,8364,8366,8364,2
96,8471,8472,8471,1
97,8566,8570,8568,4
98,8629,8632,8629,3
99,8659,8660,8659,1
100,8742,8743,8742,1
101,8801,8803,8801,2
102,8924,8924,8924,0
103,8986,8986,8986,0
104,9022,9024,9022,2
105,9054,9057,9054,3
106,9276,9279,9276,3
107,9319,9323,9319,4
108,9396,9396,9396,0
109,9476,9477,9476,1
110,9507,9512,9507,5
111,9610,9610,9610,0
112,9638,9639,9638,1
113,9666,9670,9668,4
114,9774,9775,9774,1
115,9864,9864,9864,0
116,9928,9929,9928,1
117,10005,10009,10007,4
118,10161,10162,10161,1
119,10525,10525,10525,0
120,10544,10545,10544,1
121,10681,10681,10681,0
122,10751,10762,10751,11
123,10808,10809,10808,1
124,10870,10871,10870,1
125,11035,11036,11035,1
126,11280,11281,11280,1
127,11378,11378,11378,0
128,11416,11418,11416,2
129,11426,11427,11426,1
130,11535,11535,11535,0
131,11599,11600,11599,1
132,11650,11651,11650,1
133,11799,11802,11799,3
134,11860,11861,11860,1
135,11905,11908,11905,3
136,11950,11956,11952,6
137,12029,12031,12029,2
138,12102,12103,12102,1
139,12210,12211,12210,1
140,12254,12257,12254,3
141,12311,12313,12311,2
142,12356,12360,12356,4
143,12399,12399,12399,0
144,12464,12464,12464,0
145,12565,12567,12565,2
146,12671,12672,12671,1
147,12703,12712,12706,9
148,12788,12792,12788,4
149,12933,12952,12936,19
150,12953,12955,12953,2
151,13020,13024,13021,4
152,13101,13102,13101,1
153,13148,13149,13148,1
154,13207,13209,13207,2
155,13346,13348,13346,2
156,13386,13388,13387,2
157,13467,13470,13467,3
158,13675,13678,13675,3
159,13765,13766,13765,1
160,13806,13807,13806,1
161,13900,13901,13900,1
162,14099,14099,14099,0
163,14376,14377,14376,1
164,14493,14494,14493,1
165,14601,14602,14601,1
166,14630,14631,14630,1
167,14680,14682,14680,2
168,14790,14799,14790,9
169,14932,14933,14932,1
170,14990,14991,14990,1
171,15022,15023,15022,1
172,15186,15186,15186,0
173,15280,15281,15280,1
174,15371,15372,15371,1
175,15394,15396,15394,2
176,15461,15464,15461,3
177,15511,15512,15511,1
178,15585,15585,15585,0
179,15826,15827,15826,1
180,16044,16044,16044,0
181,16208,16210,16208,2
182,16223,16224,16223,1
183,16701,16711,16701,10
184,16818,16818,16818,0
185,16859,16860,16859,1
186,16973,17018,16973,45
187,17032,17032,17032,0
188,17103,17107,17103,4
189,17149,17158,17149,9
190,17181,17181,17181,0
191,17295,17297,17295,2
192,17383,17384,17383,1
193,17457,17459,17457,2
194,17472,17475,17472,3
195,17494,17497,17494,3
196,17590,17591,17590,1
197,17609,17610,17609,1
198,17625,17631,17628,6
199,17734,17740,17737,6
200,17883,17886,17883,3
201,18012,18013,18012,1
202,18081,18081,18081,0
203,18184,18185,18184,1
204,18299,18301,18299,2
205,18373,18373,18373,0
206,18432,18434,18432,2
207,18594,18594,18594,0
208,18670,18673,18670,3
209,18826,18826,18826,0
210,18849,18850,18849,1
211,19136,19136,19136,0
212,19201,19201,19201,0
213,19293,19294,19293,1
214,19314,19318,19316,4
215,19360,19364,19362,4
216,19436,19438,19436,2
217,19445,19449,19447,4
218,19501,19502,19501,1
219,19632,19632,19632,0
220,19672,19677,19675,5
221,19711,19711,19711,0
222,19740,19740,19740,0
223,19808,19814,19808,6
224,19954,19954,19954,0
225,20129,20130,20129,1
226,20174,20175,20174,1
227,20281,20286,20281,5
228,20353,20353,20353,0
229,20438,20439,20438,1
230,20536,20538,20536,2
231,20596,20597,20596,1
232,20640,20641,20640,1
233,20685,20685,20685,0
234,20832,20837,20835,5
235,20879,20879,20879,0
236,20901,20902,20901,1
237,21011,21018,21011,7
238,21078,21081,21080,3
239,21189,21190,21189,1
240,21313,21314,21313,1
241,21560,21561,21560,1
242,21614,21614,21614,0
243,21681,21682,21681,1
244,21731,21736,21731,5
245,21921,21922,21921,1
246,22007,22008,22007,1
247,22175,22175,22175,0
248,22257,22262,22260,5
249,22367,22368,22367,1
250,22452,22458,22452,6
251,22531,22532,22531,1
252,22550,22553,22552,3
253,22576,22576,22576,0
254,22600,22601,22600,1
255,22667,22672,22670,5
256,22720,22726,22720,6
257,22811,22811,22811,0
258,22874,22875,22874,1
259,22928,22934,22928,6
260,23002,23003,23002,1
261,23084,23086,23084,2
262,23093,23093,23093,0
263,23175,23175,23175,0
264,23237,23237,23237,0
265,23325,23329,23325,4
266,23351,23352,23351,1
267,23404,23405,23404,1
268,23441,23444,23443,3
269,23502,23506,23504,4
270,23530,23531,23530,1
271,23572,23584,23572,12
272,23613,23614,23613,1
273,23627,23628,23627,1
274,23686,23686,23686,0
275,23751,23752,23751,1
276,23846,23847,23846,1
277,23887,23888,23887,1
278,23921,23923,23921,2
279,23977,23978,23977,1
280,24062,24062,24062,0
281,24139,24143,24141,4
282,24196,24199,24196,3
283,24210,24211,24210,1
284,24350,24351,24350,1
285,24378,24379,24378,1
286,24388,24390,24388,2
287,24514,24515,24514,1
288,24555,24556,24555,1
289,24622,24624,24622,2
290,24753,24754,24753,1
291,24791,24791,24791,0
292,24868,24869,24868,1
293,24953,24953,24953,0
294,25105,25107,25105,2
295,25320,25327,25320,7
296,25348,25349,25348,1
297,25478,25478,25478,0
298,25585,25590,25585,5
299,25761,25762,25761,1
300,25884,25885,25884,1
301,25925,25928,25925,3
302,25980,25981,25980,1
303,26122,26122,26122,0
304,26168,26169,26168,1
305,26199,26200,26199,1
306,26247,26249,26247,2
307,26312,26312,26312,0
308,26321,26322,26321,1
309,26347,26347,26347,0
310,26399,26401,26399,2
311,26444,26446,26444,2
312,26476,26478,26477,2
313,26515,26522,26515,7
314,26579,26581,26580,2
315,26631,26632,26631,1
316,26673,26673,26673,0
317,26749,26752,26751,3
318,26792,26821,26792,29
319,26834,26834,26834,0
320,26868,26871,26868,3
321,26936,26939,26936,3
322,27006,27007,27006,1
323,27059,27060,27059,1
324,27098,27105,27098,7
325,27147,27148,27147,1
326,27207,27208,27207,1
327,27264,27265,27264,1
328,27306,27309,27306,3
329,27333,27334,27333,1
330,27384,27386,27384,2
331,27462,27465,27462,3
332,27530,27533,27530,3
333,27576,27577,27576,1
334,27609,27610,27609,1
335,27645,27646,27645,1
336,27707,27708,27707,1
337,27881,27881,27881,0
338,27992,27992,27992,0
339,28031,28034,28031,3
340,28094,28096,28094,2
341,28145,28145,28145,0
342,28246,28248,28247,2
343,28348,28348,28348,0
344,28395,28396,28395,1
345,28494,28500,28494,6
346,28539,28550,28541,11
347,28607,28610,28607,3
348,28698,28699,28698,1
349,28889,28889,28889,0
350,28916,28917,28916,1
351,29003,29004,29003,1
352,29033,29033,29033,0
353,29050,29050,29050,0
354,29089,29089,29089,0
355,29116,29117,29116,1
356,29169,29171,29169,2
357,29233,29237,29235,4
358,29248,29249,29248,1
359,29284,29291,29287,7
360,29345,29346,29345,1
361,29418,29419,29418,1
362,29493,29494,29493,1
363,29577,29578,29577,1
364,29633,29633,29633,0
365,29673,29675,29673,2
366,29684,29685,29684,1
367,29719,29720,29719,1
368,29773,29775,29774,2
369,29879,29879,29879,0
370,29933,29937,29933,4
371,30014,30015,30014,1
372,30052,30054,30053,2
373,30098,30100,30098,2
374,30135,30136,30135,1
375,30191,30193,30191,2
376,30242,30244,30242,2
377,30313,30314,30313,1
378,30349,30354,30352,5
379,30371,30374,30373,3
380,30436,30438,30436,2
381,30523,30524,30523,1
382,30673,30675,30673,2
383,30731,30732,30731,1
384,30770,30775,30770,5
385,30785,30791,30788,6
386,30825,30828,30825,3
387,30871,30872,30871,1
388,31114,31116,31114,2
389,31150,31154,31150,4
390,31200,31200,31200,0
391,31248,31249,31248,1
392,31288,31289,31288,1
393,31301,31302,31301,1
394,31424,31426,31424,2
395,31444,31444,31444,0
396,31542,31542,31542,0
397,31610,31611,31610,1
398,31629,31631,31629,2
399,31690,31691,31690,1
400,31740,31746,31743,6
401,31773,31787,31773,14
402,31816,31819,31816,3
403,31871,31872,31871,1
404,31936,31941,31936,5
405,31979,31982,31979,3
406,31991,31992,31991,1
407,32092,32092,32092,0
408,32153,32155,32153,2
409,32241,32242,32241,1
410,32438,32439,32438,1
411,32468,32469,32468,1
412,32520,32526,32523,6
413,32547,32548,32547,1
414,32559,32560,32559,1
415,32608,32609,32608,1
416,32619,32621,32619,2
417,32815,32816,32815,1
418,32869,32873,32871,4
419,32961,32964,32961,3
420,33022,33024,33022,2
421,33119,33120,33119,1
422,33187,33187,33187,0
423,33209,33212,33209,3
424,33301,33303,33301,2
425,33320,33321,33320,1
426,33393,33395,33393,2
427,33465,33466,33465,1
428,33667,33667,33667,0
429,33706,33706,33706,0
430,33856,33856,33856,0
431,33939,33940,33939,1
432,33972,33975,33972,3
433,34034,34039,34036,5
434,34102,34103,34102,1
435,34143,34146,34143,3
436,34290,34298,34290,8
437,34341,34358,34341,17
438,34382,34402,34382,20
439,34426,34427,34426,1
440,34448,34457,34448,9
441,34491,34492,34491,1
442,34574,34576,34574,2
443,34666,34678,34666,12
444,34682,34683,34682,1
445,34731,34732,34731,1
446,34782,34785,34782,3
447,34884,34884,34884,0
448,34919,34919,34919,0
449,34953,34956,34953,3
450,34979,34980,34979,1
451,35020,35022,35021,2
452,35435,35443,35438,8
453,35504,35509,35506,5
454,35592,35595,35592,3
455,35631,35632,35631,1
456,35686,35688,35686,2
457,35720,35723,35720,3
458,35841,35844,35841,3
459,35914,35914,35914,0
460,35967,35967,35967,0
461,36020,36022,36020,2
462,36063,36180,36063,117
463,36181,36183,36181,2
464,36238,36242,36238,4
465,36304,36306,36304,2
466,36347,36351,36347,4
467,36403,36406,36403,3
468,36490,36492,36490,2
469,36519,36519,36519,0
470,36626,36626,36626,0
471,36652,36653,36652,1
472,36697,36698,36697,1
473,36754,36755,36754,1
474,36792,36792,36792,0
475,36825,36826,36825,1
476,36850,36862,36852,12
477,36916,36916,36916,0
478,36936,36937,36936,1
479,36964,36966,36964,2
480,37054,37055,37054,1
481,37115,37116,37115,1
482,37180,37185,37182,5
483,37224,37225,37224,1
484,37281,37282,37281,1
485,37422,37423,37422,1
486,37483,37485,37483,2
487,37505,37506,37505,1
488,37549,37551,37549,2
489,37616,37619,37616,3
490,37732,37735,37734,3
491,37835,37836,37835,1
492,37915,37920,37918,5
493,37981,37985,37981,4
494,38026,38033,38029,7
495,38061,38062,38061,1
496,38227,38228,38227,1
497,38254,38255,38254,1
498,38294,38295,38294,1
499,38460,38460,38460,0
500,38539,38541,38539,2
501,38587,38588,38587,1
502,38627,38638,38627,11
503,38683,38687,38683,4
504,38747,38750,38747,3
505,38848,38850,38849,2
506,38941,38941,38941,0
507,39054,39055,39054,1
508,39128,39129,39128,1
509,39188,39188,39188,0
510,39289,39290,39289,1
511,39372,39373,39372,1
512,39464,39464,39464,0
513,39568,39569,39568,1
514,39686,39687,39686,1
515,39787,39788,39787,1
516,39831,39832,39831,1
517,39852,39853,39852,1
518,39960,39961,39960,1
519,39989,40000,39991,11
520,40063,40065,40064,2
521,40096,40096,40096,0
522,40277,40278,40277,1
523,40344,40345,40344,1
524,40430,40433,40430,3
525,40506,40507,40506,1
526,40737,40737,40737,0
527,40854,40855,40854,1
528,40895,40897,40895,2
529,40960,40960,40960,0
530,40972,40975,40974,3
531,41029,41029,41029,0
532,41041,41044,41041,3
533,41140,41141,41140,1
534,41237,41238,41237,1
535,41412,41412,41412,0
536,41449,41449,41449,0
537,41771,41773,41771,2
538,41961,41961,41961,0
539,42002,42005,42002,3
540,42045,42046,42045,1
541,42140,42141,42140,1
542,42195,42196,42195,1
543,42280,42280,42280,0
544,42324,42324,42324,0
545,42373,42386,42373,13
546,42493,42497,42493,4
547,42515,42517,42515,2
548,42598,42598,42598,0
549,42741,42741,42741,0
550,42802,42802,42802,0
551,42863,42865,42863,2
552,42924,42925,42924,1
553,42984,42986,42984,2
554,43140,43141,43140,1
555,43179,43183,43181,4
556,43294,43295,43294,1
557,43362,43366,43362,4
558,43476,43477,43476,1
559,43616,43623,43616,7
560,43668,43672,43670,4
561,43726,43732,43726,6
562,43849,43857,43849,8
563,43930,43933,43930,3
564,44015,44016,44015,1
565,44113,44114,44113,1
566,44203,44204,44203,1
567,44249,44251,44249,2
568,44264,44265,44264,1
569,44344,44344,44344,0
570,44468,44471,44468,3
571,44585,44586,44585,1
572,44747,44747,44747,0
573,44828,44828,44828,0
574,44888,44890,44888,2
575,44990,44990,44990,0
576,45078,45079,45078,1
577,45197,45197,45197,0
578,45207,45210,45207,3
579,45282,45284,45282,2
580,45321,45324,45321,3
581,45411,45411,45411,0
582,45499,45501,45499,2
583,45609,45609,45609,0
584,45627,45628,45627,1
585,45647,45648,45647,1
586,45682,45683,45682,1
587,45858,45858,45858,0
588,45877,45878,45877,1
589,45981,45984,45981,3
590,46068,46073,46068,5
591,46126,46128,46126,2
592,46135,46136,46135,1
593,46172,46176,46172,4
594,46260,46260,46260,0
595,46323,46325,46323,2
596,46397,46401,46397,4
597,46438,46442,46438,4
598,46484,46484,46484,0
599,46535,46538,46535,3
600,46602,46602,46602,0
601,46625,46626,46625,1
602,46636,46639,46638,3
603,46696,46697,46696,1
604,46745,46746,46745,1
605,46786,46787,46786,1
606,46824,46826,46824,2
607,46847,46847,46847,0
608,46932,46933,46932,1
609,46979,46981,46979,2
610,47134,47134,47134,0
611,47195,47198,47195,3
612,47251,47251,47251,0
613,47334,47337,47334,3
614,47382,47384,47383,2
615,47463,47464,47463,1
616,47473,47474,47473,1
617,47546,47547,47546,1
618,47668,47670,47668,2
619,47856,47857,47856,1
620,47971,47975,47971,4
621,48175,48176,48175,1
622,48258,48286,48258,28
623,48309,48312,48309,3
624,48346,48348,48346,2
625,48390,48390,48390,0
626,48508,48513,48508,5
627,48533,48534,48533,1
628,48581,48581,48581,0
629,48614,48615,48614,1
630,48724,48728,48724,4
631,48768,48769,48768,1
632,48782,48783,48782,1
633,48818,48819,48818,1
634,48831,48834,48831,3
635,48931,48931,48931,0
636,48949,48950,48949,1
637,49067,49068,49067,1
638,49111,49112,49111,1
639,49227,49227,49227,0
640,49268,49269,49268,1
641,49302,49305,49304,3
642,49348,49351,49349,3
643,49386,49390,49388,4
644,49399,49400,49399,1
645,49435,49438,49437,3
646,49450,49452,49450,2
647,49521,49522,49521,1
648,49617,49618,49617,1
649,49678,49681,49679,3
650,49721,49725,49722,4
651,49760,49761,49760,1
652,49805,49808,49807,3
653,50026,50027,50026,1
654,50037,50039,50037,2
655,50152,50154,50152,2
656,50317,50318,50317,1
657,50356,50361,50359,5
658,50445,50447,50445,2
659,50994,50994,50994,0
660,51047,51048,51047,1
661,51101,51101,51101,0
662,51117,51118,51117,1
663,51151,51152,51151,1
664,51170,51175,51172,5
665,51239,51239,51239,0
666,51262,51263,51262,1
667,51278,51279,51278,1
668,51306,51310,51306,4
669,51394,51395,51394,1
670,51441,51446,51441,5
671,51493,51494,51493,1
672,51542,51557,51542,15
673,51575,51575,51575,0
674,51658,51663,51660,5
675,51714,51715,51714,1
676,51769,51772,51769,3
677,51789,51789,51789,0
678,51836,51837,51836,1
679,51907,51911,51908,4
680,51955,51956,51955,1
681,51986,51989,51987,3
682,52063,52064,52063,1
683,52137,52139,52137,2
684,52227,52227,52227,0
685,52244,52245,52244,1
686,52286,52287,52286,1
687,52421,52425,52423,4
688,52438,52446,52440,8
689,52484,52492,52484,8
690,52532,52533,52532,1
691,52552,52556,52554,4
692,52683,52683,52683,0
693,52771,52773,52771,2
694,52844,52847,52846,3
695,52872,52878,52875,6
696,52946,52948,52947,2
697,52960,52963,52961,3
698,53036,53037,53036,1
699,53092,53093,53092,1
700,53154,53156,53155,2
701,53239,53244,53242,5
702,53313,53314,53313,1
703,53401,53402,53401,1
704,53489,53492,53491,3
705,53576,53578,53576,2
706,53657,53658,53657,1
707,53737,53737,53737,0
708,53837,53841,53837,4
709,53894,53896,53894,2
710,53954,53954,53954,0
711,54004,54005,54004,1
712,54065,54069,54065,4
713,54146,54149,54148,3
714,54290,54311,54290,21
715,54312,54318,54312,6
716,54370,54370,54370,0
717,54454,54455,54454,1
718,54463,54464,54463,1
719,54549,54554,54551,5
720,54610,54611,54610,1
721,54662,54665,54664,3
722,54727,54729,54727,2
723,54857,54862,54857,5
724,54914,54916,54914,2
725,54931,54932,54931,1
726,54997,54999,54997,2
727,55076,55078,55076,2
728,55132,55132,55132,0
729,55141,55142,55141,1
730,55299,55299,55299,0
731,55402,55404,55402,2
732,55413,55417,55415,4
733,55721,55725,55721,4
734,55730,55732,55731,2
735,55793,55794,55793,1
736,55862,55863,55862,1
737,55925,55927,55925,2
738,55934,55935,55934,1
739,56024,56024,56024,0
740,56145,56147,56145,2
741,56220,56220,56220,0
742,56308,56311,56308,3
743,56356,56356,56356,0
744,56393,56394,56393,1
745,56506,56507,56506,1
746,56576,56578,56576,2
747,56606,56607,56606,1
748,56616,56617,56616,1
749,56655,56661,56655,6
750,56667,56670,56667,3
751,56930,56930,56930,0
752,56966,56966,56966,0
753,57045,57048,57045,3
754,57154,57158,57154,4
755,57246,57246,57246,0
756,57287,57287,57287,0
757,57498,57498,57498,0
758,57546,57547,57546,1
759,57625,57627,57626,2
760,57661,57662,57661,1
761,57753,57756,57753,3
762,57857,57858,57857,1
763,57903,57903,57903,0
764,57967,57968,57967,1
765,57984,57988,57984,4
766,58080,58081,58080,1
767,58166,58167,58166,1
768,58262,58265,58263,3
769,58338,58339,58338,1
770,58550,58551,58550,1
771,58739,58740,58739,1
772,58845,58846,58845,1
773,59051,59051,59051,0
774,59091,59091,59091,0
775,59149,59149,59149,0
776,59286,59286,59286,0
777,59416,59417,59416,1
778,59663,59674,59663,11
779,59747,59747,59747,0
780,59784,59786,59784,2
781,59905,59906,59905,1
782,59966,59967,59966,1
783,60162,60164,60162,2
784,60262,60263,60262,1
785,60325,60371,60325,46
786,60452,60453,60452,1
787,60493,60493,60493,0
788,60548,60549,60548,1
789,60646,60647,60646,1
790,60657,60658,60657,1
791,60810,60811,60810,1
792,60980,60985,60980,5
793,61094,61095,61094,1
794,61349,61352,61351,3
795,61541,61542,61541,1
796,61651,61655,61651,4
797,61730,61731,61730,1
798,61747,61747,61747,0
799,61914,61917,61914,3
800,62234,62234,62234,0
801,62285,62285,62285,0
802,62297,62298,62297,1
803,62462,62463,62462,1
804,62539,62539,62539,0
805,62608,62609,62608,1
806,62672,62674,62672,2
807,62769,62769,62769,0
808,62816,62817,62816,1
809,62907,62908,62907,1
810,62922,62923,62922,1
811,63039,63040,63039,1
812,63129,63129,63129,0
813,63207,63209,63207,2
814,63285,63286,63285,1
815,63404,63404,63404,0
816,63429,63429,63429,0
817,63591,63607,63591,16
818,63640,63641,63640,1
819,63679,63680,63679,1
820,63767,63767,63767,0
821,64121,64122,64121,1
822,64222,64224,64222,2
823,64292,64292,64292,0
824,64364,64364,64364,0
825,64419,64422,64419,3
826,64488,64489,64488,1
827,64514,64516,64515,2
828,64566,64567,64566,1
829,64674,64676,64674,2
830,64757,64758,64757,1
831,64884,64885,64884,1
832,65037,65037,65037,0
833,65227,65227,65227,0
834,65236,65237,65236,1
835,65332,65332,65332,0
836,65353,65358,65355,5
837,65379,65383,65380,4
838,65442,65445,65443,3
839,65486,65489,65486,3
840,65531,65534,65531,3
841,65565,65566,65565,1
842,65610,65612,65610,2
843,65621,65622,65621,1
844,65678,65679,65678,1
845,65729,65734,65729,5
846,65790,65792,65791,2
847,65844,65851,65844,7
848,65946,65950,65948,4
849,65968,65972,65970,4
850,66042,66045,66042,3
851,66144,66145,66144,1
852,66234,66235,66234,1
853,66333,66335,66333,2
854,66356,66357,66356,1
855,66418,66419,66418,1
856,66453,66454,66453,1
857,66524,66526,66525,2
858,66558,66559,66558,1
859,66616,66617,66616,1
860,66637,66638,66637,1
861,66681,66683,66681,2
862,66697,66702,66700,5
863,66759,66761,66759,2
864,66847,66849,66847,2
865,66884,66889,66887,5
866,66956,66959,66957,3
867,67003,67007,67003,4
868,67062,67066,67062,4
869,67083,67087,67083,4
870,67180,67181,67180,1
871,67235,67241,67235,6
872,67304,67305,67304,1
873,67382,67385,67383,3
874,67462,67465,67464,3
875,67651,67652,67651,1
876,67696,67697,67696,1
877,67724,67725,67724,1
878,67776,67781,67776,5
879,67859,67863,67861,4
880,67948,67949,67948,1
881,68001,68002,68001,1
882,68059,68060,68059,1
883,68113,68116,68113,3
884,68282,68283,68282,1
885,68341,68343,68341,2
886,68430,68431,68430,1
887,68531,68533,68532,2
888,68632,68634,68632,2
889,68726,68728,68726,2
890,68799,68802,68799,3
891,68937,68937,68937,0
892,69183,69198,69183,15
893,69221,69222,69221,1
894,69251,69251,69251,0
895,69295,69298,69295,3
896,69304,69304,69304,0
897,69398,69398,69398,0
898,69408,69408,69408,0
899,69483,69488,69483,5
900,69528,69529,69528,1
901,69563,69563,69563,0
902,69611,69612,69611,1
903,69638,69638,69638,0
904,69729,69730,69729,1
905,69758,69758,69758,0
906,69782,69782,69782,0
907,69884,69885,69884,1
908,69992,69992,69992,0
909,70098,70098,70098,0
910,70121,70123,70121,2
911,70256,70259,70256,3
912,70412,70418,70412,6
913,70427,70432,70430,5
914,70478,70478,70478,0
915,70587,70588,70587,1
916,70675,70679,70677,4
917,70833,70834,70833,1
918,70844,70845,70844,1
919,70861,70863,70861,2
920,70870,70874,70873,4
921,70899,70899,70899,0
922,71007,71009,71007,2
923,71055,71058,71055,3
924,71067,71069,71067,2
925,71103,71104,71103,1
926,71191,71194,71191,3
927,71314,71314,71314,0
928,71417,71433,71417,16
929,71564,71564,71564,0
930,71603,71604,71603,1
931,71682,71683,71682,1
932,71691,71692,71691,1
933,71718,71723,71720,5
934,71773,71779,71773,6
935,71871,71871,71871,0
936,71947,71948,71947,1
937,71963,71967,71966,4
938,72017,72021,72018,4
939,72098,72101,72099,3
940,72157,72161,72158,4
941,72243,72245,72243,2
942,72275,72277,72276,2
943,72324,72329,72326,5
944,72397,72398,72397,1
945,72495,72499,72495,4
946,72532,72535,72532,3
947,72556,72557,72556,1
948,72616,72630,72619,14
949,72673,72675,72674,2
950,72718,72719,72718,1
951,72802,72803,72802,1
952,72919,72920,72919,1
953,72952,72953,72952,1
954,72999,73000,72999,1
955,73064,73065,73064,1
956,73110,73112,73110,2
957,73226,73233,73227,7
958,73366,73369,73366,3
959,73410,73411,73410,1
960,73509,73509,73509,0
961,73572,73575,73572,3
962,73634,73639,73634,5
963,73704,73705,73704,1
964,73998,73999,73998,1
965,74096,74098,74096,2
966,74181,74183,74181,2
967,74338,74338,74338,0
968,74382,74383,74382,1
969,74544,74545,74544,1
970,74606,74606,74606,0
971,74745,74746,74745,1
972,74829,74830,74829,1
973,74932,74939,74932,7
974,74974,74982,74974,8
975,75058,75058,75058,0
976,75086,75090,75088,4
977,75146,75146,75146,0
978,75195,75196,75195,1
979,75280,75280,75280,0
980,75316,75317,75316,1
981,75369,75370,75369,1
982,75403,75429,75403,26
983,75493,75494,75493,1
984,75515,75515,75515,0
985,75568,75568,75568,0
986,75649,75650,75649,1
987,75670,75679,75670,9
988,75707,75707,75707,0
989,75783,75784,75783,1
990,75826,75826,75826,0
991,75873,75876,75873,3
992,75907,75909,75907,2
993,75992,75992,75992,0
994,76026,76026,76026,0
995,76101,76107,76101,6
996,76142,76151,76144,9
997,76214,76215,76214,1
998,76286,76289,76288,3
999,76314,76315,76314,1
1000,76367,76373,76367,6
1001,76443,76444,76443,1
1002,76527,76531,76527,4
1003,76688,76691,76690,3
1004,76703,76704,76703,1
1005,76766,76767,76766,1
1006,76897,76897,76897,0
1007,76960,76965,76960,5
1008,77024,77025,77024,1
1009,77149,77153,77149,4
1010,77184,77186,77184,2
1011,77235,77236,77235,1
1012,77281,77282,77281,1
1013,77300,77303,77300,3
1014,77345,77345,77345,0
1015,77405,77405,77405,0
1016,77453,77453,77453,0
1017,77504,77504,77504,0
1018,77520,77522,77521,2
1019,77538,77539,77538,1
1020,77549,77550,77549,1
1021,77573,77574,77573,1
1022,77614,77615,77614,1
1023,77641,77642,77641,1
1024,77703,77704,77703,1
1025,77752,77753,77752,1
1026,77812,77813,77812,1
1027,77838,77839,77838,1
1028,78015,78016,78015,1
1029,78107,78109,78107,2
1030,78157,78157,78157,0
1031,78191,78191,78191,0
1032,78217,78219,78217,2
1033,78254,78255,78254,1
1034,78307,78307,78307,0
1035,78365,78369,78365,4
1036,78391,78391,78391,0
1037,78537,78538,78537,1
1038,78560,78561,78560,1
1039,78571,78572,78571,1
1040,78681,78682,78681,1
1041,78695,78695,78695,0
1042,78778,78778,78778,0
1043,78817,78817,78817,0
1044,78880,78880,78880,0
1045,78959,78961,78959,2
1046,78973,78973,78973,0
1047,79024,79024,79024,0
1048,79076,79077,79076,1
1049,79158,79159,79158,1
1050,79285,79286,79285,1
1051,79518,79518,79518,0
1052,79843,79844,79843,1
1053,79879,79880,79879,1
1054,80147,80147,80147,0
1055,80169,80169,80169,0
1056,80312,80312,80312,0
1057,80378,80379,80378,1
1058,80437,80437,80437,0
1059,80483,80484,80483,1
1060,80531,80531,80531,0
1061,80580,80585,80580,5
1062,80841,80841,80841,0
1063,80890,80892,80890,2
1064,80936,80936,80936,0
1065,81051,81051,81051,0
1066,81148,81150,81148,2
1067,81230,81230,81230,0
1068,81262,81263,81262,1
1069,81277,81278,81277,1
1070,81360,81361,81360,1
1071,81400,81400,81400,0
1072,81454,81457,81454,3
1073,81581,81582,81581,1
1074,81648,81650,81648,2
1075,81766,81766,81766,0
1076,81926,81926,81926,0
1077,82026,82026,82026,0
1078,82121,82123,82121,2
1079,82159,82160,82159,1
1080,82205,82206,82205,1
1081,82240,82244,82240,4
1082,82253,82256,82253,3
1083,82303,82304,82303,1
1084,82567,82567,82567,0
1085,82620,82621,82620,1
1086,82660,82660,82660,0
1087,82729,82730,82729,1
1088,82817,82818,82817,1
1089,82931,82933,82931,2
1090,82981,82981,82981,0
1091,83153,83154,83153,1
1092,83273,83274,83273,1
1093,83389,83401,83389,12
1094,83515,83516,83515,1
1095,83594,83595,83594,1
1096,83702,83705,83702,3
1097,83813,83813,83813,0
1098,83992,83997,83995,5
1099,84164,84165,84164,1
1100,84233,84233,84233,0
1101,84301,84303,84301,2
1102,84363,84365,84363,2
1103,84499,84504,84501,5
1104,84646,84646,84646,0
1105,84780,84785,84782,5
1106,84859,84859,84859,0
1107,84999,85003,84999,4
1108,85087,85087,85087,0
1109,85135,85135,85135,0
1110,85282,85282,85282,0
1111,85468,85468,85468,0
1112,85521,85521,85521,0
1113,85582,85582,85582,0
1114,85668,85677,85670,9
1115,85696,85697,85696,1
1116,85798,85808,85799,10
1117,85863,85864,85863,1
1118,85927,85928,85927,1
1119,85958,85958,85958,0
1120,86023,86023,86023,0
1121,86067,86068,86067,1
1122,86207,86209,86207,2
1123,86232,86232,86232,0
1124,86343,86346,86344,3
1125,86386,86401,86386,15
1126,86553,86553,86553,0
1127,86629,86631,86629,2
1128,86669,86670,86669,1
1129,86712,86722,86712,10
1130,86772,86773,86772,1
1131,86830,86833,86830,3
1132,86988,86993,86988,5
1133,87041,87049,87041,8
1134,87097,87100,87097,3
1135,87132,87132,87132,0
1136,87167,87167,87167,0
1137,87205,87205,87205,0
1138,87359,87361,87359,2
1139,87489,87489,87489,0
1140,87499,87499,87499,0
1141,87540,87544,87540,4
1142,87571,87571,87571,0
1143,87655,87656,87655,1
1144,87733,87733,87733,0
1145,87757,87757,87757,0
1146,87820,87822,87820,2
1147,87970,87971,87970,1
1148,88049,88049,88049,0
1149,88247,88248,88247,1
1150,88335,88336,88335,1
1151,88384,88385,88384,1
1152,88411,88411,88411,0
1153,88520,88520,88520,0
1154,88572,88572,88572,0
1155,88641,88641,88641,0
1156,88807,88807,88807,0
1157,88899,88901,88899,2
1158,88958,88958,88958,0
1159,88985,88985,88985,0
1160,89014,89017,89014,3
1161,89083,89083,89083,0
1162,89147,89147,89147,0
1163,89204,89204,89204,0
1164,89286,89286,89286,0
1165,89341,89341,89341,0
1166,89391,89391,89391,0
1167,89449,89450,89449,1
1168,89700,89701,89700,1
1169,89759,89759,89759,0
1170,89887,89891,89887,4
1171,90336,90336,90336,0
1172,90861,90863,90861,2
1173,90888,90891,90888,3
1174,90988,90988,90988,0
1175,91047,91050,91047,3
1176,91131,91132,91131,1
1177,91154,91154,91154,0
1178,91164,91165,91164,1
1179,91199,91200,91199,1
1180,91306,91306,91306,0
1181,91374,91375,91374,1
1182,91396,91398,91396,2
1183,91619,91620,91619,1
1184,91734,91735,91734,1
1185,91837,91838,91837,1
1186,91941,91942,91941,1
1187,91974,91974,91974,0
1188,92016,92020,92018,4
1189,92101,92101,92101,0
1190,92124,92126,92125,2
1191,92303,92303,92303,0
1192,92459,92462,92459,3
1193,92476,92477,92476,1
1194,92550,92550,92550,0
1195,92745,92753,92745,8
1196,92816,92817,92816,1
1197,92875,92878,92875,3
1198,92933,92933,92933,0
1199,93019,93019,93019,0
1200,93100,93101,93100,1
1201,93226,93234,93226,8
1202,93297,93298,93297,1
1203,93358,93358,93358,0
1204,93396,93398,93396,2
1205,93406,93410,93407,4
1206,93522,93525,93522,3
1207,93563,93564,93563,1
1208,93590,93599,93590,9
1209,93635,93636,93635,1
1210,93675,93676,93675,1
1211,93734,93734,93734,0
1212,93811,93812,93811,1
1213,93877,93878,93877,1
1214,93978,93982,93980,4
1215,94052,94053,94052,1
1216,94145,94145,94145,0
1217,94312,94313,94312,1
1218,94439,94443,94439,4
1219,94510,94510,94510,0
1220,94567,94568,94567,1
1221,94604,94606,94604,2
1222,94656,94660,94656,4
1223,94712,94714,94712,2
1224,94800,94800,94800,0
1225,94853,94853,94853,0
1226,94878,94879,94878,1
1227,94961,94962,94961,1
1228,95066,95068,95066,2
1229,95136,95137,95136,1
1230,95163,95166,95163,3
1231,95251,95251,95251,0
1232,95548,95550,95548,2
1233,95711,95715,95711,4
1234,95892,95892,95892,0
1235,96042,96043,96042,1
1236,96122,96123,96122,1
1237,96225,96226,96225,1
1238,96303,96306,96303,3
1239,96346,96348,96346,2
1240,96477,96478,96477,1
1241,96562,96564,96562,2
1242,96720,96723,96720,3
1243,96773,96773,96773,0
1244,96799,96799,96799,0
1245,96834,96835,96834,1
1246,97022,97022,97022,0
1247,97069,97071,97069,2
1248,97100,97101,97100,1
1249,97200,97200,97200,0
1250,97373,97376,97373,3
1251,97451,97451,97451,0
1252,97491,97496,97491,5
1253,97572,97573,97572,1
1254,97582,97586,97584,4
1255,97620,97621,97620,1
1256,97666,97667,97666,1
1257,97730,97731,97730,1
1258,97761,97762,97761,1
1259,97825,97825,97825,0
1260,97913,97917,97913,4
1261,97998,97999,97998,1
1262,98084,98085,98084,1
1263,98131,98133,98131,2
1264,98173,98173,98173,0
1265,98232,98234,98232,2
1266,98330,98332,98331,2
1267,98407,98407,98407,0
1268,98646,98647,98646,1
1269,98734,98737,98734,3
1270,98779,98781,98779,2
1271,98864,98866,98864,2
1272,98960,98961,98960,1
1273,98972,98972,98972,0
1274,99209,99210,99209,1
1275,99457,99458,99457,1
1276,99672,99674,99673,2
1277,99824,99825,99824,1
1278,100096,100097,100096,1
1279,100128,100135,100130,7
1280,100392,100394,100392,2
1281,100753,100753,100753,0
1282,100819,100819,100819,0
1283,100858,100859,100858,1
1284,100881,100886,100882,5
1285,101190,101190,101190,0
1286,101268,101269,101268,1
1287,101465,101465,101465,0
1288,101570,101573,101571,3
1289,101644,101645,101644,1
1290,101682,101683,101682,1
1291,101799,101800,101799,1
1292,101949,101949,101949,0
1293,102005,102005,102005,0
1294,102071,102074,102072,3
1295,102123,102123,102123,0
1296,102204,102204,102204,0
1297,102226,102229,102226,3
1298,102329,102332,102330,3
1299,102348,102349,102348,1
1300,102422,102423,102422,1
1301,102452,102452,102452,0
1302,102582,102584,102582,2
1303,102665,102667,102665,2
1304,102709,102710,102709,1
1305,102742,102743,102742,1
1306,102934,102934,102934,0
1307,102947,102951,102949,4
1308,102988,102991,102988,3
1309,103323,103324,103323,1
1310,103393,103394,103393,1
1311,103492,103492,103492,0
1312,103670,103670,103670,0
1313,103803,103803,103803,0
1314,103880,103880,103880,0
1315,104231,104231,104231,0
1316,104368,104369,104368,1
1317,104476,104476,104476,0
1318,104513,104514,104513,1
1319,104586,104586,104586,0
1320,104636,104636,104636,0
1321,104678,104679,104678,1
1322,104738,104738,104738,0
1323,105001,105001,105001,0
1324,105095,105096,105095,1
1325,105305,105305,105305,0
1326,105409,105409,105409,0
1327,105517,105517,105517,0
1328,105639,105640,105639,1
1329,105759,105759,105759,0
1330,105877,105877,105877,0
1331,105888,105889,105888,1
1332,106046,106048,106046,2
1333,106158,106161,106158,3
1334,106227,106229,106227,2
1335,106280,106283,106280,3
1336,106300,106303,106300,3
1337,106406,106407,106406,1
1338,106474,106475,106474,1
1339,106533,106536,106533,3
1340,106585,106586,106585,1
1341,106596,106597,106596,1
1342,106670,106670,106670,0
1343,106708,106709,106708,1
1344,106768,106769,106768,1
1345,106848,106848,106848,0
1346,106858,106858,106858,0
1347,106882,106886,106884,4
1348,106936,106937,106936,1
1349,107105,107111,107107,6
1350,107139,107140,107139,1
1351,107216,107217,107216,1
1352,107242,107247,107242,5
1353,107322,107327,107325,5
1354,107484,107485,107484,1
1355,107597,107598,107597,1
1356,107661,107662,107661,1
1357,107671,107677,107674,6
1358,107684,107687,107684,3
1359,107753,107756,107753,3
1360,107804,107805,107804,1
1361,107894,107895,107894,1
1362,108003,108015,108003,12
1363,108121,108123,108121,2
1364,108197,108198,108197,1
1365,108317,108319,108317,2
1366,108380,108380,108380,0
1367,108708,108708,108708,0
1368,108955,108955,108955,0
1369,109053,109054,109053,1
1370,109098,109099,109098,1
1371,109449,109450,109449,1
1372,109540,109542,109540,2
1373,109592,109593,109592,1
1374,109668,109671,109668,3
1375,109686,109686,109686,0
1376,109763,109767,109763,4
1377,109838,109838,109838,0
1378,110225,110229,110225,4
1379,110280,110280,110280,0
1380,110299,110300,110299,1
1381,110412,110426,110412,14
1382,110524,110524,110524,0
1383,110642,110643,110642,1
1384,110706,110707,110706,1
1385,110761,110762,110761,1
1386,110982,110984,110982,2
1387,111258,111259,111258,1
1388,111352,111353,111352,1
1389,111392,111393,111392,1
1390,111477,111478,111477,1
1391,111501,111504,111502,3
1392,111586,111591,111586,5
1393,111612,111613,111612,1
1394,111664,111678,111667,14
1395,111778,111781,111778,3
1396,111965,111966,111965,1
1397,112045,112046,112045,1
1398,112100,112102,112100,2
1399,112112,112113,112112,1
1400,112275,112278,112277,3
1401,112449,112450,112449,1
1402,112535,112538,112535,3
1403,112674,112675,112674,1
1404,112782,112791,112785,9
1405,112803,112805,112803,2
1406,112816,112818,112816,2
1407,113044,113045,113044,1
1408,113141,113142,113141,1
1409,113219,113220,113219,1
1410,113294,113307,113294,13
1411,113431,113431,113431,0
1412,113498,113501,113498,3
1413,113571,113572,113571,1
1414,114103,114107,114103,4
1415,114130,114130,114130,0
1416,114193,114197,114193,4
1417,114287,114288,114287,1
1418,114391,114454,114391,63
1419,114462,114463,114462,1
1420,114557,114558,114557,1
1421,114591,114594,114591,3
1422,114641,114642,114641,1
1423,114659,114660,114659,1
1424,114710,114711,114710,1
1425,114806,114806,114806,0
1426,114967,114967,114967,0
1427,115033,115033,115033,0
1428,115044,115045,115044,1
1429,115078,115079,115078,1
1430,115142,115142,115142,0
1431,115196,115197,115196,1
1432,115312,115312,115312,0
1433,115413,115416,115413,3
1434,115424,115424,115424,0
1435,115588,115589,115588,1
1436,115661,115662,115661,1
1437,115707,115707,115707,0
1438,115734,115734,115734,0
1439,115743,115744,115743,1
1440,115838,115839,115838,1
1441,115867,115867,115867,0
1442,116117,116119,116117,2
1443,116130,116134,116132,4
1444,116183,116187,116183,4
1445,116469,116471,116469,2
1446,116609,116622,116609,13
1447,116702,116702,116702,0
1448,116861,116864,116861,3
1449,116902,116904,116903,2
1450,116931,116932,116931,1
1451,116966,116970,116968,4
1452,117015,117016,117015,1
1453,117262,117263,117262,1
1454,117726,117727,117726,1
1455,117836,117837,117836,1
1456,118124,118124,118124,0
1457,118226,118226,118226,0
1458,118244,118247,118244,3
1459,118323,118324,118323,1
1460,118366,118370,118366,4
1461,118464,118464,118464,0
1462,118676,118677,118676,1
1463,118840,118851,118840,11
1464,118901,118901,118901,0
1465,118975,118984,118975,9
1466,118990,118991,118990,1
1467,119035,119036,119035,1
1468,119099,119103,119099,4
1469,119140,119141,119140,1
1470,119155,119156,119155,1
1471,119229,119234,119231,5
1472,119391,119392,119391,1
1473,119409,119420,119409,11
1474,119503,119503,119503,0
1475,119679,119681,119679,2
1476,119830,119840,119830,10
1477,119894,119894,119894,0
1478,120086,120086,120086,0
1479,120236,120237,120236,1
1480,120277,120278,120277,1
1481,120362,120362,120362,0
1482,120516,120517,120516,1
1483,120554,120558,120554,4
1484,120616,120619,120616,3
1485,120692,120694,120692,2
1486,120867,120867,120867,0
1487,120947,120953,120947,6
1488,121000,121001,121000,1
1489,121075,121077,121075,2
1490,121146,121147,121146,1
1491,121168,121169,121168,1
1492,121239,121240,121239,1
1493,121297,121298,121297,1
1494,121360,121362,121360,2
1495,121437,121438,121437,1
1496,121610,121611,121610,1
1497,121742,121747,121742,5
1498,121772,121773,121772,1
1499,121852,121852,121852,0
1500,122075,122076,122075,1
1501,122245,122246,122245,1
1502,122346,122347,122346,1
1503,122418,122419,122418,1
1504,122446,122447,122446,1
1505,122558,122565,122558,7
1506,122754,122754,122754,0
1507,122921,122922,122921,1
1508,123081,123081,123081,0
1509,123150,123150,123150,0
1510,123343,123346,123343,3
1511,123389,123389,123389,0
1512,123413,123416,123413,3
1513,123478,123479,123478,1
1514,123510,123513,123512,3
1515,123574,123576,123574,2
1516,123612,123612,123612,0
1517,123871,123871,123871,0
1518,123885,123886,123885,1
1519,123957,123959,123957,2
1520,124079,124082,124079,3
1521,124216,124218,124216,2
1522,124319,124320,124319,1
1523,124376,124376,124376,0
1524,124560,124560,124560,0
1525,124665,124667,124665,2
1526,124709,124709,124709,0
1527,124723,124724,124723,1
1528,124811,124812,124811,1
1529,124842,124842,124842,0
1530,124860,124865,124860,5
1531,124905,124908,124905,3
1532,124966,124970,124966,4
1533,125023,125023,125023,0
1534,125192,125197,125192,5
1535,125276,125280,125276,4
1536,125317,125319,125317,2
1537,125354,125355,125354,1
1538,125424,125425,125424,1
1539,125639,125640,125639,1
1540,125824,125839,125824,15
1541,125994,125994,125994,0
1542,126125,126126,126125,1
1543,126136,126138,126136,2
1544,126182,126184,126182,2
1545,126303,126304,126303,1
1546,126319,126320,126319,1
1547,126355,126355,126355,0
1548,126401,126401,126401,0
1549,126480,126481,126480,1
1550,126526,126530,126526,4
1551,126692,126695,126692,3
1552,126703,126704,126703,1
1553,126836,126840,126836,4
1554,126876,126879,126876,3
1555,126888,126893,126888,5
1556,126966,126967,126966,1
1557,127019,127021,127019,2
1558,127052,127053,127052,1
1559,127086,127087,127086,1
1560,127134,127142,127134,8
1561,127340,127368,127340,28
1562,127450,127458,127450,8
1563,127528,127531,127528,3
1564,127622,127623,127622,1
1565,127690,127690,127690,0
1566,127701,127701,127701,0
1567,127743,127744,127743,1
1568,127804,127808,127804,4
1569,127876,127879,127876,3
1570,128239,128239,128239,0
1571,128819,128823,128819,4
1572,129078,129078,129078,0
1573,129107,129110,129107,3
1574,129177,129180,129177,3
1575,129446,129447,129446,1
1576,129492,129497,129492,5
1577,129558,129560,129558,2
1578,129610,129610,129610,0
1579,129667,129667,129667,0
1580,129822,129823,129822,1
1581,129951,129954,129951,3
1582,130235,130235,130235,0
1583,130247,130249,130247,2
1584,130324,130334,130324,10
1585,130352,130357,130354,5
1586,130419,130420,130419,1
1587,130494,130495,130494,1
1588,130565,130566,130565,1
1589,130609,130631,130609,22
1590,130640,130642,130640,2
1591,130651,130651,130651,0
1592,130710,130713,130710,3
1593,130804,130804,130804,0
1594,130854,130854,130854,0
1595,130884,130885,130884,1
1596,131224,131226,131224,2
1597,131352,131359,131352,7
1598,131405,131408,131406,3
1599,131468,131470,131468,2
1600,131547,131549,131547,2
1601,131579,131580,131579,1
1602,131603,131610,131603,7
1603,131663,131663,131663,0
1604,131714,131715,131714,1
1605,131724,131730,131727,6
1606,131866,131866,131866,0
1607,131931,131931,131931,0
1608,132032,132032,132032,0
1609,132087,132090,132089,3
1610,132209,132213,132209,4
1611,132455,132455,132455,0
1612,132515,132515,132515,0
1613,132547,132563,132547,16
1614,132601,132601,132601,0
1615,132626,132626,132626,0
1616,132807,132807,132807,0
1617,132871,132871,132871,0
1618,132978,132979,132978,1
1619,133092,133093,133092,1
1620,133119,133127,133119,8
1621,133180,133180,133180,0
1622,133221,133221,133221,0
1623,133282,133284,133282,2
1624,133318,133321,133318,3
1625,133361,133362,133361,1
1626,133419,133419,133419,0
1627,133468,133469,133468,1
1628,133503,133513,133503,10
1629,133579,133580,133579,1
1630,133631,133634,133631,3
1631,133688,133689,133688,1
1632,133752,133753,133752,1
1633,133948,133949,133948,1
1634,134027,134030,134027,3
1635,134091,134091,134091,0
1636,134161,134165,134161,4
1637,134294,134294,134294,0
1638,134374,134375,134374,1
1639,134398,134399,134398,1
1640,134450,134451,134450,1
1641,134491,134492,134491,1
1642,134617,134617,134617,0
1643,134683,134683,134683,0
1644,134812,134813,134812,1
1645,134856,134856,134856,0
1646,134867,134868,134867,1
1647,134934,134935,134934,1
1648,134985,134986,134985,1
1649,135083,135083,135083,0
1650,135188,135188,135188,0
1651,135273,135273,135273,0
1652,135286,135287,135286,1
1653,135313,135313,135313,0
1654,135343,135344,135343,1
1655,135418,135418,135418,0
1656,135477,135477,135477,0
1657,135505,135509,135505,4
1658,135574,135574,135574,0
1659,135662,135662,135662,0
1660,135683,135684,135683,1
1661,135726,135727,135726,1
1662,135831,135836,135833,5
1663,135863,135864,135863,1
1664,136044,136045,136044,1
1665,136171,136172,136171,1
1666,136339,136340,136339,1
1667,136486,136489,136486,3
1668,136559,136560,136559,1
1669,136787,136788,136787,1
1670,136864,136867,136864,3
1671,137007,137011,137010,4
1672,137065,137065,137065,0
1673,137075,137077,137075,2
1674,137224,137229,137224,5
1675,137307,137307,137307,0
1676,137336,137338,137336,2
1677,137401,137402,137401,1
1678,137583,137583,137583,0
1679,137771,137772,137771,1
1680,137843,137846,137843,3
1681,137859,137859,137859,0
1682,137890,137891,137890,1
1683,137934,137937,137934,3
1684,137996,137996,137996,0
1685,138160,138162,138160,2
1686,138203,138203,138203,0
1687,138241,138242,138241,1
1688,138313,138313,138313,0
1689,138345,138348,138345,3
1690,138585,138586,138585,1
1691,138653,138657,138655,4
1692,138697,138698,138697,1
1693,138778,138779,138778,1
1694,139031,139034,139032,3
1695,139079,139079,139079,0
1696,139136,139136,139136,0
1697,139235,139271,139235,36
1698,139292,139292,139292,0
1699,139397,139400,139397,3
1700,139439,139439,139439,0
1701,139485,139485,139485,0
1702,139537,139557,139537,20
1703,139661,139664,139661,3
1704,139842,139842,139842,0
1705,139874,139874,139874,0
1706,139907,139907,139907,0
1707,139956,139956,139956,0
1708,140024,140024,140024,0
1709,140117,140119,140117,2
1710,140176,140179,140176,3
1711,140233,140234,140233,1
1712,140342,140343,140342,1
1713,140381,140382,140381,1
1714,140428,140428,140428,0
1715,140495,140497,140495,2
1716,140707,140710,140707,3
1717,140739,140740,140739,1
1718,140830,140830,140830,0
1719,140927,140928,140927,1
1720,140943,140944,140943,1
1721,140988,140990,140989,2
1722,141037,141038,141037,1
1723,141120,141120,141120,0
1724,141159,141172,141159,13
1725,141194,141198,141194,4
1726,141243,141243,141243,0
1727,141483,141483,141483,0
1728,141825,141830,141825,5
1729,141863,141864,141863,1
1730,141889,141889,141889,0
1731,141973,141974,141973,1
1732,142061,142062,142061,1
1733,142117,142117,142117,0
1734,142131,142132,142131,1
1735,142195,142195,142195,0
1736,142232,142232,142232,0
1737,142700,142700,142700,0
1738,142978,142978,142978,0
1739,143133,143134,143133,1
1740,143237,143238,143237,1
1741,143324,143331,143324,7
1742,143382,143386,143382,4
1743,143446,143447,143446,1
1744,143475,143475,143475,0
1745,143503,143504,143503,1
1746,143538,143539,143538,1
1747,143580,143581,143580,1
1748,143620,143621,143620,1
1749,143631,143631,143631,0
1750,143696,143701,143696,5
1751,143735,143736,143735,1
1752,143816,143816,143816,0
1753,143843,143843,143843,0
1754,143853,143855,143853,2
1755,143884,143887,143884,3
1756,143923,143925,143923,2
1757,143938,143938,143938,0
1758,143954,143956,143954,2
1759,143985,143988,143985,3
1760,144106,144108,144106,2
1761,144134,144135,144134,1
1762,144224,144225,144224,1
1763,144328,144333,144328,5
1764,144411,144412,144411,1
1765,144531,144531,144531,0
1766,144544,144545,144544,1
1767,144708,144708,144708,0
1768,144735,144735,144735,0
1769,144892,144894,144892,2
1770,145018,145022,145018,4
1771,145172,145172,145172,0
1772,145231,145231,145231,0
1773,145462,145466,145462,4
1774,145568,145568,145568,0
1775,145639,145642,145639,3
1776,145798,145801,145798,3
1777,145962,145962,145962,0
1778,146038,146039,146038,1
1779,146097,146098,146097,1
1780,146144,146146,146145,2
1781,146207,146208,146207,1
1782,146287,146289,146287,2
1783,146301,146301,146301,0
1784,146381,146385,146383,4
1785,146520,146524,146520,4
1786,146629,146629,146629,0
1787,146662,146662,146662,0
1788,146755,146755,146755,0
1789,146807,146809,146807,2
1790,146903,146904,146903,1
1791,147063,147067,147063,4
1792,147494,147494,147494,0
1793,147598,147598,147598,0
1794,147609,147610,147609,1
1795,147699,147702,147699,3
1796,147722,147724,147722,2
1797,147806,147809,147806,3
1798,147817,147817,147817,0
1799,147864,147868,147864,4
1800,147923,147924,147923,1
1801,147977,147981,147977,4
1802,148015,148018,148015,3
1803,148065,148066,148065,1
1804,148115,148120,148115,5
1805,148212,148216,148214,4
1806,148474,148475,148474,1
1807,148644,148646,148644,2
1808,148755,148758,148755,3
1809,148941,148941,148941,0
1810,148951,148952,148951,1
1811,149155,149156,149155,1
1812,149225,149226,149225,1
1813,149290,149290,149290,0
1814,149322,149323,149322,1
1815,149409,149410,149409,1
1816,149458,149461,149458,3
1817,149507,149515,149507,8
1818,149549,149553,149549,4
1819,149644,149644,149644,0
1820,149846,149847,149846,1
1821,149998,150000,149998,2
1822,150162,150162,150162,0
1823,150281,150281,150281,0
1824,150549,150549,150549,0
1825,150559,150560,150559,1
1826,150615,150618,150616,3
1827,150762,150763,150762,1
1828,150779,150782,150779,3
1829,150796,150797,150796,1
1830,150845,150847,150845,2
1831,150878,150879,150878,1
1832,151037,151038,151037,1
1833,151121,151122,151121,1
1834,151134,151136,151135,2
1835,151223,151224,151223,1
1836,151244,151245,151244,1
1837,151386,151390,151388,4
1838,151520,151521,151520,1
1839,151643,151644,151643,1
1840,151868,151872,151868,4
1841,152119,152120,152119,1
1842,152344,152345,152344,1
1843,152439,152440,152439,1
1844,152469,152487,152469,18
1845,152488,152490,152488,2
1846,152551,152552,152551,1
1847,152609,152609,152609,0
1848,152759,152761,152759,2
1849,152954,152954,152954,0
1850,153013,153013,153013,0
1851,153049,153051,153050,2
1852,153163,153166,153163,3
1853,153483,153484,153483,1
1854,153559,153559,153559,0
1855,153611,153613,153611,2
1856,153722,153725,153722,3
1857,154154,154154,154154,0
1858,154188,154195,154188,7
1859,154274,154277,154274,3
1860,154305,154305,154305,0
1861,154352,154352,154352,0
1862,155173,155173,155173,0
1863,155266,155266,155266,0
1864,155588,155588,155588,0
1865,155631,155631,155631,0
1866,155882,155882,155882,0
1867,155905,155905,155905,0
1868,156446,156450,156446,4
1869,156651,156653,156651,2
1870,156697,156698,156697,1
1871,156757,156757,156757,0
1872,156822,156825,156824,3
1873,156912,156913,156912,1
1874,156979,156980,156979,1
1875,156988,156989,156988,1
1876,157047,157049,157047,2
1877,157091,157091,157091,0
1878,157228,157228,157228,0
1879,157315,157316,157315,1
1880,157492,157493,157492,1
1881,157558,157558,157558,0
1882,157635,157635,157635,0
1883,157649,157650,157649,1
1884,157691,157692,157691,1
1885,157736,157736,157736,0
1886,157755,157755,157755,0
1887,157839,157844,157839,5
1888,157867,157869,157868,2
1889,157914,157916,157914,2
1890,157953,157955,157953,2
1891,158028,158028,158028,0
1892,158107,158108,158107,1
1893,158168,158171,158168,3
1894,158179,158180,158179,1
1895,158240,158242,158240,2
1896,158295,158300,158298,5
1897,158319,158326,158320,7
1898,158419,158423,158419,4
1899,158537,158541,158537,4
1900,158629,158629,158629,0
1901,158657,158658,158657,1
1902,158701,158703,158701,2
1903,158798,158799,158798,1
1904,159037,159037,159037,0
1905,159080,159081,159080,1
1906,159168,159169,159168,1
1907,159246,159246,159246,0
1908,159330,159330,159330,0
1909,159400,159403,159400,3
1910,159482,159483,159482,1
1911,159650,159650,159650,0
1912,159716,159718,159716,2
1913,160003,160004,160003,1
1914,160116,160119,160116,3
1915,160233,160238,160233,5
1916,160296,160301,160296,5
1917,160412,160413,160412,1
1918,160449,160453,160451,4
1919,160550,160554,160552,4
1920,160603,160604,160603,1
1921,160638,160638,160638,0
1922,160703,160707,160703,4
1923,160853,160861,160853,8
1924,160902,160904,160902,2
1925,160930,160931,160930,1
1926,161119,161123,161119,4
1927,161151,161155,161151,4
1928,161186,161188,161186,2
1929,161215,161219,161218,4
1930,161230,161234,161232,4
1931,161262,161263,161262,1
1932,161320,161320,161320,0
1933,161460,161463,161460,3
1934,161571,161575,161571,4
1935,161671,161672,161671,1
1936,161736,161739,161736,3
1937,161846,161847,161846,1
1938,162017,162017,162017,0
1939,162053,162058,162053,5
1940,162144,162144,162144,0
1941,162244,162244,162244,0
1942,162318,162319,162318,1
1943,162399,162399,162399,0
1944,162525,162526,162525,1
1945,162536,162537,162536,1
1946,162605,162606,162605,1
1947,162728,162728,162728,0
1948,162803,162807,162803,4
1949,162813,162814,162813,1
1950,162945,162953,162948,8
1951,162991,162997,162991,6
1952,163063,163064,163063,1
1953,163105,163108,163107,3
1954,163151,163152,163151,1
1955,163199,163200,163199,1
1956,163219,163220,163219,1
1957,163272,163274,163272,2
1958,163312,163313,163312,1
1959,163338,163342,163340,4
1960,163369,163372,163371,3
1961,163467,163470,163467,3
1962,163506,163508,163506,2
1963,163525,163525,163525,0
1964,163577,163579,163577,2
1965,163639,163639,163639,0
1966,163763,163763,163763,0
1967,163792,163794,163792,2
1968,163824,163838,163825,14
1969,163872,163873,163872,1
1970,163912,163912,163912,0
1971,163933,163934,163933,1
1972,163963,163967,163963,4
1973,164013,164013,164013,0
1974,164060,164067,164060,7
1975,164159,164159,164159,0
1976,164188,164191,164190,3
1977,164212,164228,164212,16
1978,164299,164311,164299,12
1979,164367,164368,164367,1
1980,164436,164438,164436,2
1981,164477,164478,164477,1
1982,164512,164513,164512,1
1983,164594,164595,164594,1
1984,164617,164619,164617,2
1985,164630,164633,164630,3
1986,164703,164705,164703,2
1987,164724,164729,164726,5
1988,164747,164747,164747,0
1989,164781,164783,164782,2
1990,164865,164866,164865,1
1991,164949,164949,164949,0
1992,164997,164997,164997,0
1993,165027,165028,165027,1
1994,165048,165049,165048,1
1995,165093,165094,165093,1
1996,165105,165107,165105,2
1997,165235,165236,165235,1
1998,165292,165295,165294,3
1999,165352,165407,165352,55
2000,165447,165450,165447,3
2001,165470,165471,165470,1
2002,165555,165569,165558,14
2003,165667,165669,165667,2
2004,165814,165816,165814,2
2005,165860,165862,165860,2
2006,165882,165887,165884,5
2007,165970,165972,165970,2
2008,166020,166022,166020,2
2009,166221,166221,166221,0
2010,166662,166664,166662,2
2011,166818,166819,166818,1
2012,166910,166915,166912,5
2013,166993,166993,166993,0
2014,167073,167074,167073,1
2015,167147,167150,167147,3
2016,167332,167332,167332,0
2017,167671,167673,167671,2
2018,167867,167867,167867,0
2019,167924,167928,167924,4
2020,168011,168011,168011,0
2021,168079,168079,168079,0
2022,168131,168131,168131,0
2023,168185,168188,168185,3
2024,168299,168299,168299,0
2025,168315,168316,168315,1
2026,168384,168385,168384,1
2027,168401,168401,168401,0
2028,168451,168453,168451,2
2029,168540,168542,168540,2
2030,168581,168581,168581,0
2031,168769,168770,168769,1
2032,168792,168793,168792,1
2033,169252,169255,169252,3
2034,169296,169297,169296,1
2035,169836,169836,169836,0
2036,169927,169927,169927,0
2037,170106,170107,170106,1
2038,170154,170156,170154,2
2039,170233,170264,170233,31
2040,170293,170295,170293,2
2041,170371,170372,170371,1
2042,170448,170450,170448,2
2043,170560,170561,170560,1
2044,170609,170611,170609,2
2045,170653,170655,170653,2
2046,170682,170683,170682,1
2047,170733,170734,170733,1
2048,170765,170765,170765,0
2049,170798,170800,170798,2
2050,170841,170841,170841,0
2051,170995,170996,170995,1
2052,171092,171092,171092,0
2053,171221,171222,171221,1
2054,171235,171235,171235,0
2055,171256,171257,171256,1
2056,171376,171377,171376,1
2057,171471,171473,171471,2
2058,171527,171600,171527,73
2059,171635,171638,171635,3
2060,171803,171804,171803,1
2061,171879,171879,171879,0
2062,171928,171931,171928,3
2063,171981,171981,171981,0
2064,172153,172153,172153,0
2065,172209,172213,172209,4
2066,172288,172288,172288,0
2067,172306,172306,172306,0
2068,172383,172383,172383,0
2069,172398,172399,172398,1
2070,172449,172449,172449,0
2071,172493,172494,172493,1
2072,172537,172539,172537,2
2073,172589,172590,172589,1
2074,172783,172786,172785,3
2075,172847,172848,172847,1
2076,172897,172901,172898,4
2077,172940,172941,172940,1
2078,173032,173033,173032,1
2079,173063,173063,173063,0
2080,173126,173126,173126,0
2081,173174,173175,173174,1
2082,173229,173230,173229,1
2083,173905,173908,173905,3
2084,174153,174154,174153,1
2085,174413,174413,174413,0
2086,174500,174500,174500,0
2087,174628,174628,174628,0
2088,174662,174665,174662,3
2089,174703,174704,174703,1
2090,174801,174802,174801,1
2091,174813,174813,174813,0
2092,174829,174829,174829,0
2093,174894,174895,174894,1
2094,175020,175022,175020,2
2095,175042,175042,175042,0
2096,175129,175130,175129,1
2097,175630,175633,175630,3
2098,175772,175777,175772,5
2099,175835,175835,175835,0
2100,176096,176096,176096,0
2101,176268,176268,176268,0
2102,176283,176283,176283,0
2103,176348,176348,176348,0
2104,176490,176490,176490,0
2105,176665,176665,176665,0
2106,176918,176922,176921,4
2107,176996,176996,176996,0
2108,180021,180021,180021,0
2109,180197,180212,180200,15
2110,180392,180396,180392,4
2111,180588,180590,180588,2
2112,180631,180632,180631,1
2113,180718,180726,180718,8
2114,180887,180893,180890,6
2115,181031,181032,181031,1
2116,181057,181057,181057,0
2117,181372,181373,181372,1
2118,181520,181522,181521,2
2119,181579,181580,181579,1
2120,181616,181617,181616,1
2121,181726,181726,181726,0
2122,181769,181771,181769,2
2123,181902,181917,181903,15
2124,181938,181947,181938,9
2125,181993,181993,181993,0
2126,182040,182065,182040,25
2127,182088,182090,182089,2
2128,182154,182155,182154,1
2129,182217,182218,182217,1
2130,182254,182254,182254,0
2131,182415,182418,182415,3
2132,182483,182487,182485,4
2133,182552,182554,182553,2
2134,182972,182973,182972,1
2135,183191,183192,183191,1
2136,183454,183455,183454,1
2137,183497,183505,183497,8
2138,183695,183701,183695,6
2139,183978,183978,183978,0
2140,184131,184132,184131,1
2141,184190,184190,184190,0
2142,184282,184282,184282,0
2143,184351,184351,184351,0
2144,184652,184652,184652,0
2145,184759,184759,184759,0
2146,184808,184809,184808,1
2147,184859,184859,184859,0
2148,184987,184987,184987,0
2149,185220,185222,185220,2
2150,185270,185270,185270,0
2151,185340,185340,185340,0
2152,185372,185384,185372,12
2153,185482,185483,185482,1
2154,185554,185555,185554,1
2155,185692,185692,185692,0
2156,185738,185738,185738,0
2157,185756,185759,185756,3
2158,185806,185809,185806,3
2159,185938,185938,185938,0
2160,185948,185949,185948,1
2161,186009,186009,186009,0
2162,186059,186062,186059,3
2163,186097,186097,186097,0
2164,186146,186146,186146,0
2165,186222,186223,186222,1
2166,186268,186269,186268,1
2167,186356,186357,186356,1
2168,186439,186441,186439,2
2169,186449,186451,186449,2
2170,186550,186550,186550,0
2171,186596,186601,186596,5
2172,186652,186652,186652,0
2173,186670,186671,186670,1
2174,186725,186726,186725,1
2175,186779,186786,186779,7
2176,186911,186911,186911,0
2177,187100,187102,187100,2
2178,187110,187114,187112,4
2179,187169,187170,187169,1
2180,187220,187223,187220,3
2181,187447,187448,187447,1
2182,187484,187485,187484,1
2183,187592,187593,187592,1
2184,187659,187660,187659,1
2185,187729,187730,187729,1
2186,188012,188015,188012,3
2187,188261,188261,188261,0
2188,188559,188563,188559,4
2189,188636,188637,188636,1
2190,188699,188700,188699,1
2191,188817,188818,188817,1
2192,188983,188983,188983,0
2193,189040,189040,189040,0
2194,189195,189195,189195,0
2195,189243,189244,189243,1
2196,189296,189297,189296,1
2197,189367,189368,189367,1
2198,189403,189403,189403,0
2199,189501,189506,189501,5
2200,189625,189626,189625,1
2201,189748,189749,189748,1
2202,189908,189909,189908,1
2203,190140,190140,190140,0
2204,190153,190153,190153,0
2205,190241,190241,190241,0
2206,190430,190432,190430,2
2207,190554,190555,190554,1
2208,190649,190650,190649,1
2209,190714,190714,190714,0
2210,190812,190813,190812,1
2211,190998,191004,190998,6
2212,191133,191133,191133,0
2213,191155,191157,191155,2
2214,191336,191336,191336,0
2215,191435,191441,191435,6
2216,191536,191539,191536,3
2217,191816,191817,191816,1
2218,191863,191864,191863,1
2219,191961,191962,191961,1
2220,192028,192031,192028,3
2221,192150,192150,192150,0
2222,192213,192213,192213,0
2223,192258,192258,192258,0
2224,192323,192323,192323,0
2225,192390,192394,192390,4
2226,192462,192465,192462,3
2227,192508,192511,192508,3
2228,192533,192533,192533,0
2229,192608,192610,192608,2
2230,192720,192720,192720,0
2231,192749,192752,192749,3
2232,192780,192782,192780,2
2233,192845,192845,192845,0
2234,192869,192869,192869,0
2235,192909,192909,192909,0
2236,192919,192920,192919,1
2237,192957,192959,192957,2
2238,192965,192967,192966,2
2239,193022,193026,193022,4
2240,193077,193077,193077,0
2241,193110,193110,193110,0
2242,193166,193167,193166,1
2243,193424,193427,193426,3
2244,193544,193546,193544,2
2245,193663,193663,193663,0
2246,194644,194645,194644,1
2247,194782,194783,194782,1
2248,194820,194821,194820,1
2249,194848,194851,194849,3
2250,194979,194979,194979,0
2251,195074,195078,195074,4
2252,195160,195161,195160,1
2253,195209,195212,195209,3
2254,195273,195277,195273,4
2255,195464,195465,195464,1
2256,195677,195678,195677,1
2257,195774,195778,195774,4
2258,195967,195972,195969,5
2259,196003,196004,196003,1
2260,196014,196014,196014,0
2261,196148,196150,196148,2
2262,196235,196236,196235,1
2263,196470,196476,196470,6
2264,196512,196513,196512,1
2265,196573,196580,196573,7
2266,196697,196721,196700,24
2267,196761,196762,196761,1
2268,196867,196868,196867,1
2269,196924,196926,196924,2
2270,196982,196986,196982,4
2271,197083,197084,197083,1
2272,197163,197167,197163,4
2273,197242,197242,197242,0
2274,197358,197359,197358,1
2275,197594,197595,197594,1
2276,197654,197655,197654,1
2277,197680,197703,197680,23
2278,197704,197705,197704,1
2279,197734,197734,197734,0
2280,197750,197753,197752,3
2281,197781,197781,197781,0
2282,197831,197834,197831,3
2283,197914,197914,197914,0
2284,198010,198011,198010,1
2285,198031,198032,198031,1
2286,198172,198173,198172,1
2287,198218,198219,198218,1
2288,198256,198256,198256,0
2289,198335,198335,198335,0
2290,198449,198451,198449,2
2291,198484,198486,198484,2
2292,198493,198498,198496,5
2293,198720,198722,198720,2
2294,198759,198760,198759,1
2295,198769,198772,198769,3
2296,198897,198898,198897,1
2297,199405,199406,199405,1
2298,199554,199563,199554,9
2299,199571,199573,199572,2
2300,199648,199648,199648,0
2301,199674,199674,199674,0
2302,199705,199706,199705,1
2303,199772,199776,199774,4
2304,199814,199815,199814,1
2305,200003,200005,200003,2
2306,200196,200202,200196,6
2307,200238,200244,200238,6
2308,200279,200280,200279,1
2309,200391,200392,200391,1
2310,200442,200443,200442,1
2311,200750,200775,200750,25
2312,200776,200779,200776,3
2313,201116,201124,201118,8
2314,201161,201162,201161,1
2315,201195,201197,201195,2
2316,201245,201247,201245,2
2317,201413,201418,201413,5
2318,201460,201462,201460,2
2319,201647,201648,201647,1
2320,201680,201682,201680,2
2321,201757,201757,201757,0
2322,202186,202186,202186,0
2323,202266,202268,202266,2
2324,202388,202391,202388,3
2325,202452,202453,202452,1
2326,202522,202528,202522,6
2327,202704,202705,202704,1
2328,202846,202848,202846,2
2329,202898,202902,202900,4
2330,203154,203157,203154,3
2331,203213,203214,203213,1
2332,203248,203250,203248,2
2333,203301,203304,203301,3
2334,203436,203439,203437,3
2335,203589,203590,203589,1
2336,203605,203605,203605,0
2337,203657,203662,203660,5
2338,203710,203711,203710,1
2339,203791,203795,203791,4
2340,203811,203812,203811,1
2341,203822,203823,203822,1
2342,203895,203901,203895,6
2343,203969,203972,203969,3
2344,204176,204178,204176,2
2345,204261,204270,204261,9
2346,204431,204433,204431,2
2347,204468,204469,204468,1
2348,204503,204504,204503,1
2349,204584,204585,204584,1
2350,204783,204788,204783,5
2351,204816,204817,204816,1
2352,204852,204858,204852,6
2353,204960,204961,204960,1
2354,205067,205068,205067,1
2355,205084,205088,205085,4
2356,205190,205192,205190,2
2357,205250,205252,205250,2
2358,205370,205384,205370,14
2359,205422,205434,205422,12
2360,205611,205619,205611,8
2361,205743,205745,205744,2
2362,205888,205889,205888,1
2363,205976,205978,205976,2
2364,206374,206413,206374,39
2365,206414,206417,206414,3
2366,206566,206568,206566,2
2367,206591,206632,206592,41
2368,206672,206672,206672,0
2369,206699,206731,206700,32
2370,206875,206897,206875,22
2371,206925,206929,206927,4
2372,207071,207071,207071,0
2373,207111,207111,207111,0
2374,207120,207121,207120,1
2375,207154,207173,207154,19
2376,207305,207306,207305,1
2377,207330,207351,207330,21
2378,207352,207353,207352,1
2379,207374,207385,207374,11
2380,207415,207419,207415,4
2381,207449,207466,207449,17
2382,207531,207552,207531,21
2383,207585,207594,207586,9
2384,207617,207641,207620,24
2385,207673,207675,207673,2
2386,207796,207797,207796,1
2387,207926,207927,207926,1
2388,208052,208054,208052,2
2389,208429,208429,208429,0
2390,208495,208496,208495,1
2391,208668,208672,208670,4
2392,208801,208802,208801,1
2393,208874,208880,208874,6
2394,208963,208964,208963,1
2395,209028,209029,209028,1
2396,209070,209082,209070,12
2397,209200,209200,209200,0
2398,209396,209396,209396,0
2399,209602,209602,209602,0
2400,209664,209664,209664,0
2401,209706,209706,209706,0
2402,209754,209754,209754,0
2403,209894,209894,209894,0
2404,209919,209920,209919,1
2405,209971,209977,209971,6
2406,210101,210103,210101,2
2407,210138,210138,210138,0
2408,210202,210203,210202,1
2409,210237,210241,210237,4
2410,210398,210405,210398,7
2411,210471,210471,210471,0
2412,210554,210558,210556,4
2413,210682,210684,210682,2
2414,210779,210782,210779,3
2415,210953,210954,210953,1
2416,211094,211094,211094,0
2417,211236,211244,211236,8
2418,211305,211306,211305,1
2419,211412,211412,211412,0
2420,211485,211486,211485,1
2421,211560,211562,211560,2
2422,211608,211608,211608,0
2423,211669,211671,211669,2
2424,211828,211830,211828,2
2425,211852,211853,211852,1
2426,211909,211910,211909,1
2427,211930,211931,211930,1
2428,211976,211978,211976,2
2429,212051,212051,212051,0
2430,212309,212315,212309,6
2431,212388,212389,212388,1
2432,212411,212427,212411,16
2433,212461,212463,212461,2
2434,212482,212482,212482,0
2435,212518,212520,212518,2
2436,212643,212644,212643,1
2437,212677,212685,212680,8
2438,212761,212762,212761,1
2439,212839,212840,212839,1
2440,212925,212927,212925,2
2441,213080,213082,213080,2
2442,213130,213147,213132,17
2443,213233,213234,213233,1
2444,213292,213294,213292,2
2445,213312,213324,213312,12
2446,213522,213529,213523,7
2447,213553,213554,213553,1
2448,213641,213642,213641,1
2449,213662,213665,213662,3
2450,213737,213737,213737,0
2451,213781,213792,213781,11
2452,213814,213818,213814,4
2453,213916,213917,213916,1
2454,213979,213998,213979,19
2455,214097,214098,214097,1
2456,214236,214236,214236,0
2457,214596,214596,214596,0
2458,214649,214651,214649,2
2459,214753,214960,214753,207
2460,214993,214997,214993,4
2461,215050,215055,215050,5
2462,215073,215074,215073,1
2463,215234,215238,215234,4
2464,215301,215301,215301,0
2465,215335,215351,215335,16
2466,215376,215381,215376,5
2467,215414,215414,215414,0
2468,215570,215573,215570,3
2469,215640,215642,215640,2
2470,215711,215712,215711,1
2471,215767,215768,215767,1
2472,215823,215823,215823,0
2473,215866,215870,215866,4
2474,215897,215898,215897,1
2475,215943,215944,215943,1
2476,215972,215978,215972,6
2477,216004,216007,216006,3
2478,216095,216096,216095,1
2479,216215,216216,216215,1
2480,216306,216306,216306,0
2481,216489,216492,216491,3
2482,216522,216523,216522,1
2483,216599,216599,216599,0
2484,216651,216652,216651,1
2485,216705,216708,216705,3
2486,216828,216828,216828,0
2487,216942,216942,216942,0
2488,216957,216959,216957,2
2489,217036,217037,217036,1
2490,217126,217129,217126,3
2491,217157,217165,217157,8
2492,217187,217187,217187,0
2493,217294,217296,217294,2
2494,217345,217347,217345,2
2495,217471,217471,217471,0
2496,217484,217484,217484,0
2497,217577,217578,217577,1
2498,217649,217650,217649,1
2499,217665,217665,217665,0
2500,217762,217762,217762,0
2501,217804,217805,217804,1
2502,217843,217844,217843,1
2503,217858,217863,217860,5
2504,217892,217893,217892,1
2505,218180,218180,218180,0
2506,218294,218337,218294,43
2507,218338,218340,218338,2
2508,218483,218483,218483,0
2509,218537,218537,218537,0
2510,218600,218600,218600,0
2511,218612,218634,218612,22
2512,218688,218688,218688,0
2513,218712,218713,218712,1
2514,218856,218858,218856,2
2515,218918,218919,218918,1
2516,218984,218988,218984,4
2517,219053,219054,219053,1
2518,219107,219108,219107,1
2519,219324,219325,219324,1
2520,219416,219416,219416,0
2521,219437,219438,219437,1
2522,219574,219574,219574,0
2523,219595,219596,219595,1
2524,219682,219682,219682,0
2525,219702,219702,219702,0
2526,219769,219770,219769,1
2527,219857,219857,219857,0
2528,219915,219916,219915,1
2529,220009,220011,220009,2
2530,220116,220116,220116,0
2531,220320,220323,220322,3
2532,220341,220345,220341,4
2533,220472,220472,220472,0
2534,220514,220515,220514,1
2535,220525,220526,220525,1
2536,220802,220803,220802,1
2537,220888,220889,220888,1
2538,220927,220928,220927,1
2539,220945,220946,220945,1
2540,221106,221108,221106,2
2541,221117,221119,221117,2
2542,221137,221140,221137,3
2543,221337,221337,221337,0
2544,221486,221486,221486,0
2545,221655,221658,221655,3
2546,221701,221701,221701,0
2547,221846,221846,221846,0
2548,221881,221883,221881,2
2549,221944,221948,221944,4
2550,222085,222085,222085,0
2551,222125,222129,222125,4
2552,222237,222237,222237,0
2553,222319,222322,222319,3
2554,222372,222373,222372,1
2555,222538,222540,222538,2
2556,222844,222844,222844,0
2557,222926,222926,222926,0
2558,222966,222968,222966,2
2559,223053,223056,223053,3
2560,223152,223152,223152,0
2561,223224,223224,223224,0
2562,223279,223280,223279,1
2563,223305,223324,223307,19
2564,223385,223388,223387,3
2565,223415,223422,223417,7
2566,223438,223439,223438,1
2567,223482,223487,223482,5
2568,223526,223527,223526,1
2569,223564,223565,223564,1
2570,223624,223627,223624,3
2571,223696,223697,223696,1
2572,223786,223787,223786,1
2573,223856,223857,223856,1
2574,224035,224035,224035,0
2575,224046,224047,224046,1
2576,224248,224248,224248,0
2577,224259,224260,224259,1
2578,224349,224352,224349,3
2579,224385,224387,224385,2
2580,224399,224402,224399,3
2581,224462,224467,224465,5
2582,224508,224511,224508,3
2583,224637,224637,224637,0
2584,224711,224715,224713,4
2585,224799,224800,224799,1
2586,224907,224911,224907,4
2587,225064,225068,225064,4
2588,225139,225139,225139,0
2589,225449,225449,225449,0
2590,225537,225572,225537,35
2591,225674,225676,225674,2
2592,225738,225743,225738,5
2593,225777,225789,225777,12
2594,225864,225864,225864,0
2595,225901,225904,225901,3
2596,225941,225941,225941,0
2597,225975,225977,225975,2
2598,226048,226048,226048,0
2599,226068,226068,226068,0
2600,226245,226264,226245,19
2601,226287,226291,226287,4
2602,226340,226344,226340,4
2603,226434,226436,226434,2
2604,226586,226586,226586,0
2605,226739,226740,226739,1
2606,226969,226970,226969,1
2607,227040,227052,227040,12
2608,227060,227064,227062,4
2609,227106,227108,227106,2
2610,227384,227385,227384,1
2611,227444,227448,227446,4
2612,227529,227530,227529,1
2613,227599,227600,227599,1
2614,227688,227689,227688,1
2615,227773,227776,227773,3
2616,227813,227815,227813,2
2617,227913,227915,227913,2
2618,227941,227942,227941,1
2619,228005,228005,228005,0
2620,228043,228043,228043,0
2621,228132,228133,228132,1
2622,228190,228194,228192,4
2623,228216,228219,228216,3
2624,228353,228354,228353,1
2625,228587,228588,228587,1
2626,228745,228746,228745,1
2627,228780,228790,228780,10
2628,229280,229282,229280,2
2629,229323,229323,229323,0
2630,229907,229909,229908,2
2631,230144,230144,230144,0
2632,230288,230290,230288,2
2633,230384,230384,230384,0
2634,230500,230501,230500,1
2635,230562,230566,230562,4
2636,230674,230674,230674,0
2637,230693,230695,230693,2
2638,230983,230983,230983,0
2639,231045,231048,231045,3
2640,231113,231117,231113,4
2641,231190,231190,231190,0
2642,231230,231230,231230,0
2643,231560,231560,231560,0
2644,231600,231600,231600,0
2645,231930,231930,231930,0
2646,232024,232027,232024,3
2647,232162,232165,232162,3
2648,232189,232189,232189,0
2649,232200,232201,232200,1
2650,232237,232237,232237,0
2651,232319,232319,232319,0
2652,235482,235482,235482,0
2653,235636,235638,235636,2
