,Start_blink,End_blink,Blink_frame,No_of_frames
0,7,8,7,1
1,24,25,24,1
2,49,54,49,5
3,155,156,155,1
4,200,200,200,0
5,230,231,230,1
6,289,289,289,0
7,309,310,309,1
8,330,334,332,4
9,365,366,365,1
10,431,439,431,8
11,497,502,499,5
12,542,546,544,4
13,582,588,585,6
14,643,644,643,1
15,666,667,666,1
16,728,731,728,3
17,744,748,746,4
18,808,811,808,3
19,843,844,843,1
20,862,870,863,8
21,983,984,983,1
22,1334,1337,1336,3
23,1500,1501,1500,1
24,1541,1542,1541,1
25,1587,1592,1587,5
26,1657,1657,1657,0
27,1674,1678,1674,4
28,1719,1719,1719,0
29,1738,1748,1738,10
30,1763,1764,1763,1
31,1939,1941,1939,2
32,1961,1963,1961,2
33,2051,2054,2051,3
34,2112,2116,2112,4
35,2169,2175,2172,6
36,2325,2325,2325,0
37,2530,2530,2530,0
38,2594,2599,2594,5
39,3091,3091,3091,0
40,3336,3336,3336,0
41,3359,3360,3359,1
42,3396,3397,3396,1
43,3446,3446,3446,0
44,3507,3507,3507,0
45,3525,3526,3525,1
46,3546,3546,3546,0
47,3618,3620,3618,2
48,3713,3718,3713,5
49,3954,3954,3954,0
50,4015,4016,4015,1
51,4095,4099,4097,4
52,4140,4141,4140,1
53,4189,4190,4189,1
54,4271,4272,4271,1
55,4326,4327,4326,1
56,4428,4430,4428,2
57,4490,4492,4490,2
58,4573,4574,4573,1
59,4707,4707,4707,0
60,4848,4848,4848,0
61,4987,4990,4987,3
62,5088,5092,5088,4
63,5131,5132,5131,1
64,5168,5171,5168,3
65,5213,5214,5213,1
66,5288,5289,5288,1
67,5380,5384,5380,4
68,5589,5590,5589,1
69,5948,5949,5948,1
70,6022,6028,6022,6
71,6111,6111,6111,0
72,6198,6202,6198,4
73,6244,6248,6245,4
74,6314,6315,6314,1
75,6345,6350,6345,5
76,6575,6582,6575,7
77,6612,6616,6612,4
78,7037,7038,7037,1
79,7138,7139,7138,1
80,7165,7165,7165,0
81,7273,7278,7273,5
82,7352,7357,7355,5
83,7418,7423,7420,5
84,7485,7486,7485,1
85,7540,7544,7541,4
86,7605,7607,7606,2
87,7717,7717,7717,0
88,7791,7792,7791,1
89,7873,7873,7873,0
90,7892,7893,7892,1
91,7952,7957,7952,5
92,7989,7990,7989,1
93,8024,8026,8024,2
94,8062,8073,8062,11
95,8103,8129,8103,26
96,8167,8168,8167,1
97,8195,8196,8195,1
98,8320,8321,8320,1
99,8383,8384,8383,1
100,8455,8457,8456,2
101,8512,8513,8512,1
102,8571,8572,8571,1
103,8686,8688,8686,2
104,8700,8701,8700,1
105,8727,8729,8727,2
106,8751,8752,8751,1
107,8793,8795,8793,2
108,8837,8841,8837,4
109,8917,8929,8919,12
110,8947,8956,8950,9
111,8997,8999,8997,2
112,9038,9039,9038,1
113,9070,9070,9070,0
114,9149,9150,9149,1
115,9194,9195,9194,1
116,9227,9228,9227,1
117,9282,9283,9282,1
118,9377,9379,9378,2
119,9409,9410,9409,1
120,9449,9450,9449,1
121,9498,9498,9498,0
122,9568,9573,9570,5
123,9583,9586,9584,3
124,9621,9624,9621,3
125,9714,9715,9714,1
126,9734,9735,9734,1
127,9783,9784,9783,1
128,9829,9829,9829,0
129,9879,9880,9879,1
130,9954,9954,9954,0
131,9969,9970,9969,1
132,10100,10101,10100,1
133,10203,10209,10203,6
134,10268,10271,10268,3
135,10308,10309,10308,1
136,10382,10383,10382,1
137,10427,10427,10427,0
138,10493,10493,10493,0
139,10512,10512,10512,0
140,10591,10592,10591,1
141,10645,10646,10645,1
142,10702,10706,10702,4
143,10716,10718,10716,2
144,10757,10758,10757,1
145,10779,10779,10779,0
146,10790,10791,10790,1
147,10897,10898,10897,1
148,10946,10947,10946,1
149,11007,11012,11010,5
150,11068,11070,11068,2
151,11114,11115,11114,1
152,11251,11252,11251,1
153,11266,11270,11266,4
154,11292,11292,11292,0
155,11364,11364,11364,0
156,11388,11390,11388,2
157,11401,11401,11401,0
158,11439,11440,11439,1
159,11481,11482,11481,1
160,11535,11537,11535,2
161,11577,11578,11577,1
162,11626,11628,11627,2
163,11699,11700,11699,1
164,11745,11746,11745,1
165,11835,11836,11835,1
166,11871,11871,11871,0
167,11957,11957,11957,0
168,12048,12049,12048,1
169,12196,12196,12196,0
170,12229,12232,12230,3
171,12284,12285,12284,1
172,12325,12325,12325,0
173,12385,12385,12385,0
174,12451,12454,12451,3
175,12500,12501,12500,1
176,12559,12561,12559,2
177,12572,12578,12572,6
178,12630,12631,12630,1
179,12689,12690,12689,1
180,12715,12715,12715,0
181,12730,12731,12730,1
182,12742,12743,12742,1
183,12785,12786,12785,1
184,12801,12802,12801,1
185,12866,12867,12866,1
186,12887,12891,12887,4
187,12917,12918,12917,1
188,12944,12945,12944,1
189,13037,13038,13037,1
190,13200,13202,13200,2
191,13293,13294,13293,1
192,13398,13400,13399,2
193,13411,13412,13411,1
194,13428,13430,13429,2
195,13471,13471,13471,0
196,13497,13498,13497,1
197,13586,13589,13586,3
198,13677,13678,13677,1
199,13720,13721,13720,1
200,13735,13737,13735,2
201,13751,13752,13751,1
202,13813,13814,13813,1
203,13863,13864,13863,1
204,13920,13921,13920,1
205,13970,13973,13970,3
206,14001,14002,14001,1
207,14073,14077,14073,4
208,14298,14298,14298,0
209,14356,14360,14356,4
210,14381,14382,14381,1
211,14577,14577,14577,0
212,14683,14683,14683,0
213,14906,14906,14906,0
214,14963,14963,14963,0
215,15035,15036,15035,1
216,15093,15096,15093,3
217,15103,15103,15103,0
218,15184,15186,15185,2
219,15255,15256,15255,1
220,15383,15384,15383,1
221,15423,15424,15423,1
222,15475,15484,15475,9
223,15534,15535,15534,1
224,15707,15708,15707,1
225,15774,15790,15776,16
226,15843,15847,15843,4
227,15980,15981,15980,1
228,16065,16074,16065,9
229,16163,16164,16163,1
230,16279,16280,16279,1
231,16432,16433,16432,1
232,16495,16505,16499,10
233,16552,16555,16554,3
234,16614,16615,16614,1
235,16653,16656,16653,3
236,16706,16711,16706,5
237,16921,16922,16921,1
238,17071,17072,17071,1
239,17095,17096,17095,1
240,17160,17160,17160,0
241,17208,17209,17208,1
242,17240,17244,17240,4
243,17309,17310,17309,1
244,17358,17359,17358,1
245,17392,17393,17392,1
246,17450,17508,17450,58
247,17509,17511,17509,2
248,17523,17525,17523,2
249,17691,17693,17691,2
250,17727,17728,17727,1
251,17789,17789,17789,0
252,17846,17849,17846,3
253,18114,18115,18114,1
254,18205,18205,18205,0
255,18245,18245,18245,0
256,18559,18560,18559,1
257,18578,18579,18578,1
258,18635,18637,18636,2
259,18657,18663,18657,6
260,18698,18701,18698,3
261,18752,18756,18752,4
262,18849,18849,18849,0
263,18941,18944,18941,3
264,19006,19007,19006,1
265,19056,19056,19056,0
266,19092,19096,19094,4
267,19134,19135,19134,1
268,19174,19177,19174,3
269,19223,19223,19223,0
270,19296,19296,19296,0
271,19353,19353,19353,0
272,19438,19439,19438,1
273,19471,19473,19471,2
274,19634,19635,19634,1
275,19675,19675,19675,0
276,19700,19700,19700,0
277,19789,19789,19789,0
278,19807,19807,19807,0
279,19857,19858,19857,1
280,19924,19924,19924,0
281,19989,19990,19989,1
282,20009,20011,20009,2
283,20062,20063,20062,1
284,20095,20096,20095,1
285,20114,20120,20114,6
286,20172,20175,20172,3
287,20200,20202,20200,2
288,20235,20235,20235,0
289,20290,20290,20290,0
290,20350,20350,20350,0
291,20417,20417,20417,0
292,20445,20445,20445,0
293,20511,20512,20511,1
294,20599,20600,20599,1
295,20758,20762,20758,4
296,20805,20805,20805,0
297,20855,20855,20855,0
298,20913,20914,20913,1
299,20934,20934,20934,0
300,20955,20958,20955,3
301,20989,20989,20989,0
302,21076,21076,21076,0
303,21138,21139,21138,1
304,21263,21263,21263,0
305,21324,21325,21324,1
306,21338,21339,21338,1
307,21417,21419,21417,2
308,21541,21542,21541,1
309,21611,21613,21611,2
310,21690,21690,21690,0
311,21963,21963,21963,0
312,22133,22141,22133,8
313,22256,22257,22256,1
314,22373,22373,22373,0
315,22420,22420,22420,0
316,22594,22594,22594,0
317,22632,22633,22632,1
318,22663,22664,22663,1
319,22695,22695,22695,0
320,22735,22743,22735,8
321,22771,22773,22771,2
322,22906,22906,22906,0
323,23110,23111,23110,1
324,23155,23155,23155,0
325,23196,23196,23196,0
326,23221,23224,23221,3
327,23252,23254,23252,2
328,23303,23303,23303,0
329,23395,23395,23395,0
330,23443,23445,23443,2
331,23463,23466,23463,3
332,23498,23499,23498,1
333,23570,23571,23570,1
334,23725,23728,23727,3
335,23820,23822,23820,2
336,23897,23898,23897,1
337,24138,24138,24138,0
338,24215,24215,24215,0
339,24277,24278,24277,1
340,24344,24356,24344,12
341,24437,24437,24437,0
342,24547,24548,24547,1
343,24576,24576,24576,0
344,24846,24846,24846,0
345,25136,25139,25136,3
346,25167,25167,25167,0
347,25226,25226,25226,0
348,25281,25283,25281,2
349,25396,25396,25396,0
350,25415,25416,25415,1
351,25457,25458,25457,1
352,25476,25477,25476,1
353,25486,25487,25486,1
354,25677,25677,25677,0
355,25773,25783,25773,10
356,25851,25853,25851,2
357,25900,25902,25900,2
358,25940,25940,25940,0
359,26047,26048,26047,1
360,26168,26169,26168,1
361,26278,26278,26278,0
362,26307,26307,26307,0
363,26341,26343,26341,2
364,26440,26441,26440,1
365,26486,26491,26487,5
366,26625,26626,26625,1
367,26678,26681,26678,3
368,26688,26690,26688,2
369,26731,26734,26732,3
370,26812,26813,26812,1
371,26850,26850,26850,0
372,26914,26916,26914,2
373,27007,27008,27007,1
374,27109,27110,27109,1
375,27133,27134,27133,1
376,27193,27193,27193,0
377,27317,27318,27317,1
378,27348,27349,27348,1
379,27408,27409,27408,1
380,27439,27439,27439,0
381,27542,27542,27542,0
382,27640,27640,27640,0
383,27695,27695,27695,0
384,27713,27713,27713,0
385,27814,27815,27814,1
386,27856,27857,27856,1
387,27931,27932,27931,1
388,27968,27969,27968,1
389,28060,28061,28060,1
390,28167,28168,28167,1
391,28356,28356,28356,0
392,28386,28395,28386,9
393,28476,28478,28476,2
394,28512,28515,28512,3
395,28525,28527,28525,2
396,28589,28590,28589,1
397,28611,28612,28611,1
398,28669,28680,28670,11
399,28695,28696,28695,1
400,28726,28728,28726,2
401,28772,28773,28772,1
402,28833,28834,28833,1
403,28874,28874,28874,0
404,28920,28923,28920,3
405,28938,28941,28938,3
406,28956,28957,28956,1
407,28994,28997,28995,3
408,29068,29068,29068,0
409,29096,29097,29096,1
410,29192,29201,29192,9
411,29224,29224,29224,0
412,29239,29240,29239,1
413,29317,29317,29317,0
414,29383,29387,29383,4
415,29686,29686,29686,0
416,29741,29765,29741,24
417,29958,29960,29958,2
418,30068,30069,30068,1
419,30146,30147,30146,1
420,30185,30185,30185,0
421,30257,30259,30257,2
422,30317,30317,30317,0
423,30372,30372,30372,0
424,30415,30416,30415,1
425,30463,30463,30463,0
426,30496,30497,30496,1
427,30646,30646,30646,0
428,30730,30731,30730,1
429,30803,30805,30804,2
430,30834,30836,30835,2
431,30864,30866,30864,2
432,30880,30881,30880,1
433,30902,30906,30902,4
434,30958,30959,30958,1
435,30997,30997,30997,0
436,31047,31047,31047,0
437,31100,31101,31100,1
438,31218,31220,31218,2
439,31307,31308,31307,1
440,31364,31364,31364,0
441,31428,31429,31428,1
442,31503,31503,31503,0
443,31607,31608,31607,1
444,31659,31660,31659,1
445,31669,31672,31669,3
446,31732,31733,31732,1
447,31789,31790,31789,1
448,31852,31853,31852,1
449,31920,31921,31920,1
450,31969,31970,31969,1
451,31988,31992,31990,4
452,32025,32027,32025,2
453,32063,32064,32063,1
454,32145,32149,32147,4
455,32180,32184,32180,4
456,32195,32195,32195,0
457,32204,32205,32204,1
458,32252,32252,32252,0
459,32314,32314,32314,0
460,32374,32385,32374,11
461,32473,32473,32473,0
462,32493,32494,32493,1
463,32513,32514,32513,1
464,32554,32555,32554,1
465,32575,32576,32575,1
466,32621,32624,32621,3
467,32698,32699,32698,1
468,32743,32745,32743,2
469,32794,32798,32794,4
470,32859,32860,32859,1
471,32901,32902,32901,1
472,32939,32940,32939,1
473,33010,33013,33011,3
474,33052,33054,33052,2
475,33241,33242,33241,1
476,33299,33302,33299,3
477,33338,33339,33338,1
478,33501,33501,33501,0
479,33553,33554,33553,1
480,33578,33578,33578,0
481,33728,33728,33728,0
482,33881,33882,33881,1
483,33992,33992,33992,0
484,34095,34096,34095,1
485,34110,34111,34110,1
486,34145,34146,34145,1
487,34211,34212,34211,1
488,34220,34222,34220,2
489,34278,34279,34278,1
490,34376,34379,34376,3
491,34391,34391,34391,0
492,34429,34430,34429,1
493,34527,34528,34527,1
494,34618,34633,34618,15
495,34686,34690,34686,4
496,34748,34749,34748,1
497,34787,34788,34787,1
498,34804,34804,34804,0
499,34825,34826,34825,1
500,34878,34879,34878,1
501,34908,34908,34908,0
502,35016,35017,35016,1
503,35096,35099,35098,3
504,35138,35144,35141,6
505,35266,35279,35266,13
506,35293,35294,35293,1
507,35317,35323,35317,6
508,35365,35366,35365,1
509,35403,35408,35406,5
510,35425,35426,35425,1
511,35442,35446,35442,4
512,35507,35509,35507,2
513,35638,35643,35639,5
514,35726,35727,35726,1
515,35767,35767,35767,0
516,35839,35840,35839,1
517,35954,35954,35954,0
518,35969,35970,35969,1
519,36026,36027,36026,1
520,36103,36103,36103,0
521,36302,36302,36302,0
522,36390,36391,36390,1
523,36918,36918,36918,0
524,37022,37024,37022,2
525,37038,37039,37038,1
526,37067,37069,37067,2
527,37191,37191,37191,0
528,37232,37232,37232,0
529,37276,37276,37276,0
530,37328,37330,37328,2
531,37584,37584,37584,0
532,37650,37650,37650,0
533,37696,37697,37696,1
534,37833,37836,37833,3
535,37952,37955,37952,3
536,38011,38011,38011,0
537,38024,38025,38024,1
538,38052,38054,38052,2
539,38122,38123,38122,1
540,38225,38226,38225,1
541,38236,38237,38236,1
542,38347,38347,38347,0
543,38413,38413,38413,0
544,38427,38429,38427,2
545,38469,38469,38469,0
546,38538,38538,38538,0
547,38602,38602,38602,0
548,38694,38695,38694,1
549,38770,38772,38770,2
550,38837,38838,38837,1
551,38874,38875,38874,1
552,38905,38908,38907,3
553,39031,39033,39031,2
554,39114,39114,39114,0
555,39162,39164,39162,2
556,39248,39249,39248,1
557,39287,39288,39287,1
558,39423,39423,39423,0
559,39488,39488,39488,0
560,39743,39746,39743,3
561,39907,39909,39907,2
562,39993,39995,39993,2
563,40190,40191,40190,1
564,40243,40243,40243,0
565,40359,40361,40359,2
566,40406,40407,40406,1
567,40442,40442,40442,0
568,40485,40487,40485,2
569,40501,40501,40501,0
570,40611,40614,40611,3
571,40689,40689,40689,0
572,40753,40755,40753,2
573,40912,40913,40912,1
574,40939,40939,40939,0
575,40972,40972,40972,0
576,41030,41030,41030,0
577,41115,41116,41115,1
578,41146,41149,41146,3
579,41200,41200,41200,0
580,41245,41246,41245,1
581,41280,41281,41280,1
582,41505,41505,41505,0
583,41519,41520,41519,1
584,41551,41553,41551,2
585,41568,41568,41568,0
586,41595,41597,41595,2
587,41639,41639,41639,0
588,41661,41661,41661,0
589,41701,41710,41701,9
590,41729,41729,41729,0
591,41747,41748,41747,1
592,41769,41770,41769,1
593,41789,41789,41789,0
594,41820,41821,41820,1
595,41874,41875,41874,1
596,42018,42020,42018,2
597,42062,42063,42062,1
598,42201,42206,42201,5
599,42296,42296,42296,0
600,42430,42430,42430,0
601,42449,42450,42449,1
602,42464,42480,42464,16
603,42547,42547,42547,0
604,42657,42657,42657,0
605,42713,42713,42713,0
606,42768,42769,42768,1
607,42789,42790,42789,1
608,42924,42928,42924,4
609,43286,43287,43286,1
610,43340,43341,43340,1
611,43435,43437,43435,2
612,43519,43521,43519,2
613,43598,43600,43598,2
614,43656,43657,43656,1
615,43703,43703,43703,0
616,43717,43718,43717,1
617,43793,43793,43793,0
618,43817,43822,43817,5
619,43975,43976,43975,1
620,44036,44036,44036,0
621,44102,44102,44102,0
622,44258,44258,44258,0
623,44405,44409,44405,4
624,44581,44581,44581,0
625,44740,44741,44740,1
626,44924,44924,44924,0
627,45061,45063,45061,2
628,45245,45246,45245,1
629,45424,45425,45424,1
630,45485,45486,45485,1
631,45733,45733,45733,0
632,45927,45928,45927,1
633,46064,46065,46064,1
634,46127,46128,46127,1
635,46248,46251,46248,3
636,46381,46516,46381,135
637,46729,46732,46729,3
638,46796,46796,46796,0
639,46868,46869,46868,1
640,46956,46957,46956,1
641,47131,47131,47131,0
642,47294,47294,47294,0
643,47383,47383,47383,0
644,47720,47720,47720,0
645,47878,47885,47878,7
646,48099,48101,48099,2
647,48204,48204,48204,0
648,48391,48391,48391,0
649,48626,48627,48626,1
650,48766,48766,48766,0
651,48895,48902,48897,7
652,48943,48946,48943,3
653,49024,49044,49024,20
654,49075,49076,49075,1
655,49480,49481,49480,1
656,49840,49841,49840,1
657,49897,49899,49897,2
658,49938,49939,49938,1
659,50081,50082,50081,1
660,50094,50096,50094,2
661,50164,50165,50164,1
662,50232,50233,50232,1
663,50270,50275,50270,5
664,50388,50389,50388,1
665,50422,50429,50422,7
666,50547,50547,50547,0
667,50765,50766,50765,1
668,50854,50855,50854,1
669,50933,50936,50933,3
670,51193,51194,51193,1
671,51208,51209,51208,1
672,51250,51255,51250,5
673,51281,51281,51281,0
674,51439,51440,51439,1
675,51514,51514,51514,0
676,51724,51732,51724,8
677,51954,51954,51954,0
678,52034,52035,52034,1
679,52088,52089,52088,1
680,52113,52114,52113,1
681,52150,52153,52150,3
682,52189,52198,52191,9
683,52278,52279,52278,1
684,52326,52327,52326,1
685,52386,52391,52386,5
686,52591,52618,52591,27
687,52638,52638,52638,0
688,52741,52745,52741,4
689,52774,52775,52774,1
690,53122,53125,53122,3
691,53194,53196,53194,2
692,53274,53274,53274,0
693,53373,53374,53373,1
694,53390,53391,53390,1
695,53481,53483,53481,2
696,53497,53498,53497,1
697,53535,53535,53535,0
698,53571,53572,53571,1
699,53603,53604,53603,1
700,53636,53636,53636,0
701,53697,53700,53699,3
702,53755,53757,53755,2
703,53803,53807,53805,4
704,53937,53938,53937,1
705,54089,54089,54089,0
706,54321,54324,54321,3
707,54355,54355,54355,0
708,54364,54364,54364,0
709,54403,54403,54403,0
710,54510,54511,54510,1
711,54591,54592,54591,1
712,54601,54605,54601,4
713,54672,54677,54672,5
714,54726,54732,54726,6
715,54753,54755,54753,2
716,54967,54968,54967,1
717,55050,55051,55050,1
718,55109,55111,55110,2
719,55122,55123,55122,1
720,55223,55223,55223,0
721,55573,55574,55573,1
722,55656,55656,55656,0
723,55755,55756,55755,1
724,55883,55884,55883,1
725,55976,55977,55976,1
726,55997,55998,55997,1
727,56036,56036,56036,0
728,56155,56156,56155,1
729,56315,56316,56315,1
730,56423,56423,56423,0
731,56515,56515,56515,0
732,56555,56557,56555,2
733,56600,56607,56600,7
734,56930,56930,56930,0
735,56955,56955,56955,0
736,57021,57022,57021,1
737,57138,57138,57138,0
738,57195,57195,57195,0
739,57295,57295,57295,0
740,57559,57561,57559,2
741,57928,57928,57928,0
742,57971,57971,57971,0
743,58231,58232,58231,1
744,58318,58367,58318,49
745,58368,58369,58368,1
746,58410,58415,58410,5
747,58524,58527,58524,3
748,58569,58570,58569,1
749,58584,58586,58584,2
750,58794,58794,58794,0
751,58851,58884,58851,33
752,58902,58903,58902,1
753,59078,59078,59078,0
754,59232,59232,59232,0
755,59449,59475,59449,26
756,59700,59701,59700,1
757,59833,59833,59833,0
758,60083,60083,60083,0
759,60113,60128,60113,15
760,60182,60186,60182,4
761,60558,60558,60558,0
762,60654,60654,60654,0
763,60692,60692,60692,0
764,60748,60748,60748,0
765,60861,60862,60861,1
766,60959,60959,60959,0
767,61280,61280,61280,0
768,61393,61395,61393,2
769,61414,61415,61414,1
770,61544,61544,61544,0
771,61743,61743,61743,0
772,61843,61844,61843,1
773,61859,61859,61859,0
774,62131,62134,62131,3
775,62168,62169,62168,1
776,62260,62261,62260,1
777,62384,62385,62384,1
778,62688,62688,62688,0
779,62763,62765,62763,2
780,62972,62974,62972,2
781,62990,62991,62990,1
782,63054,63055,63054,1
783,63070,63071,63070,1
784,63089,63092,63089,3
785,63113,63115,63113,2
786,63343,63345,63343,2
787,63458,63458,63458,0
788,63562,63564,63562,2
789,63622,63622,63622,0
790,63746,63746,63746,0
791,63765,63766,63765,1
792,63786,63786,63786,0
793,63853,63854,63853,1
794,63887,63888,63887,1
795,64008,64008,64008,0
796,64019,64020,64019,1
797,64057,64083,64057,26
798,64115,64117,64115,2
799,64191,64192,64191,1
800,64291,64303,64291,12
801,64331,64332,64331,1
802,64414,64414,64414,0
803,64444,64448,64444,4
804,64562,64562,64562,0
805,64633,64635,64633,2
806,64743,64743,64743,0
807,64940,64945,64942,5
808,64978,64979,64978,1
809,65073,65074,65073,1
810,65109,65111,65109,2
811,65124,65128,65126,4
812,65191,65192,65191,1
813,65372,65375,65372,3
814,65455,65457,65455,2
815,65533,65533,65533,0
816,65561,65563,65562,2
817,65606,65609,65606,3
818,65758,65758,65758,0
819,65780,65783,65780,3
820,65842,65843,65842,1
821,65863,65863,65863,0
822,66003,66003,66003,0
823,66099,66100,66099,1
824,66271,66272,66271,1
825,66368,66368,66368,0
826,66491,66496,66491,5
827,66599,66599,66599,0
828,66635,66635,66635,0
829,66932,66932,66932,0
830,67136,67137,67136,1
831,67362,67366,67362,4
832,67465,67465,67465,0
833,67531,67534,67531,3
834,67603,67604,67603,1
835,67649,67651,67649,2
836,67685,67685,67685,0
837,67811,67815,67811,4
838,68294,68294,68294,0
839,68490,68491,68490,1
840,68574,68575,68574,1
841,68594,68595,68594,1
842,68698,68699,68698,1
843,68755,68756,68755,1
844,68795,68795,68795,0
845,68950,68952,68950,2
846,68991,68991,68991,0
847,69212,69212,69212,0
848,69232,69235,69232,3
849,69336,69336,69336,0
850,69356,69357,69356,1
851,69448,69449,69448,1
852,69473,69474,69473,1
853,69524,69528,69524,4
854,69535,69536,69535,1
855,69567,69571,69567,4
856,69682,69682,69682,0
857,69811,69812,69811,1
858,69824,69824,69824,0
859,69878,69884,69881,6
860,69919,69926,69919,7
861,70006,70009,70006,3
862,70060,70060,70060,0
863,70081,70081,70081,0
864,70098,70100,70098,2
865,70117,70118,70117,1
866,70127,70128,70127,1
867,70179,70180,70179,1
868,70213,70213,70213,0
869,70277,70290,70277,13
870,70345,70348,70345,3
871,70402,70403,70402,1
872,70554,70554,70554,0
873,70640,70640,70640,0
874,70656,70657,70656,1
875,70682,70682,70682,0
876,70718,70722,70718,4
877,70913,70917,70913,4
878,70986,70987,70986,1
879,71030,71031,71030,1
880,71098,71100,71098,2
881,71177,71178,71177,1
882,71645,71647,71645,2
883,71714,71714,71714,0
884,71747,71747,71747,0
885,72021,72021,72021,0
886,72056,72056,72056,0
887,72711,72711,72711,0
888,72737,72742,72737,5
889,72783,72783,72783,0
890,72800,72803,72800,3
891,72886,72889,72886,3
892,72965,72966,72965,1
893,73215,73216,73215,1
894,73434,73434,73434,0
895,73515,73515,73515,0
896,73571,73572,73571,1
897,73641,73641,73641,0
898,73752,73752,73752,0
899,73941,73941,73941,0
900,74275,74276,74275,1
901,74467,74467,74467,0
902,74550,74551,74550,1
903,74761,74761,74761,0
904,74857,74858,74857,1
905,74920,74921,74920,1
906,75021,75021,75021,0
907,75237,75238,75237,1
908,75248,75249,75248,1
909,75325,75325,75325,0
910,75431,75431,75431,0
911,75456,75456,75456,0
912,75514,75514,75514,0
913,75575,75575,75575,0
914,75647,75648,75647,1
915,75668,75669,75668,1
916,75744,75745,75744,1
917,75799,75799,75799,0
918,75902,75902,75902,0
919,76076,76076,76076,0
920,76127,76139,76127,12
921,76208,76209,76208,1
922,76339,76339,76339,0
923,76381,76381,76381,0
924,76475,76475,76475,0
925,76487,76487,76487,0
926,76700,76701,76700,1
927,77009,77009,77009,0
928,77096,77098,77096,2
929,77756,77756,77756,0
930,77829,77829,77829,0
931,78074,78074,78074,0
932,78088,78088,78088,0
933,78335,78336,78335,1
934,78718,78718,78718,0
935,78772,78772,78772,0
936,78788,78789,78788,1
937,79103,79103,79103,0
938,79117,79117,79117,0
939,79179,79180,79179,1
940,79277,79277,79277,0
941,79449,79450,79449,1
942,79500,79500,79500,0
943,79667,79667,79667,0
944,79723,79723,79723,0
945,80186,80188,80186,2
946,80197,80202,80199,5
947,80217,80218,80217,1
948,80230,80232,80230,2
949,80374,80375,80374,1
950,80389,80391,80389,2
951,80420,80421,80420,1
952,80439,80440,80439,1
953,80517,80549,80517,32
954,80723,80724,80723,1
955,80997,80997,80997,0
956,81156,81157,81156,1
957,81168,81172,81170,4
958,81220,81221,81220,1
959,81238,81239,81238,1
960,81368,81368,81368,0
961,81455,81456,81455,1
962,81606,81620,81606,14
963,81721,81747,81721,26
964,81809,81810,81809,1
965,82064,82080,82064,16
966,82263,82263,82263,0
967,82275,82275,82275,0
968,82493,82495,82493,2
969,82515,82523,82516,8
970,82636,82641,82636,5
971,82659,82660,82659,1
972,82675,82749,82675,74
973,82750,82752,82750,2
974,82853,82853,82853,0
975,82865,82865,82865,0
976,82913,82913,82913,0
977,83072,83073,83072,1
978,83208,83211,83208,3
979,83292,83293,83292,1
980,83986,83992,83986,6
981,84132,84133,84132,1
982,84146,84147,84146,1
983,84197,84198,84197,1
984,84207,84208,84207,1
985,84334,84366,84334,32
986,84399,84399,84399,0
987,84495,84496,84495,1
988,84534,84538,84534,4
989,84608,84609,84608,1
990,84703,84709,84703,6
991,84997,84998,84997,1
992,85599,85602,85599,3
993,85866,85867,85866,1
994,86110,86111,86110,1
995,86160,86160,86160,0
996,86811,86849,86811,38
997,86866,86867,86866,1
998,86916,86918,86916,2
999,86994,86998,86995,4
1000,87065,87073,87067,8
1001,87241,87241,87241,0
1002,87293,87293,87293,0
1003,87375,87376,87375,1
1004,87484,87502,87484,18
1005,87577,87581,87577,4
1006,87627,87627,87627,0
1007,87667,87668,87667,1
1008,87686,87691,87686,5
1009,88202,88204,88202,2
1010,88262,88265,88262,3
1011,88314,88324,88314,10
1012,88343,88343,88343,0
1013,88435,88440,88438,5
1014,88566,88567,88566,1
1015,88733,88733,88733,0
1016,88847,88849,88847,2
1017,89012,89013,89012,1
1018,89169,89170,89169,1
1019,89209,89211,89209,2
1020,89223,89224,89223,1
1021,89355,89357,89355,2
1022,89464,89464,89464,0
1023,89531,89534,89533,3
1024,89553,89574,89553,21
1025,89680,89682,89680,2
1026,89698,89711,89698,13
1027,89744,89746,89744,2
1028,89782,89783,89782,1
1029,89799,89806,89799,7
1030,89934,89935,89934,1
1031,89957,89957,89957,0
1032,89989,89991,89989,2
1033,90449,90449,90449,0
1034,90517,90517,90517,0
1035,90725,90725,90725,0
1036,90829,90833,90829,4
1037,90899,90904,90899,5
1038,90953,90955,90953,2
1039,91350,91350,91350,0
1040,91436,91443,91439,7
1041,91450,91453,91451,3
1042,91686,91687,91686,1
1043,91736,91736,91736,0
1044,91765,91766,91765,1
1045,91810,91810,91810,0
1046,91844,91845,91844,1
1047,91967,91969,91968,2
1048,91978,91984,91981,6
1049,92066,92066,92066,0
1050,92127,92152,92127,25
1051,92178,92185,92178,7
1052,92218,92219,92218,1
1053,92247,92249,92247,2
1054,92301,92301,92301,0
1055,92429,92429,92429,0
1056,92470,92472,92470,2
1057,92509,92509,92509,0
1058,92567,92568,92567,1
1059,92651,92652,92651,1
1060,92696,92699,92696,3
1061,92741,92744,92741,3
1062,92791,92791,92791,0
1063,92801,92802,92801,1
1064,92870,92872,92870,2
1065,92938,92938,92938,0
1066,92947,92948,92947,1
1067,93004,93008,93004,4
1068,93048,93048,93048,0
1069,93099,93099,93099,0
1070,93111,93114,93111,3
1071,93176,93178,93176,2
1072,93234,93235,93234,1
1073,93251,93251,93251,0
1074,93289,93289,93289,0
1075,93385,93387,93385,2
1076,93467,93467,93467,0
1077,93521,93521,93521,0
1078,93605,93605,93605,0
1079,93716,93716,93716,0
1080,93833,93833,93833,0
1081,93877,93880,93877,3
1082,94037,94037,94037,0
1083,94068,94068,94068,0
1084,94107,94111,94107,4
1085,94141,94142,94141,1
1086,94297,94297,94297,0
1087,94374,94380,94374,6
1088,94471,94472,94471,1
1089,94787,94789,94787,2
1090,94842,94845,94842,3
1091,94958,94959,94958,1
1092,94974,94978,94974,4
1093,95008,95009,95008,1
1094,95080,95084,95080,4
1095,95226,95230,95226,4
1096,95261,95261,95261,0
1097,95358,95360,95358,2
1098,95435,95435,95435,0
1099,95757,95757,95757,0
1100,95922,95922,95922,0
1101,95972,95972,95972,0
1102,96063,96063,96063,0
1103,96105,96109,96105,4
1104,96167,96172,96167,5
1105,96271,96271,96271,0
1106,96386,96386,96386,0
1107,96573,96575,96573,2
1108,96635,96635,96635,0
1109,96667,96667,96667,0
1110,96695,96698,96695,3
1111,96796,96796,96796,0
1112,96867,96867,96867,0
1113,96882,96882,96882,0
1114,96937,96937,96937,0
1115,96975,96975,96975,0
1116,97010,97010,97010,0
1117,97056,97057,97056,1
1118,97154,97154,97154,0
1119,97200,97202,97200,2
1120,97377,97377,97377,0
1121,97420,97420,97420,0
1122,97437,97443,97437,6
1123,97654,97654,97654,0
1124,97836,97836,97836,0
1125,97854,97855,97854,1
1126,97865,97867,97865,2
1127,97898,97898,97898,0
1128,97924,97924,97924,0
1129,97968,97969,97968,1
1130,97995,97995,97995,0
1131,98073,98076,98075,3
1132,98129,98129,98129,0
1133,98191,98191,98191,0
1134,98297,98297,98297,0
1135,98363,98366,98363,3
1136,98414,98414,98414,0
1137,98483,98483,98483,0
1138,98608,98608,98608,0
1139,98753,98753,98753,0
1140,98800,98806,98800,6
1141,98995,98997,98995,2
1142,99095,99095,99095,0
1143,99165,99165,99165,0
1144,99211,99211,99211,0
1145,99323,99323,99323,0
1146,99594,99594,99594,0
1147,99637,99637,99637,0
1148,99716,99719,99716,3
1149,99761,99763,99761,2
1150,99813,99813,99813,0
1151,99827,99828,99827,1
1152,99916,99919,99916,3
1153,99962,99965,99962,3
1154,100546,100547,100546,1
1155,100562,100562,100562,0
1156,100658,100667,100658,9
1157,100668,100670,100668,2
1158,100706,100706,100706,0
1159,101223,101223,101223,0
1160,101304,101305,101304,1
1161,101612,101613,101612,1
1162,101757,101757,101757,0
1163,101851,101853,101851,2
1164,101955,101956,101955,1
1165,102038,102038,102038,0
1166,102055,102055,102055,0
1167,102335,102335,102335,0
1168,102456,102458,102456,2
1169,102469,102469,102469,0
1170,102891,102891,102891,0
1171,103683,103685,103683,2
1172,104496,104496,104496,0
1173,104512,104513,104512,1
1174,104586,104598,104586,12
1175,104923,104923,104923,0
1176,104960,104960,104960,0
1177,105752,105752,105752,0
1178,106022,106022,106022,0
1179,106046,106047,106046,1
1180,106414,106414,106414,0
1181,106840,106846,106840,6
1182,106937,106937,106937,0
1183,107093,107093,107093,0
1184,107140,107140,107140,0
1185,107203,107203,107203,0
1186,107612,107612,107612,0
1187,107863,107863,107863,0
1188,107973,107979,107973,6
1189,108153,108154,108153,1
1190,108198,108198,108198,0
1191,109624,109624,109624,0
1192,109741,109741,109741,0
1193,109798,109806,109798,8
1194,109878,109883,109878,5
1195,109973,109973,109973,0
1196,110009,110009,110009,0
1197,110111,110112,110111,1
1198,110173,110173,110173,0
1199,110199,110199,110199,0
1200,110229,110229,110229,0
1201,110337,110337,110337,0
1202,110734,110736,110734,2
1203,110870,110872,110870,2
1204,110961,110962,110961,1
1205,111055,111055,111055,0
1206,112441,112441,112441,0
1207,113408,113410,113408,2
1208,113921,113921,113921,0
1209,114209,114212,114209,3
1210,114423,114423,114423,0
1211,114441,114441,114441,0
1212,115512,115512,115512,0
1213,119561,119561,119561,0
1214,119713,119713,119713,0
1215,123926,123926,123926,0
1216,124232,124232,124232,0
1217,124315,124315,124315,0
1218,125374,125374,125374,0
1219,125667,125670,125667,3
