,Start_blink,End_blink,Blink_frame,No_of_frames
0,12,13,12,1
1,27,28,27,1
2,92,93,92,1
3,135,138,135,3
4,162,163,162,1
5,266,266,266,0
6,293,299,293,6
7,313,313,313,0
8,325,346,325,21
9,465,468,465,3
10,481,481,481,0
11,544,547,546,3
12,570,571,570,1
13,585,587,585,2
14,606,611,606,5
15,660,661,660,1
16,702,702,702,0
17,742,745,744,3
18,759,760,759,1
19,829,830,829,1
20,885,889,885,4
21,927,927,927,0
22,972,972,972,0
23,1059,1061,1059,2
24,1220,1220,1220,0
25,1327,1327,1327,0
26,1460,1462,1460,2
27,1577,1580,1577,3
28,1629,1631,1629,2
29,1726,1728,1726,2
30,1832,1833,1832,1
31,1889,1890,1889,1
32,1984,1985,1984,1
33,2092,2093,2092,1
34,2151,2152,2151,1
35,2299,2300,2299,1
36,2355,2356,2355,1
37,2447,2448,2447,1
38,2557,2558,2557,1
39,2603,2604,2603,1
40,2623,2623,2623,0
41,2636,2637,2636,1
42,2701,2701,2701,0
43,2718,2719,2718,1
44,2766,2768,2767,2
45,2776,2777,2776,1
46,2906,2906,2906,0
47,2961,2964,2962,3
48,3014,3014,3014,0
49,3176,3177,3176,1
50,3237,3240,3237,3
51,3290,3290,3290,0
52,3352,3358,3352,6
53,3425,3426,3425,1
54,3498,3499,3498,1
55,3581,3583,3581,2
56,3686,3687,3686,1
57,3717,3718,3717,1
58,3797,3800,3797,3
59,3835,3836,3835,1
60,3847,3849,3847,2
61,3971,3972,3971,1
62,4087,4087,4087,0
63,4129,4131,4129,2
64,4175,4176,4175,1
65,4187,4189,4187,2
66,4277,4278,4277,1
67,4315,4317,4315,2
68,4367,4370,4368,3
69,4439,4439,4439,0
70,4454,4454,4454,0
71,4520,4521,4520,1
72,4646,4649,4646,3
73,4665,4672,4665,7
74,4744,4744,4744,0
75,4771,4772,4771,1
76,4789,4790,4789,1
77,4850,4851,4850,1
78,4873,4882,4875,9
79,4926,4929,4926,3
80,4949,4952,4949,3
81,5041,5043,5041,2
82,5078,5083,5080,5
83,5197,5198,5197,1
84,5234,5238,5236,4
85,5249,5250,5249,1
86,5279,5280,5279,1
87,5323,5325,5324,2
88,5356,5360,5358,4
89,5395,5400,5395,5
90,5476,5483,5479,7
91,5531,5532,5531,1
92,5669,5672,5669,3
93,5799,5801,5799,2
94,5813,5814,5813,1
95,5990,5992,5990,2
96,6185,6189,6187,4
97,6213,6223,6213,10
98,6243,6244,6243,1
99,6379,6384,6379,5
100,6442,6445,6442,3
101,6452,6453,6452,1
102,6589,6589,6589,0
103,6665,6666,6665,1
104,6827,6828,6827,1
105,6973,6977,6973,4
106,7108,7109,7108,1
107,7117,7121,7119,4
108,7199,7200,7199,1
109,7237,7239,7237,2
110,7257,7258,7257,1
111,7327,7330,7327,3
112,7408,7414,7408,6
113,7533,7533,7533,0
114,7587,7590,7587,3
115,7643,7644,7643,1
116,7754,7756,7754,2
117,7776,7777,7776,1
118,7787,7788,7787,1
119,7845,7846,7845,1
120,7860,7862,7860,2
121,7871,7873,7871,2
122,7917,7918,7917,1
123,7959,7960,7959,1
124,8009,8011,8009,2
125,8060,8061,8060,1
126,8098,8099,8098,1
127,8186,8187,8186,1
128,8255,8257,8255,2
129,8298,8299,8298,1
130,8369,8370,8369,1
131,8378,8380,8379,2
132,8596,8596,8596,0
133,8661,8662,8661,1
134,8923,8923,8923,0
135,8954,8954,8954,0
136,9118,9119,9118,1
137,9333,9334,9333,1
138,9416,9417,9416,1
139,9474,9475,9474,1
140,9590,9591,9590,1
141,9744,9744,9744,0
142,9757,9759,9757,2
143,9954,9955,9954,1
144,9971,9972,9971,1
145,10133,10137,10133,4
146,10303,10304,10303,1
147,10462,10464,10462,2
148,10848,10848,10848,0
149,10864,10865,10864,1
150,10887,10888,10887,1
151,10922,10937,10922,15
152,10959,10960,10959,1
153,11027,11028,11027,1
154,11189,11195,11189,6
155,11264,11265,11264,1
156,11343,11346,11343,3
157,11388,11391,11388,3
158,11616,11616,11616,0
159,11720,11720,11720,0
160,11741,11742,11741,1
161,11787,11787,11787,0
162,11966,11966,11966,0
163,12048,12062,12051,14
164,12129,12131,12129,2
165,12191,12194,12191,3
166,12246,12272,12249,26
167,12353,12354,12353,1
168,12514,12515,12514,1
169,12531,12548,12531,17
170,12555,12556,12555,1
171,12699,12700,12699,1
172,12812,12813,12812,1
173,12881,12881,12881,0
174,12891,12891,12891,0
175,12916,12917,12916,1
176,12935,12941,12935,6
177,13056,13056,13056,0
178,13156,13164,13156,8
179,13321,13323,13321,2
180,13354,13368,13354,14
181,13429,13436,13430,7
182,13618,13618,13618,0
183,17352,17352,17352,0
184,17404,17407,17405,3
185,17442,17442,17442,0
186,17654,17655,17654,1
187,17748,17748,17748,0
188,17818,17818,17818,0
189,17841,17861,17841,20
190,17862,17864,17862,2
191,17987,17988,17987,1
192,18155,18156,18155,1
193,18191,18196,18191,5
194,18202,18203,18202,1
195,18220,18220,18220,0
196,18232,18232,18232,0
197,18271,18272,18271,1
198,18328,18328,18328,0
199,18473,18474,18473,1
200,18511,18511,18511,0
201,18528,18531,18528,3
202,18557,18559,18557,2
203,18616,18616,18616,0
204,18665,18666,18665,1
205,18685,18688,18687,3
206,18740,18743,18742,3
207,18869,18870,18869,1
208,18985,18987,18985,2
209,19108,19108,19108,0
210,19264,19265,19264,1
211,19332,19333,19332,1
212,19345,19346,19345,1
213,19375,19376,19375,1
214,19436,19436,19436,0
215,19465,19468,19466,3
216,19604,19604,19604,0
217,19719,19720,19719,1
218,19809,19810,19809,1
219,19942,19942,19942,0
220,19962,19977,19962,15
221,20068,20071,20068,3
222,20312,20317,20312,5
223,20573,20574,20573,1
224,20601,20608,20603,7
225,20680,20682,20680,2
226,20749,20752,20749,3
227,20787,20792,20789,5
228,20835,20836,20835,1
229,20872,20873,20872,1
230,20898,20899,20898,1
231,20971,20972,20971,1
232,20979,20982,20981,3
233,21040,21041,21040,1
234,21136,21141,21138,5
235,21310,21311,21310,1
236,21465,21466,21465,1
237,21510,21510,21510,0
238,21539,21540,21539,1
239,21554,21554,21554,0
240,21661,21662,21661,1
241,21710,21711,21710,1
242,21746,21748,21746,2
243,21783,21784,21783,1
244,21831,21833,21831,2
245,21892,21896,21892,4
246,21938,21939,21938,1
247,22019,22020,22019,1
248,22069,22070,22069,1
249,22104,22104,22104,0
250,22153,22153,22153,0
251,22222,22224,22222,2
252,22335,22335,22335,0
253,22428,22429,22428,1
254,22441,22442,22441,1
255,22477,22477,22477,0
256,22503,22503,22503,0
257,22615,22620,22615,5
258,22631,22632,22631,1
259,22675,22675,22675,0
260,22737,22737,22737,0
261,22867,22870,22867,3
262,23000,23003,23000,3
263,23145,23146,23145,1
264,23426,23426,23426,0
265,23489,23499,23489,10
266,23663,23664,23663,1
267,23700,23701,23700,1
268,23729,23732,23729,3
269,23814,23814,23814,0
270,23876,23876,23876,0
271,24096,24098,24096,2
272,24118,24120,24118,2
273,24212,24212,24212,0
274,24301,24302,24301,1
275,24464,24498,24464,34
276,24581,24586,24581,5
277,24691,24692,24691,1
278,24829,24829,24829,0
279,25102,25102,25102,0
280,25550,25550,25550,0
281,25568,25568,25568,0
282,25634,25635,25634,1
283,25694,25695,25694,1
284,25808,25809,25808,1
285,25831,25832,25831,1
286,25918,25918,25918,0
287,25954,25956,25954,2
288,26026,26026,26026,0
289,26163,26163,26163,0
290,26223,26224,26223,1
291,26358,26358,26358,0
292,26444,26452,26444,8
293,26592,26595,26593,3
294,26670,26703,26670,33
295,26724,26731,26724,7
296,26738,26743,26740,5
297,26858,26858,26858,0
298,27093,27094,27093,1
299,27278,27278,27278,0
300,27325,27325,27325,0
301,27445,27460,27447,15
302,27577,27577,27577,0
303,27714,27715,27714,1
304,27917,27917,27917,0
305,27964,27967,27964,3
306,28003,28004,28003,1
307,28167,28169,28167,2
308,28222,28228,28222,6
309,28276,28277,28276,1
310,28305,28306,28305,1
311,28402,28403,28402,1
312,28454,28456,28454,2
313,28510,28528,28510,18
314,28553,28553,28553,0
315,28602,28603,28602,1
316,28671,28746,28671,75
317,28839,28840,28839,1
318,29132,29132,29132,0
319,29398,29398,29398,0
320,29545,29545,29545,0
321,29755,29757,29755,2
322,29782,29784,29783,2
323,29850,29852,29850,2
324,30148,30152,30148,4
325,30362,30368,30362,6
326,30449,30450,30449,1
327,30498,30500,30498,2
328,30581,30583,30581,2
329,30607,30621,30609,14
330,30647,30651,30649,4
331,30677,30690,30677,13
332,30799,30809,30799,10
333,30876,30877,30876,1
334,30917,30918,30917,1
335,31184,31185,31184,1
336,31216,31224,31216,8
337,31270,31271,31270,1
338,31446,31447,31446,1
339,31745,31746,31745,1
340,31772,31775,31772,3
341,31872,31873,31872,1
342,31921,31921,31921,0
343,31955,31956,31955,1
344,32044,32045,32044,1
345,32053,32054,32053,1
346,32091,32092,32091,1
347,32146,32147,32146,1
348,32242,32244,32243,2
349,32310,32311,32310,1
350,32350,32351,32350,1
351,32385,32399,32385,14
352,32482,32483,32482,1
353,32532,32532,32532,0
354,32544,32545,32544,1
355,32586,32586,32586,0
356,32612,32613,32612,1
357,32642,32644,32642,2
358,32840,32841,32840,1
359,32853,32855,32853,2
360,32953,32953,32953,0
361,33103,33112,33106,9
362,33302,33304,33302,2
363,33378,33379,33378,1
364,33404,33405,33404,1
365,33485,33487,33485,2
366,33507,33509,33507,2
367,33546,33547,33546,1
368,33582,33583,33582,1
369,33634,33638,33634,4
370,33760,33761,33760,1
371,33774,33777,33774,3
372,33815,33816,33815,1
373,33835,33837,33835,2
374,33964,33966,33964,2
375,34054,34054,34054,0
376,34244,34244,34244,0
377,34359,34360,34359,1
378,34455,34456,34455,1
379,34466,34467,34466,1
380,34496,34497,34496,1
381,34550,34551,34550,1
382,34639,34641,34639,2
383,34760,34761,34760,1
384,34790,34797,34791,7
385,34863,34863,34863,0
386,34876,34877,34876,1
387,34960,34962,34960,2
388,35008,35008,35008,0
389,35070,35075,35070,5
390,35145,35161,35146,16
391,35257,35264,35257,7
392,35310,35314,35310,4
393,35358,35359,35358,1
394,35444,35444,35444,0
395,35682,35683,35682,1
396,35720,35721,35720,1
397,35757,35757,35757,0
398,35803,35804,35803,1
399,35862,35865,35864,3
400,35919,35921,35919,2
401,35949,35950,35949,1
402,36185,36186,36185,1
403,36241,36251,36241,10
404,36337,36337,36337,0
405,36473,36474,36473,1
406,36596,36596,36596,0
407,36694,36695,36694,1
408,36898,36899,36898,1
409,37016,37019,37016,3
410,37094,37097,37094,3
411,37122,37123,37122,1
412,37193,37195,37193,2
413,37292,37296,37292,4
414,37432,37435,37432,3
415,37507,37507,37507,0
416,37530,37530,37530,0
417,37639,37639,37639,0
418,37663,37663,37663,0
419,37679,37685,37680,6
420,37695,37696,37695,1
421,37848,37851,37848,3
422,38158,38162,38160,4
423,38280,38281,38280,1
424,38299,38299,38299,0
425,38361,38366,38361,5
426,38391,38392,38391,1
427,38461,38462,38461,1
428,38632,38633,38632,1
429,38698,38700,38698,2
430,38763,38765,38763,2
431,38849,38850,38849,1
432,38902,38904,38902,2
433,38926,38927,38926,1
434,38950,38952,38950,2
435,39016,39016,39016,0
436,39158,39159,39158,1
437,39192,39192,39192,0
438,39370,39370,39370,0
439,39714,39714,39714,0
440,39767,39768,39767,1
441,39829,39829,39829,0
442,39988,39990,39988,2
443,40222,40223,40222,1
444,40272,40272,40272,0
445,40319,40325,40319,6
446,40351,40353,40351,2
447,40379,40382,40379,3
448,40410,40418,40410,8
449,40439,40440,40439,1
450,40544,40547,40545,3
451,40668,40670,40668,2
452,40725,40725,40725,0
453,40839,40839,40839,0
454,40859,40859,40859,0
455,40963,40966,40965,3
456,40983,40984,40983,1
457,41033,41048,41035,15
458,41080,41082,41080,2
459,41159,41165,41159,6
460,41198,41202,41198,4
461,41520,41522,41520,2
462,41975,41976,41975,1
463,42061,42063,42061,2
464,42203,42205,42203,2
465,42287,42288,42287,1
466,42842,42843,42842,1
467,42915,42915,42915,0
468,42947,42948,42947,1
469,42996,42997,42996,1
470,43056,43056,43056,0
471,43085,43089,43085,4
472,43117,43120,43119,3
473,43187,43189,43187,2
474,43223,43223,43223,0
475,43341,43341,43341,0
476,43558,43558,43558,0
477,43596,43597,43596,1
478,43678,43679,43678,1
479,43799,43800,43799,1
480,43814,43815,43814,1
481,44073,44080,44073,7
482,44138,44150,44138,12
483,44247,44253,44247,6
484,44302,44303,44302,1
485,44320,44322,44320,2
486,44409,44410,44409,1
487,44461,44465,44463,4
488,44507,44513,44510,6
489,44637,44638,44637,1
490,44692,44693,44692,1
491,44712,44713,44712,1
492,44841,44844,44841,3
493,44982,44982,44982,0
494,45033,45038,45033,5
495,45049,45049,45049,0
496,45061,45062,45061,1
497,45112,45112,45112,0
498,45148,45153,45148,5
499,45202,45206,45202,4
500,45244,45245,45244,1
501,45317,45333,45318,16
502,45377,45380,45377,3
503,45431,45432,45431,1
504,45455,45455,45455,0
505,45551,45551,45551,0
506,45594,45594,45594,0
507,45671,45672,45671,1
508,45724,45725,45724,1
509,45756,45760,45756,4
510,45869,45879,45869,10
511,45888,45889,45888,1
512,45932,45933,45932,1
513,45947,45948,45947,1
514,46017,46017,46017,0
515,46059,46059,46059,0
516,46122,46122,46122,0
517,46154,46155,46154,1
518,46245,46247,46245,2
519,46259,46261,46259,2
520,46359,46360,46359,1
521,46382,46382,46382,0
522,46486,46488,46486,2
523,46551,46557,46551,6
524,46590,46590,46590,0
525,46647,46647,46647,0
526,46715,46718,46715,3
527,46725,46726,46725,1
528,46939,46939,46939,0
529,47256,47258,47256,2
530,47268,47269,47268,1
531,47305,47306,47305,1
532,47326,47326,47326,0
533,47580,47581,47580,1
534,47669,47671,47669,2
535,47722,47723,47722,1
536,47781,47783,47781,2
537,47816,47817,47816,1
538,47854,47854,47854,0
539,47893,47893,47893,0
540,48025,48026,48025,1
541,48107,48107,48107,0
542,48144,48145,48144,1
543,48218,48223,48218,5
544,48292,48293,48292,1
545,48346,48348,48346,2
546,48440,48445,48440,5
547,48451,48452,48451,1
548,48523,48523,48523,0
549,48586,48586,48586,0
550,48604,48604,48604,0
551,48702,48703,48702,1
552,48784,48785,48784,1
553,48824,48825,48824,1
554,48850,48851,48850,1
555,48994,48997,48994,3
556,49038,49039,49038,1
557,49160,49160,49160,0
558,49175,49175,49175,0
559,49235,49236,49235,1
560,49292,49293,49292,1
561,49341,49346,49341,5
562,49366,49367,49366,1
563,49468,49471,49468,3
564,49568,49568,49568,0
565,49605,49605,49605,0
566,49738,49742,49738,4
567,49812,49813,49812,1
568,49830,49833,49830,3
569,49938,49938,49938,0
570,50398,50399,50398,1
571,50638,50638,50638,0
572,50774,50775,50774,1
573,51162,51162,51162,0
574,51254,51258,51254,4
575,51296,51299,51296,3
576,51356,51357,51356,1
577,51444,51444,51444,0
578,51477,51477,51477,0
579,51487,51489,51487,2
580,51806,51806,51806,0
581,51988,51999,51988,11
582,52152,52156,52152,4
583,52238,52238,52238,0
584,52247,52248,52247,1
585,52401,52402,52401,1
586,52436,52440,52436,4
587,52688,52688,52688,0
588,53005,53005,53005,0
589,53069,53070,53069,1
590,53094,53094,53094,0
591,53114,53117,53114,3
592,53149,53149,53149,0
593,53196,53196,53196,0
594,53298,53301,53298,3
595,53333,53333,53333,0
596,53360,53362,53360,2
597,53371,53372,53371,1
598,53428,53428,53428,0
599,53514,53514,53514,0
600,53532,53533,53532,1
601,53571,53571,53571,0
602,53606,53609,53606,3
603,53645,53645,53645,0
604,53754,53754,53754,0
605,53887,53887,53887,0
606,53937,53939,53937,2
607,54015,54015,54015,0
608,54165,54166,54165,1
609,54213,54216,54213,3
610,54294,54296,54294,2
611,54312,54312,54312,0
612,54401,54401,54401,0
613,54449,54453,54449,4
614,54489,54489,54489,0
615,54538,54538,54538,0
616,54552,54553,54552,1
617,54643,54643,54643,0
618,54674,54674,54674,0
619,54720,54720,54720,0
620,54830,54831,54830,1
621,54852,54853,54852,1
622,54883,54883,54883,0
623,55075,55080,55075,5
624,55371,55371,55371,0
625,55393,55393,55393,0
626,55442,55442,55442,0
627,55664,55664,55664,0
628,56318,56318,56318,0
629,56376,56376,56376,0
630,56414,56415,56414,1
631,56609,56609,56609,0
632,56654,56658,56654,4
633,56825,56825,56825,0
634,57094,57094,57094,0
635,57106,57106,57106,0
636,57182,57187,57182,5
637,57235,57236,57235,1
638,57246,57249,57246,3
639,57327,57330,57327,3
640,57561,57567,57561,6
641,57611,57614,57611,3
642,57645,57645,57645,0
643,57759,57760,57759,1
644,57801,57801,57801,0
645,57839,57840,57839,1
646,57875,57886,57875,11
647,57946,57948,57947,2
648,58035,58037,58035,2
649,58084,58087,58084,3
650,58121,58121,58121,0
651,58217,58219,58217,2
652,58300,58305,58302,5
653,58318,58319,58318,1
654,58438,58442,58439,4
655,58521,58522,58521,1
656,58890,58890,58890,0
657,58922,58922,58922,0
658,58985,58985,58985,0
659,59120,59127,59120,7
660,59265,59265,59265,0
661,59304,59305,59304,1
662,59326,59344,59326,18
663,59360,59360,59360,0
664,59426,59427,59426,1
665,59559,59559,59559,0
666,59691,59692,59691,1
667,59830,59831,59830,1
668,60041,60043,60041,2
669,60065,60065,60065,0
670,60152,60155,60152,3
671,60192,60193,60192,1
672,60236,60240,60236,4
673,60246,60247,60246,1
674,60289,60289,60289,0
675,60364,60365,60364,1
676,60402,60410,60402,8
677,60472,60472,60472,0
678,60529,60529,60529,0
679,60560,60561,60560,1
680,60593,60594,60593,1
681,60729,60730,60729,1
682,60816,60822,60816,6
683,60862,60863,60862,1
684,60979,60980,60979,1
685,61156,61156,61156,0
686,61180,61182,61180,2
687,61231,61232,61231,1
688,61255,61256,61255,1
689,61309,61310,61309,1
690,61321,61322,61321,1
691,61393,61394,61393,1
692,61435,61435,61435,0
693,61473,61473,61473,0
694,61547,61548,61547,1
695,61609,61610,61609,1
696,61678,61678,61678,0
697,61738,61738,61738,0
698,61835,61835,61835,0
699,61851,61852,61851,1
700,62065,62066,62065,1
701,62130,62131,62130,1
702,62156,62158,62156,2
703,62200,62201,62200,1
704,62344,62344,62344,0
705,62355,62355,62355,0
706,62419,62419,62419,0
707,62492,62496,62492,4
708,62502,62503,62502,1
709,62684,62685,62684,1
710,62725,62725,62725,0
711,62852,62855,62852,3
712,62930,62931,62930,1
713,62976,62976,62976,0
714,62991,62992,62991,1
715,63132,63133,63132,1
716,63149,63150,63149,1
717,63195,63196,63195,1
718,63283,63286,63283,3
719,63512,63514,63512,2
720,63568,63568,63568,0
721,63748,63748,63748,0
722,63847,63847,63847,0
723,63912,63912,63912,0
724,63972,63972,63972,0
725,64042,64042,64042,0
726,64169,64169,64169,0
727,64350,64351,64350,1
728,64426,64433,64426,7
729,64552,64552,64552,0
730,64718,64719,64718,1
731,64745,64746,64745,1
732,64789,64791,64789,2
733,64811,64815,64813,4
734,64828,64830,64828,2
735,64883,64885,64884,2
736,64957,64958,64957,1
737,65079,65080,65079,1
738,65106,65107,65106,1
739,65142,65144,65142,2
740,65167,65168,65167,1
741,65217,65219,65217,2
742,65251,65251,65251,0
743,65261,65262,65261,1
744,65577,65578,65577,1
745,65594,65597,65594,3
746,65711,65711,65711,0
747,65785,65786,65785,1
748,65885,65888,65885,3
749,65997,65998,65997,1
750,66029,66030,66029,1
751,66104,66105,66104,1
752,66117,66118,66117,1
753,66181,66182,66181,1
754,66241,66242,66241,1
755,66272,66276,66272,4
756,66334,66334,66334,0
757,66393,66394,66393,1
758,66448,66448,66448,0
759,66492,66492,66492,0
760,66664,66664,66664,0
761,66724,66724,66724,0
762,66739,66740,66739,1
763,66765,66767,66765,2
764,66852,66852,66852,0
765,66994,66995,66994,1
766,67007,67007,67007,0
767,67047,67048,67047,1
768,67097,67097,67097,0
769,67161,67164,67161,3
770,67178,67178,67178,0
771,67195,67196,67195,1
772,67257,67257,67257,0
773,67432,67433,67432,1
774,67527,67527,67527,0
775,67576,67576,67576,0
776,67656,67658,67656,2
777,67735,67736,67735,1
778,67978,67978,67978,0
779,68012,68014,68012,2
780,68144,68144,68144,0
781,68153,68153,68153,0
782,68204,68204,68204,0
783,68296,68296,68296,0
784,68434,68435,68434,1
785,68446,68448,68446,2
786,68527,68529,68527,2
787,68626,68626,68626,0
788,68744,68744,68744,0
789,68758,68758,68758,0
790,68844,68844,68844,0
791,68918,68919,68918,1
792,68941,68942,68941,1
793,68993,68993,68993,0
794,69002,69004,69002,2
795,69063,69064,69063,1
796,69128,69128,69128,0
797,69147,69147,69147,0
798,69194,69194,69194,0
799,69215,69218,69215,3
800,69252,69252,69252,0
801,69498,69498,69498,0
802,69608,69609,69608,1
803,69723,69723,69723,0
804,69877,69880,69877,3
805,69932,69933,69932,1
806,70123,70124,70123,1
807,70226,70231,70226,5
808,70394,70395,70394,1
809,70481,70483,70481,2
810,70553,70554,70553,1
811,70659,70660,70659,1
812,70692,70719,70692,27
813,70737,70737,70737,0
814,70786,70788,70786,2
815,70825,70825,70825,0
816,70919,70925,70919,6
817,71021,71023,71021,2
818,71048,71049,71048,1
819,71159,71160,71159,1
820,71349,71349,71349,0
821,71391,71392,71391,1
822,71440,71440,71440,0
823,71490,71491,71490,1
824,71523,71523,71523,0
825,71546,71551,71546,5
826,71623,71626,71624,3
827,71715,71716,71715,1
828,71731,71735,71731,4
829,71788,71789,71788,1
830,71836,71840,71839,4
831,71855,71863,71858,8
832,71903,71905,71903,2
833,71946,71947,71946,1
834,71966,71966,71966,0
835,72270,72271,72270,1
836,72287,72287,72287,0
837,72869,72870,72869,1
838,72929,72929,72929,0
839,73178,73178,73178,0
840,73244,73249,73244,5
841,73452,73452,73452,0
842,73504,73505,73504,1
843,73590,73591,73590,1
844,73706,73706,73706,0
845,73855,73857,73855,2
846,74053,74054,74053,1
847,74151,74151,74151,0
848,74169,74169,74169,0
849,74229,74229,74229,0
850,74311,74311,74311,0
851,74478,74481,74478,3
852,74501,74505,74501,4
853,74515,74516,74515,1
854,74524,74525,74524,1
855,74587,74587,74587,0
856,74599,74599,74599,0
857,74770,74771,74770,1
858,74930,74931,74930,1
859,74968,74969,74968,1
860,75144,75148,75144,4
861,75193,75199,75193,6
862,75382,75383,75382,1
863,75531,75532,75531,1
864,75597,75597,75597,0
865,75704,75707,75704,3
866,75744,75744,75744,0
867,75760,75760,75760,0
868,75808,75809,75808,1
869,75838,75839,75838,1
870,75969,75969,75969,0
871,76048,76049,76048,1
872,76194,76194,76194,0
873,76268,76270,76268,2
874,76487,76487,76487,0
875,76498,76499,76498,1
876,76577,76577,76577,0
877,76633,76634,76633,1
878,76645,76646,76645,1
879,76726,76726,76726,0
880,76802,76803,76802,1
881,76927,76928,76927,1
882,76937,76938,76937,1
883,77025,77026,77025,1
884,77042,77046,77044,4
885,77054,77056,77054,2
886,77107,77108,77107,1
887,77137,77138,77137,1
888,77207,77210,77207,3
889,77281,77283,77281,2
890,77351,77351,77351,0
891,77421,77422,77421,1
892,77516,77517,77516,1
893,77603,77604,77603,1
894,77708,77709,77708,1
895,77739,77740,77739,1
896,77770,77770,77770,0
897,77867,77868,77867,1
898,77945,77946,77945,1
899,78098,78101,78098,3
900,78166,78177,78166,11
901,78312,78313,78312,1
902,78471,78472,78471,1
903,78518,78518,78518,0
904,78564,78564,78564,0
905,78686,78688,78686,2
906,78744,78746,78744,2
907,78827,78853,78827,26
908,78929,78930,78929,1
909,79040,79040,79040,0
910,79056,79057,79056,1
911,79141,79142,79141,1
912,79157,79158,79157,1
913,79248,79251,79248,3
914,79277,79281,79277,4
915,79329,79329,79329,0
916,79393,79397,79393,4
917,79477,79478,79477,1
918,79524,79525,79524,1
919,79535,79538,79537,3
920,79553,79556,79554,3
921,79737,79738,79737,1
922,79789,79798,79789,9
923,79852,79852,79852,0
924,79876,79877,79876,1
925,79944,79946,79944,2
926,79989,79993,79991,4
927,80036,80037,80036,1
928,80046,80047,80046,1
929,80130,80130,80130,0
930,80145,80146,80145,1
931,80220,80221,80220,1
932,80271,80272,80271,1
933,80416,80417,80416,1
934,80599,80602,80599,3
935,80690,80691,80690,1
936,80772,80773,80772,1
937,80851,80852,80851,1
938,81008,81010,81008,2
939,81331,81332,81331,1
940,81343,81344,81343,1
941,81387,81387,81387,0
942,81430,81430,81430,0
943,81447,81448,81447,1
944,81494,81494,81494,0
945,81561,81565,81561,4
946,81629,81631,81629,2
947,81680,81680,81680,0
948,81733,81734,81733,1
949,81764,81765,81764,1
950,81799,81800,81799,1
951,81812,81813,81812,1
952,81876,81876,81876,0
953,82011,82015,82011,4
954,82117,82117,82117,0
955,82149,82150,82149,1
956,82237,82237,82237,0
957,82342,82343,82342,1
958,82410,82410,82410,0
959,82668,82671,82668,3
960,82746,82751,82746,5
961,82803,82803,82803,0
962,82911,82911,82911,0
963,82920,82920,82920,0
964,82941,82942,82941,1
965,83023,83024,83023,1
966,83076,83076,83076,0
967,83229,83241,83229,12
968,83330,83330,83330,0
969,83388,83389,83388,1
970,83497,83498,83497,1
971,83581,83582,83581,1
972,83644,83644,83644,0
973,83724,83724,83724,0
974,83789,83793,83789,4
975,83913,83913,83913,0
976,84089,84089,84089,0
977,84468,84472,84469,4
978,84552,84552,84552,0
979,84610,84610,84610,0
980,84620,84623,84620,3
981,84684,84684,84684,0
982,84742,84743,84742,1
983,84766,84768,84766,2
984,84800,84800,84800,0
985,84939,84945,84939,6
986,85038,85040,85038,2
987,85241,85242,85241,1
988,85253,85255,85254,2
989,85408,85409,85408,1
990,85454,85455,85454,1
991,86129,86130,86129,1
992,86144,86145,86144,1
993,86278,86282,86278,4
994,86446,86447,86446,1
995,86512,86512,86512,0
996,86525,86526,86525,1
997,86574,86574,86574,0
998,86592,86593,86592,1
999,86746,86746,86746,0
1000,86777,86778,86777,1
1001,86793,86793,86793,0
1002,86813,86813,86813,0
1003,86839,86839,86839,0
1004,86881,86882,86881,1
1005,86924,86924,86924,0
1006,86939,86940,86939,1
1007,86970,86973,86970,3
1008,87040,87041,87040,1
1009,87062,87065,87064,3
1010,87131,87132,87131,1
1011,87338,87339,87338,1
1012,87363,87363,87363,0
1013,87555,87576,87555,21
1014,87611,87620,87613,9
1015,87635,87635,87635,0
1016,87668,87669,87668,1
1017,87735,87735,87735,0
1018,87862,87865,87862,3
1019,87932,87935,87934,3
1020,87961,87962,87961,1
1021,88014,88014,88014,0
1022,88075,88076,88075,1
1023,88110,88111,88110,1
1024,88161,88162,88161,1
1025,88314,88314,88314,0
1026,88408,88415,88408,7
1027,88492,88492,88492,0
1028,88594,88622,88594,28
1029,88655,88656,88655,1
1030,88721,88721,88721,0
1031,88764,88764,88764,0
1032,88799,88800,88799,1
1033,88879,88880,88879,1
1034,88927,88927,88927,0
1035,88992,88993,88992,1
1036,89040,89041,89040,1
1037,89103,89103,89103,0
1038,89116,89116,89116,0
1039,89147,89147,89147,0
1040,89170,89170,89170,0
1041,89258,89258,89258,0
1042,89335,89335,89335,0
1043,89420,89420,89420,0
1044,89494,89494,89494,0
1045,89630,89631,89630,1
1046,89792,89794,89792,2
1047,89979,89983,89979,4
1048,90092,90092,90092,0
1049,90218,90220,90218,2
1050,90287,90289,90287,2
1051,90360,90363,90360,3
1052,90406,90409,90408,3
1053,90428,90428,90428,0
1054,90474,90474,90474,0
1055,90529,90533,90529,4
1056,90548,90552,90548,4
1057,90613,90613,90613,0
1058,90640,90650,90640,10
1059,90701,90703,90701,2
1060,90758,90759,90758,1
1061,90825,90825,90825,0
1062,91126,91126,91126,0
1063,91224,91224,91224,0
1064,91322,91345,91322,23
1065,91536,91537,91536,1
1066,91576,91577,91576,1
1067,91630,91630,91630,0
1068,91722,91724,91722,2
1069,91824,91831,91824,7
1070,91909,91911,91909,2
1071,92028,92029,92028,1
1072,92061,92062,92061,1
1073,92074,92076,92074,2
1074,92180,92184,92180,4
1075,92277,92280,92277,3
1076,92425,92426,92425,1
1077,92438,92439,92438,1
1078,92514,92514,92514,0
1079,92527,92529,92527,2
1080,92608,92608,92608,0
1081,92671,92671,92671,0
1082,92775,92776,92775,1
1083,92806,92808,92806,2
1084,92867,92868,92867,1
1085,92972,92972,92972,0
1086,93042,93043,93042,1
1087,93156,93156,93156,0
1088,93193,93194,93193,1
1089,93255,93256,93255,1
1090,93284,93287,93284,3
1091,93409,93410,93409,1
1092,93554,93557,93554,3
1093,93576,93577,93576,1
1094,93613,93615,93613,2
1095,93737,93737,93737,0
1096,93748,93748,93748,0
1097,93848,93849,93848,1
1098,93915,93915,93915,0
1099,93948,93949,93948,1
1100,94007,94007,94007,0
1101,94031,94032,94031,1
1102,94146,94146,94146,0
1103,94249,94252,94249,3
1104,94321,94321,94321,0
1105,94361,94370,94361,9
1106,94396,94400,94396,4
1107,94468,94471,94468,3
1108,94490,94490,94490,0
1109,94797,94797,94797,0
1110,95068,95069,95068,1
1111,95147,95148,95147,1
1112,95288,95289,95288,1
1113,95386,95389,95386,3
1114,95510,95512,95510,2
1115,95641,95641,95641,0
1116,95662,95662,95662,0
1117,95706,95708,95706,2
1118,95731,95732,95731,1
1119,95753,95753,95753,0
1120,95869,95871,95869,2
1121,95949,95949,95949,0
1122,96029,96031,96029,2
1123,96049,96052,96049,3
1124,96177,96179,96177,2
1125,96325,96326,96325,1
1126,96522,96523,96522,1
1127,96668,96669,96668,1
1128,96688,96689,96688,1
1129,96707,96707,96707,0
1130,96917,96917,96917,0
1131,97269,97269,97269,0
1132,97498,97500,97498,2
1133,97614,97614,97614,0
1134,97778,97780,97778,2
1135,98285,98305,98285,20
1136,98449,98449,98449,0
1137,98511,98512,98511,1
1138,98635,98638,98635,3
1139,98740,98740,98740,0
1140,98769,98774,98769,5
1141,99131,99131,99131,0
1142,99387,99388,99387,1
1143,99631,99631,99631,0
1144,99906,99912,99907,6
1145,99986,99986,99986,0
1146,100002,100002,100002,0
1147,100284,100284,100284,0
1148,100406,100407,100406,1
1149,100518,100519,100518,1
1150,100558,100560,100558,2
1151,100757,100757,100757,0
1152,101036,101036,101036,0
1153,101246,101246,101246,0
1154,101290,101290,101290,0
1155,101355,101359,101355,4
1156,101365,101368,101365,3
1157,101427,101435,101427,8
1158,101513,101513,101513,0
1159,101533,101533,101533,0
1160,101549,101558,101549,9
1161,101707,101709,101708,2
1162,101759,101759,101759,0
1163,101791,101793,101791,2
1164,101850,101852,101851,2
1165,101884,101885,101884,1
1166,102009,102010,102009,1
1167,102035,102035,102035,0
1168,102151,102151,102151,0
1169,102226,102227,102226,1
1170,102263,102273,102263,10
1171,102407,102407,102407,0
1172,102418,102418,102418,0
1173,102546,102546,102546,0
1174,102657,102658,102657,1
1175,102981,102982,102981,1
1176,103686,103686,103686,0
1177,103759,103772,103759,13
1178,103828,103829,103828,1
1179,103918,103919,103918,1
1180,104108,104111,104108,3
1181,104275,104275,104275,0
1182,104356,104356,104356,0
1183,104368,104369,104368,1
1184,104625,104626,104625,1
1185,104837,104837,104837,0
1186,104996,104996,104996,0
1187,105077,105077,105077,0
1188,105241,105241,105241,0
1189,105325,105325,105325,0
1190,105412,105412,105412,0
1191,105573,105573,105573,0
1192,105641,105641,105641,0
1193,105694,105696,105694,2
1194,105705,105710,105705,5
1195,105739,105740,105739,1
1196,105796,105797,105796,1
1197,105808,105809,105808,1
1198,105854,105854,105854,0
1199,105968,105972,105968,4
1200,106162,106162,106162,0
1201,106198,106198,106198,0
1202,106292,106292,106292,0
1203,106499,106499,106499,0
1204,106613,106613,106613,0
1205,106658,106658,106658,0
1206,106685,106686,106685,1
1207,106838,106839,106838,1
1208,106936,106937,106936,1
1209,106946,106948,106946,2
1210,106988,106989,106988,1
1211,107063,107066,107063,3
1212,107162,107162,107162,0
1213,107227,107227,107227,0
1214,107276,107277,107276,1
1215,107410,107410,107410,0
1216,107482,107482,107482,0
1217,107627,107629,107627,2
1218,107648,107651,107648,3
1219,107739,107742,107739,3
1220,107802,107808,107802,6
1221,107889,107890,107889,1
1222,107953,107954,107953,1
1223,108032,108032,108032,0
1224,108259,108259,108259,0
1225,108275,108275,108275,0
1226,108307,108316,108307,9
1227,108317,108319,108317,2
1228,108466,108466,108466,0
1229,108570,108570,108570,0
1230,108785,108786,108785,1
1231,108909,108910,108909,1
1232,109014,109014,109014,0
1233,109179,109182,109179,3
1234,109246,109260,109246,14
1235,109343,109344,109343,1
1236,109391,109391,109391,0
1237,109438,109438,109438,0
1238,109553,109554,109553,1
1239,109806,109806,109806,0
1240,109881,109881,109881,0
1241,109991,109991,109991,0
1242,110030,110030,110030,0
1243,110084,110086,110084,2
1244,110122,110123,110122,1
1245,110175,110175,110175,0
1246,110296,110296,110296,0
1247,110361,110361,110361,0
1248,110437,110437,110437,0
1249,110506,110507,110506,1
1250,110609,110610,110609,1
1251,110694,110695,110694,1
1252,110805,110805,110805,0
1253,110934,110934,110934,0
1254,111086,111086,111086,0
1255,111219,111219,111219,0
1256,111234,111234,111234,0
1257,111271,111273,111271,2
1258,111320,111320,111320,0
1259,111421,111422,111421,1
1260,111690,111691,111690,1
1261,111921,111921,111921,0
1262,111983,111987,111983,4
1263,112071,112072,112071,1
1264,112100,112100,112100,0
1265,112605,112605,112605,0
1266,113289,113289,113289,0
1267,113298,113298,113298,0
1268,113447,113449,113447,2
1269,113492,113492,113492,0
1270,113528,113529,113528,1
1271,113596,113596,113596,0
1272,113651,113652,113651,1
1273,113700,113700,113700,0
1274,113773,113775,113773,2
1275,113842,113844,113842,2
1276,113887,113891,113887,4
1277,114011,114011,114011,0
1278,114047,114047,114047,0
1279,114138,114146,114138,8
1280,114167,114167,114167,0
1281,114367,114368,114367,1
1282,114401,114403,114401,2
1283,114445,114459,114445,14
1284,114517,114517,114517,0
1285,114621,114621,114621,0
1286,114632,114632,114632,0
1287,114687,114687,114687,0
1288,114743,114743,114743,0
1289,114797,114799,114797,2
1290,114871,114872,114871,1
1291,115075,115076,115075,1
1292,115313,115316,115313,3
1293,115444,115445,115444,1
1294,115531,115532,115531,1
1295,115541,115542,115541,1
1296,115610,115611,115610,1
1297,115693,115693,115693,0
1298,115767,115767,115767,0
1299,115798,115800,115798,2
1300,115870,115870,115870,0
1301,115894,115895,115894,1
1302,115949,115949,115949,0
1303,115987,115987,115987,0
1304,116066,116066,116066,0
1305,116186,116186,116186,0
1306,116267,116267,116267,0
1307,116306,116306,116306,0
1308,116330,116331,116330,1
1309,116383,116391,116383,8
1310,116423,116423,116423,0
1311,116579,116580,116579,1
1312,116782,116785,116782,3
1313,116791,116794,116793,3
1314,116814,116814,116814,0
1315,116933,116933,116933,0
1316,116943,116945,116943,2
1317,117113,117113,117113,0
1318,117143,117143,117143,0
1319,117250,117253,117250,3
1320,117424,117424,117424,0
1321,117466,117467,117466,1
1322,117629,117630,117629,1
1323,117741,117741,117741,0
1324,117860,117863,117860,3
1325,117927,117927,117927,0
1326,118062,118063,118062,1
1327,118128,118128,118128,0
1328,118213,118213,118213,0
1329,118576,118577,118576,1
1330,118647,118647,118647,0
1331,118700,118700,118700,0
1332,118788,118788,118788,0
1333,118823,118823,118823,0
1334,118881,118881,118881,0
1335,118921,118922,118921,1
1336,118987,118987,118987,0
1337,119074,119076,119074,2
1338,119157,119161,119157,4
1339,119202,119204,119202,2
1340,119435,119435,119435,0
1341,119476,119479,119476,3
1342,119548,119551,119548,3
1343,119585,119586,119585,1
1344,119707,119707,119707,0
1345,119792,119793,119792,1
1346,119858,119858,119858,0
1347,119942,119945,119942,3
1348,120058,120061,120058,3
1349,120080,120081,120080,1
1350,120141,120145,120141,4
1351,120210,120212,120210,2
1352,120387,120387,120387,0
1353,120459,120461,120459,2
1354,120532,120533,120532,1
1355,120578,120580,120578,2
1356,120642,120644,120642,2
1357,120828,120842,120828,14
1358,120883,120884,120883,1
1359,120938,120939,120938,1
1360,121027,121028,121027,1
1361,121135,121136,121135,1
1362,121169,121171,121169,2
1363,121239,121243,121239,4
1364,121279,121282,121279,3
1365,121332,121333,121332,1
1366,121387,121387,121387,0
1367,121547,121547,121547,0
1368,121647,121647,121647,0
1369,121703,121703,121703,0
1370,121718,121718,121718,0
1371,121766,121767,121766,1
1372,121833,121835,121833,2
1373,121850,121850,121850,0
1374,121907,121908,121907,1
1375,121949,121950,121949,1
1376,122002,122006,122002,4
1377,122026,122027,122026,1
1378,122312,122312,122312,0
1379,122354,122355,122354,1
1380,122431,122433,122431,2
1381,122474,122475,122474,1
1382,122485,122486,122485,1
1383,122600,122606,122601,6
1384,122658,122661,122658,3
1385,122671,122672,122671,1
1386,122715,122715,122715,0
1387,122753,122753,122753,0
1388,122769,122786,122769,17
1389,122810,122815,122810,5
1390,122832,122832,122832,0
1391,122883,122885,122883,2
1392,122893,122896,122893,3
1393,122957,122957,122957,0
1394,123007,123007,123007,0
1395,123101,123103,123101,2
1396,123142,123142,123142,0
1397,123269,123269,123269,0
1398,123291,123292,123291,1
1399,123338,123340,123338,2
1400,123361,123364,123361,3
1401,123422,123422,123422,0
1402,123459,123463,123459,4
1403,123567,123572,123567,5
1404,123670,123672,123670,2
1405,123681,123682,123681,1
1406,123695,123697,123695,2
1407,123736,123736,123736,0
1408,123758,123759,123758,1
1409,123861,123861,123861,0
1410,123906,123906,123906,0
1411,124013,124014,124013,1
1412,124066,124068,124066,2
1413,124118,124120,124118,2
1414,124193,124195,124193,2
1415,124278,124281,124278,3
1416,124347,124348,124347,1
1417,124549,124550,124549,1
1418,124617,124617,124617,0
1419,124694,124695,124694,1
1420,124734,124735,124734,1
1421,124788,124789,124788,1
1422,124820,124821,124820,1
1423,124872,124873,124872,1
1424,124992,124992,124992,0
1425,125046,125046,125046,0
1426,125120,125120,125120,0
1427,125139,125139,125139,0
1428,125158,125161,125158,3
1429,125203,125203,125203,0
1430,125238,125239,125238,1
1431,125407,125407,125407,0
1432,125542,125544,125542,2
1433,125724,125724,125724,0
1434,125847,125850,125847,3
1435,125889,125889,125889,0
1436,125899,125900,125899,1
1437,126088,126088,126088,0
1438,126116,126116,126116,0
1439,126412,126415,126412,3
1440,126582,126582,126582,0
1441,127072,127072,127072,0
1442,127214,127214,127214,0
1443,127305,127306,127305,1
1444,127342,127342,127342,0
1445,127399,127399,127399,0
1446,127598,127600,127598,2
1447,127708,127708,127708,0
1448,127739,127739,127739,0
1449,127895,127896,127895,1
1450,128188,128188,128188,0
1451,128308,128309,128308,1
1452,128319,128320,128319,1
1453,128405,128406,128405,1
1454,128523,128524,128523,1
1455,128574,128574,128574,0
1456,128605,128606,128605,1
1457,128641,128641,128641,0
1458,128767,128768,128767,1
1459,128790,128791,128790,1
1460,128811,128811,128811,0
1461,128831,128832,128831,1
1462,128877,128877,128877,0
1463,128937,128940,128937,3
1464,129050,129064,129050,14
1465,129082,129083,129082,1
1466,129134,129135,129134,1
1467,129219,129219,129219,0
1468,129398,129400,129398,2
1469,129409,129410,129409,1
1470,129636,129637,129636,1
1471,129673,129675,129673,2
1472,129809,129812,129809,3
1473,129936,129936,129936,0
1474,129977,129977,129977,0
1475,130026,130026,130026,0
1476,130094,130094,130094,0
1477,130358,130358,130358,0
1478,130685,130688,130687,3
1479,130703,130731,130703,28
1480,130801,130803,130801,2
1481,131003,131004,131003,1
1482,131238,131238,131238,0
1483,131315,131316,131315,1
1484,131378,131378,131378,0
1485,131465,131465,131465,0
1486,131533,131533,131533,0
1487,131678,131678,131678,0
1488,131727,131727,131727,0
1489,131849,131853,131849,4
1490,131861,131861,131861,0
1491,132215,132221,132215,6
1492,132333,132334,132333,1
1493,132405,132405,132405,0
1494,132434,132437,132434,3
1495,132551,132551,132551,0
1496,132710,132711,132710,1
1497,132757,132758,132757,1
1498,132812,132812,132812,0
1499,133235,133235,133235,0
1500,133293,133293,133293,0
1501,133389,133392,133389,3
1502,133573,133573,133573,0
1503,133636,133638,133636,2
1504,133815,133815,133815,0
1505,133841,133842,133841,1
1506,133924,133926,133924,2
1507,134034,134035,134034,1
1508,134169,134170,134169,1
1509,134188,134192,134188,4
1510,134333,134334,134333,1
1511,134396,134397,134396,1
1512,134459,134461,134459,2
1513,134568,134574,134570,6
1514,134746,134754,134746,8
1515,135013,135013,135013,0
1516,135142,135143,135142,1
1517,135329,135329,135329,0
1518,135347,135347,135347,0
1519,135359,135360,135359,1
1520,135369,135370,135369,1
1521,135417,135417,135417,0
1522,135501,135505,135501,4
1523,135529,135530,135529,1
1524,135547,135547,135547,0
1525,135663,135663,135663,0
1526,135715,135715,135715,0
1527,135760,135761,135760,1
1528,135816,135819,135816,3
1529,136247,136247,136247,0
1530,136278,136278,136278,0
1531,136324,136326,136324,2
1532,136473,136473,136473,0
1533,136627,136627,136627,0
1534,136642,136643,136642,1
1535,136753,136755,136753,2
1536,136783,136785,136783,2
1537,136991,136991,136991,0
1538,137440,137442,137440,2
1539,138913,138913,138913,0
1540,139026,139029,139026,3
1541,139135,139135,139135,0
1542,139145,139145,139145,0
1543,139272,139272,139272,0
1544,139335,139336,139335,1
1545,139416,139417,139416,1
1546,139479,139481,139479,2
1547,139523,139523,139523,0
1548,139618,139618,139618,0
1549,139680,139681,139680,1
1550,139780,139781,139780,1
1551,139875,139875,139875,0
1552,139972,139972,139972,0
1553,140122,140123,140122,1
1554,140135,140135,140135,0
1555,140273,140273,140273,0
1556,140347,140347,140347,0
1557,140456,140456,140456,0
1558,140567,140583,140567,16
1559,140597,140598,140597,1
1560,140627,140628,140627,1
1561,140651,140651,140651,0
1562,140783,140786,140783,3
1563,140813,140813,140813,0
1564,140833,140833,140833,0
1565,140951,140966,140951,15
1566,141138,141138,141138,0
1567,141213,141213,141213,0
1568,141279,141279,141279,0
1569,141331,141332,141331,1
1570,141494,141494,141494,0
1571,141595,141595,141595,0
1572,141624,141624,141624,0
1573,141841,141841,141841,0
1574,141854,141855,141854,1
1575,142010,142011,142010,1
1576,142040,142041,142040,1
1577,142111,142116,142111,5
1578,142122,142123,142122,1
1579,142169,142171,142169,2
1580,142216,142216,142216,0
1581,142247,142247,142247,0
1582,142314,142314,142314,0
1583,142352,142352,142352,0
1584,142372,142373,142372,1
1585,142422,142425,142422,3
1586,142476,142477,142476,1
1587,142548,142549,142548,1
1588,142658,142658,142658,0
1589,142739,142740,142739,1
1590,142791,142791,142791,0
1591,142888,142889,142888,1
1592,142903,142905,142903,2
1593,143021,143021,143021,0
1594,143069,143071,143069,2
1595,143118,143118,143118,0
1596,143278,143280,143278,2
1597,143372,143373,143372,1
1598,143612,143612,143612,0
1599,143785,143786,143785,1
1600,143819,143820,143819,1
1601,144079,144080,144079,1
1602,144188,144189,144188,1
1603,144270,144273,144270,3
1604,144338,144338,144338,0
1605,144368,144370,144368,2
1606,144403,144403,144403,0
1607,144476,144478,144476,2
1608,144490,144491,144490,1
1609,144612,144613,144612,1
1610,144770,144770,144770,0
1611,144823,144823,144823,0
1612,144948,144948,144948,0
1613,144986,144986,144986,0
1614,145036,145036,145036,0
1615,145091,145091,145091,0
1616,145175,145175,145175,0
1617,145245,145246,145245,1
1618,145306,145308,145306,2
1619,145395,145395,145395,0
1620,145406,145406,145406,0
1621,145502,145509,145502,7
1622,145689,145690,145689,1
1623,145779,145780,145779,1
1624,146002,146002,146002,0
1625,146047,146048,146047,1
1626,146143,146143,146143,0
1627,146252,146252,146252,0
1628,146273,146275,146273,2
1629,146504,146506,146504,2
1630,146565,146565,146565,0
1631,146597,146600,146599,3
1632,146762,146763,146762,1
1633,146833,146835,146833,2
1634,146918,146918,146918,0
1635,146994,146994,146994,0
1636,147221,147221,147221,0
1637,147324,147324,147324,0
1638,147344,147345,147344,1
1639,147356,147356,147356,0
1640,147374,147378,147374,4
1641,147433,147435,147433,2
1642,147468,147470,147468,2
1643,147540,147541,147540,1
1644,147557,147557,147557,0
1645,147633,147633,147633,0
1646,147645,147645,147645,0
1647,147675,147675,147675,0
1648,147699,147699,147699,0
1649,147725,147726,147725,1
1650,147740,147740,147740,0
1651,147774,147775,147774,1
1652,147810,147810,147810,0
1653,147842,147843,147842,1
1654,147892,147893,147892,1
1655,147938,147939,147938,1
1656,148004,148004,148004,0
1657,148536,148538,148536,2
1658,148607,148608,148607,1
1659,148699,148699,148699,0
1660,148718,148719,148718,1
1661,149305,149306,149305,1
1662,149432,149432,149432,0
1663,149461,149464,149461,3
1664,149766,149766,149766,0
1665,149810,149812,149810,2
1666,149876,149876,149876,0
1667,149935,149935,149935,0
1668,150079,150081,150079,2
1669,150156,150156,150156,0
1670,150619,150619,150619,0
1671,150693,150694,150693,1
1672,150836,150837,150836,1
1673,150954,150954,150954,0
1674,151027,151028,151027,1
1675,151107,151107,151107,0
1676,151195,151195,151195,0
1677,151218,151218,151218,0
1678,151359,151362,151359,3
1679,151426,151427,151426,1
1680,151664,151665,151664,1
1681,151770,151770,151770,0
1682,151972,151974,151972,2
1683,152018,152019,152018,1
1684,152030,152030,152030,0
1685,152073,152074,152073,1
1686,152105,152106,152105,1
1687,152190,152190,152190,0
1688,152273,152273,152273,0
1689,152312,152312,152312,0
1690,152328,152328,152328,0
1691,152370,152371,152370,1
1692,152394,152395,152394,1
1693,152440,152440,152440,0
1694,152495,152495,152495,0
1695,152560,152563,152560,3
1696,152617,152620,152617,3
1697,152655,152656,152655,1
1698,152718,152718,152718,0
1699,152744,152747,152744,3
1700,152795,152795,152795,0
1701,152820,152822,152820,2
1702,152832,152833,152832,1
1703,152884,152886,152884,2
1704,152918,152920,152918,2
1705,152980,152980,152980,0
1706,153190,153194,153190,4
1707,153226,153227,153226,1
1708,153238,153240,153238,2
1709,153317,153317,153317,0
1710,153419,153419,153419,0
1711,153520,153523,153520,3
1712,153532,153533,153532,1
1713,153589,153592,153589,3
1714,153672,153673,153672,1
1715,153690,153692,153690,2
1716,153778,153786,153778,8
1717,153829,153832,153829,3
1718,153844,153855,153844,11
1719,153889,153898,153889,9
1720,153959,153960,153959,1
1721,153974,153975,153974,1
1722,153990,153991,153990,1
1723,154045,154051,154045,6
1724,154109,154109,154109,0
1725,154171,154173,154171,2
1726,154213,154216,154213,3
1727,154345,154347,154345,2
1728,154475,154476,154475,1
1729,154520,154533,154520,13
1730,154600,154601,154600,1
1731,154653,154654,154653,1
1732,154791,154794,154791,3
1733,154951,154951,154951,0
1734,155062,155067,155062,5
1735,155203,155203,155203,0
1736,155309,155309,155309,0
1737,155417,155417,155417,0
1738,155485,155486,155485,1
1739,155512,155512,155512,0
1740,155582,155582,155582,0
1741,155691,155691,155691,0
1742,155824,155824,155824,0
1743,155867,155867,155867,0
1744,155951,155951,155951,0
1745,156046,156046,156046,0
1746,156165,156166,156165,1
1747,156206,156206,156206,0
1748,156250,156250,156250,0
1749,156316,156316,156316,0
1750,156336,156338,156336,2
1751,156431,156432,156431,1
1752,156499,156500,156499,1
1753,156530,156530,156530,0
1754,156563,156566,156563,3
1755,156652,156652,156652,0
1756,156694,156695,156694,1
1757,156732,156732,156732,0
1758,156809,156810,156809,1
1759,156869,156869,156869,0
1760,156905,156906,156905,1
1761,156951,156951,156951,0
1762,157072,157074,157072,2
1763,157109,157109,157109,0
1764,157201,157202,157201,1
1765,157513,157513,157513,0
1766,157564,157564,157564,0
1767,157604,157604,157604,0
1768,157627,157629,157627,2
1769,157690,157690,157690,0
1770,157870,157870,157870,0
1771,157916,157916,157916,0
1772,158092,158092,158092,0
1773,158157,158159,158157,2
1774,158192,158193,158192,1
1775,158258,158260,158258,2
1776,158339,158340,158339,1
1777,158389,158389,158389,0
1778,158424,158427,158426,3
1779,158477,158478,158477,1
1780,158544,158545,158544,1
1781,158629,158629,158629,0
1782,158664,158667,158664,3
1783,158700,158700,158700,0
1784,158724,158726,158724,2
1785,158784,158785,158784,1
1786,159303,159303,159303,0
1787,159336,159336,159336,0
1788,159355,159356,159355,1
1789,159547,159547,159547,0
1790,159667,159667,159667,0
1791,159684,159686,159684,2
1792,159737,159737,159737,0
1793,159845,159847,159845,2
1794,159925,159925,159925,0
1795,159996,159996,159996,0
1796,160030,160031,160030,1
1797,160070,160071,160070,1
1798,160184,160184,160184,0
1799,160222,160222,160222,0
1800,160367,160367,160367,0
1801,160424,160425,160424,1
1802,160519,160523,160519,4
1803,160605,160606,160605,1
1804,160650,160650,160650,0
1805,160685,160685,160685,0
1806,160727,160727,160727,0
1807,160835,160837,160835,2
1808,160894,160895,160894,1
1809,160944,160944,160944,0
1810,160993,160997,160993,4
1811,161013,161013,161013,0
1812,161116,161117,161116,1
1813,161233,161234,161233,1
1814,161280,161280,161280,0
1815,161559,161560,161559,1
1816,161589,161589,161589,0
1817,161658,161658,161658,0
1818,161870,161870,161870,0
1819,161890,161891,161890,1
1820,161962,161962,161962,0
1821,162116,162116,162116,0
1822,162155,162155,162155,0
1823,162214,162214,162214,0
1824,162257,162257,162257,0
1825,162397,162398,162397,1
1826,162434,162435,162434,1
1827,162833,162833,162833,0
1828,162938,162938,162938,0
1829,163013,163023,163015,10
1830,163070,163070,163070,0
1831,163116,163116,163116,0
1832,163209,163210,163209,1
1833,163246,163249,163246,3
1834,163336,163336,163336,0
1835,163410,163414,163410,4
1836,163451,163452,163451,1
1837,163579,163580,163579,1
1838,163636,163636,163636,0
1839,163687,163688,163687,1
1840,163995,163995,163995,0
1841,164104,164104,164104,0
1842,164273,164273,164273,0
1843,164297,164298,164297,1
1844,164369,164369,164369,0
1845,164437,164441,164437,4
1846,164604,164604,164604,0
1847,164738,164739,164738,1
1848,164762,164763,164762,1
1849,164901,164901,164901,0
1850,165253,165253,165253,0
1851,165301,165303,165301,2
1852,165377,165378,165377,1
1853,165510,165510,165510,0
1854,165583,165583,165583,0
1855,165615,165615,165615,0
1856,165677,165677,165677,0
1857,165710,165710,165710,0
1858,165751,165753,165751,2
1859,165803,165803,165803,0
1860,165872,165873,165872,1
1861,165917,165917,165917,0
1862,165939,165939,165939,0
1863,165996,165996,165996,0
1864,166056,166056,166056,0
1865,166119,166120,166119,1
1866,166164,166164,166164,0
1867,166259,166259,166259,0
1868,166299,166299,166299,0
1869,166336,166336,166336,0
1870,166380,166381,166380,1
1871,166423,166423,166423,0
1872,166556,166558,166556,2
1873,166570,166571,166570,1
1874,166583,166584,166583,1
1875,166641,166643,166641,2
1876,166686,166686,166686,0
1877,166880,166883,166880,3
1878,166895,166896,166895,1
1879,166946,166949,166946,3
1880,167184,167185,167184,1
1881,167408,167408,167408,0
1882,167501,167502,167501,1
1883,167692,167693,167692,1
1884,167731,167736,167731,5
1885,167845,167845,167845,0
1886,167906,167908,167906,2
1887,168011,168013,168011,2
1888,168110,168111,168110,1
1889,168123,168123,168123,0
1890,168202,168203,168202,1
1891,168247,168247,168247,0
1892,168305,168305,168305,0
1893,168431,168431,168431,0
1894,168471,168471,168471,0
1895,168508,168508,168508,0
1896,168553,168554,168553,1
1897,168584,168586,168584,2
1898,168652,168653,168652,1
1899,168716,168716,168716,0
1900,168769,168772,168769,3
1901,168797,168798,168797,1
1902,168841,168841,168841,0
1903,168883,168885,168883,2
1904,168948,168949,168948,1
1905,168993,168993,168993,0
1906,169014,169014,169014,0
1907,169045,169047,169045,2
1908,169119,169119,169119,0
1909,169135,169136,169135,1
1910,169187,169188,169187,1
1911,169242,169244,169242,2
1912,169281,169282,169281,1
1913,169339,169339,169339,0
1914,169373,169374,169373,1
1915,169411,169413,169411,2
1916,169653,169654,169653,1
1917,169819,169822,169819,3
1918,169880,169880,169880,0
1919,169893,169893,169893,0
1920,169999,169999,169999,0
1921,170070,170070,170070,0
1922,170112,170113,170112,1
1923,170136,170137,170136,1
1924,170164,170165,170164,1
1925,170297,170300,170297,3
1926,170340,170340,170340,0
1927,170426,170426,170426,0
1928,170500,170500,170500,0
1929,170534,170534,170534,0
1930,170623,170626,170623,3
1931,170682,170683,170682,1
1932,170697,170699,170697,2
1933,170793,170794,170793,1
1934,170852,170853,170852,1
1935,171004,171004,171004,0
1936,171110,171111,171110,1
1937,171180,171181,171180,1
1938,171280,171281,171280,1
1939,171325,171327,171325,2
1940,171401,171401,171401,0
1941,171529,171529,171529,0
1942,171569,171570,171569,1
1943,171596,171596,171596,0
1944,171751,171752,171751,1
1945,171773,171774,171773,1
1946,171809,171809,171809,0
1947,171840,171840,171840,0
1948,171880,171881,171880,1
1949,171916,171918,171916,2
1950,171950,171950,171950,0
1951,172003,172003,172003,0
1952,172050,172050,172050,0
1953,172099,172101,172099,2
1954,172310,172313,172310,3
1955,172342,172343,172342,1
1956,172435,172436,172435,1
1957,172493,172494,172493,1
1958,172570,172571,172570,1
1959,172608,172608,172608,0
1960,172652,172653,172652,1
1961,172708,172710,172708,2
1962,172735,172736,172735,1
1963,172776,172778,172776,2
1964,172809,172810,172809,1
1965,172909,172909,172909,0
1966,172956,172957,172956,1
1967,172970,172971,172970,1
1968,173093,173093,173093,0
1969,173114,173114,173114,0
1970,173251,173251,173251,0
1971,173302,173302,173302,0
1972,173363,173364,173363,1
1973,173380,173381,173380,1
1974,173438,173438,173438,0
1975,173523,173524,173523,1
1976,173561,173565,173561,4
1977,173661,173662,173661,1
1978,173720,173722,173720,2
1979,173740,173741,173740,1
1980,173797,173798,173797,1
1981,173842,173843,173842,1
1982,173906,173906,173906,0
1983,173968,173969,173968,1
1984,174031,174032,174031,1
1985,174083,174083,174083,0
1986,174178,174179,174178,1
1987,174253,174253,174253,0
1988,174304,174306,174304,2
1989,174416,174416,174416,0
1990,174442,174442,174442,0
1991,174488,174488,174488,0
1992,174570,174572,174570,2
1993,174711,174711,174711,0
1994,174727,174727,174727,0
1995,174768,174769,174768,1
1996,174795,174795,174795,0
1997,174824,174826,174824,2
1998,174868,174868,174868,0
1999,174945,174946,174945,1
2000,175031,175034,175033,3
2001,175052,175053,175052,1
2002,175178,175179,175178,1
2003,175202,175203,175202,1
2004,175231,175232,175231,1
2005,175275,175276,175275,1
2006,175311,175315,175314,4
2007,175397,175398,175397,1
2008,175772,175773,175772,1
2009,175915,175917,175915,2
2010,176151,176151,176151,0
2011,176367,176368,176367,1
2012,176627,176627,176627,0
2013,176666,176666,176666,0
2014,176839,176840,176839,1
2015,176926,176930,176926,4
2016,177087,177087,177087,0
2017,178055,178055,178055,0
2018,178119,178122,178119,3
