,Start_blink,End_blink,Blink_frame,No_of_frames
0,14,19,16,5
1,31,52,34,21
2,132,136,135,4
3,149,154,152,5
4,200,203,200,3
5,245,249,245,4
6,283,288,286,5
7,345,353,347,8
8,383,390,385,7
9,456,460,456,4
10,553,559,553,6
11,630,635,632,5
12,717,725,719,8
13,957,962,958,5
14,1049,1213,1049,164
15,1244,1284,1244,40
16,1285,1289,1285,4
17,1431,1436,1433,5
18,1497,1499,1497,2
19,1523,1566,1523,43
20,1567,1572,1567,5
21,1675,1699,1678,24
22,1737,1748,1739,11
23,1804,1821,1807,17
24,1822,1824,1822,2
25,1902,1910,1904,8
26,2189,2237,2189,48
27,2238,2242,2238,4
28,2347,2358,2350,11
29,2438,2445,2440,7
30,2524,2530,2524,6
31,2587,2592,2590,5
32,2693,2697,2693,4
33,2745,2750,2746,5
34,2853,2860,2855,7
35,2918,2925,2921,7
36,3199,3206,3200,7
37,3304,3309,3307,5
38,3494,3501,3494,7
39,3602,3607,3603,5
40,3694,3708,3696,14
41,3768,3774,3771,6
42,3810,3828,3810,18
43,3829,3836,3829,7
44,3862,3866,3862,4
45,4083,4086,4084,3
46,4113,4197,4113,84
47,4274,4281,4274,7
48,4289,4294,4291,5
49,4347,4352,4349,5
50,4582,4587,4582,5
51,4679,4687,4679,8
52,4855,4860,4857,5
53,4949,4954,4951,5
54,5032,5038,5032,6
55,5107,5142,5107,35
56,5143,5150,5143,7
57,5405,5414,5405,9
58,5422,5438,5422,16
59,5461,5492,5461,31
60,5510,5514,5510,4
61,5640,5663,5643,23
62,5795,5801,5798,6
63,5839,5846,5842,7
64,5867,5873,5868,6
65,5922,5925,5923,3
66,5942,5962,5942,20
67,5963,5965,5963,2
68,5979,6056,5979,77
69,6057,6058,6057,1
70,6079,6102,6080,23
71,6190,6213,6193,23
72,6244,6250,6247,6
73,6369,6374,6369,5
74,6402,6428,6403,26
75,6465,6470,6467,5
76,6487,6518,6487,31
77,6519,6522,6519,3
78,6567,6579,6570,12
79,6862,6865,6864,3
80,6879,6893,6879,14
81,7058,7182,7058,124
82,7183,7186,7183,3
83,7218,7222,7221,4
84,7237,7242,7240,5
85,7269,7293,7272,24
86,7406,7410,7408,4
87,7511,7517,7513,6
88,7983,7991,7985,8
89,8016,8024,8018,8
90,8074,8080,8076,6
91,8087,8091,8089,4
92,8100,8107,8103,7
93,8185,8190,8187,5
94,8224,8234,8226,10
95,8363,8369,8365,6
96,8469,8475,8472,6
97,8566,8573,8569,7
98,8628,8634,8630,6
99,8658,8663,8660,5
100,8741,8746,8743,5
101,8800,8804,8802,4
102,8925,8939,8925,14
103,8987,9022,8987,35
104,9023,9025,9023,2
105,9055,9059,9055,4
106,9277,9291,9277,14
107,9320,9325,9320,5
108,9397,9409,9397,12
109,9476,9479,9477,3
110,9508,9513,9508,5
111,9611,9616,9611,5
112,9639,9652,9639,13
113,9666,9672,9669,6
114,9773,9778,9775,5
115,9865,9871,9865,6
116,9927,9933,9929,6
117,10006,10011,10008,5
118,10160,10165,10162,5
119,10526,10544,10526,18
120,10545,10550,10545,5
121,10682,10687,10682,5
122,10752,10762,10752,10
123,10807,10812,10809,5
124,10871,10873,10871,2
125,11034,11041,11036,7
126,11279,11286,11281,7
127,11379,11416,11379,37
128,11417,11426,11417,9
129,11427,11431,11427,4
130,11536,11599,11536,63
131,11600,11603,11600,3
132,11651,11653,11651,2
133,11797,11803,11800,6
134,11859,11864,11861,5
135,11906,11909,11906,3
136,11950,11957,11953,7
137,12030,12037,12030,7
138,12101,12107,12103,6
139,12211,12215,12211,4
140,12253,12262,12255,9
141,12312,12319,12312,7
142,12355,12363,12357,8
143,12400,12403,12400,3
144,12465,12471,12465,6
145,12566,12570,12566,4
146,12670,12675,12672,5
147,12704,12713,12707,9
148,12787,12793,12789,6
149,12934,12953,12937,19
150,12954,12956,12954,2
151,13020,13025,13022,5
152,13100,13106,13102,6
153,13146,13160,13149,14
154,13205,13211,13208,6
155,13347,13351,13347,4
156,13385,13394,13388,9
157,13464,13474,13468,10
158,13673,13679,13676,6
159,13764,13771,13766,7
160,13805,13810,13807,5
161,13899,13905,13901,6
162,14100,14139,14100,39
163,14375,14384,14377,9
164,14492,14498,14494,6
165,14600,14606,14602,6
166,14629,14635,14631,6
167,14678,14684,14681,6
168,14791,14800,14791,9
169,14933,14936,14933,3
170,14989,14994,14991,5
171,15021,15028,15023,7
172,15187,15280,15187,93
173,15281,15287,15281,6
174,15369,15378,15372,9
175,15392,15398,15395,6
176,15462,15468,15462,6
177,15510,15525,15512,15
178,15586,15589,15586,3
179,15827,15828,15827,1
180,16045,16048,16045,3
181,16209,16214,16209,5
182,16222,16226,16224,4
183,16702,16716,16702,14
184,16819,16826,16819,7
185,16859,16872,16860,13
186,16974,17019,16974,45
187,17033,17103,17033,70
188,17104,17108,17104,4
189,17150,17163,17150,13
190,17182,17190,17182,8
191,17296,17306,17296,10
192,17382,17388,17384,6
193,17458,17468,17458,10
194,17473,17476,17473,3
195,17495,17500,17495,5
196,17589,17594,17591,5
197,17608,17612,17610,4
198,17626,17632,17629,6
199,17735,17742,17738,7
200,17884,17887,17884,3
201,18013,18020,18013,7
202,18082,18085,18082,3
203,18182,18187,18185,5
204,18300,18303,18300,3
205,18374,18377,18374,3
206,18433,18435,18433,2
207,18595,18599,18595,4
208,18671,18676,18671,5
209,18827,18832,18827,5
210,18850,18852,18850,2
211,19137,19163,19137,26
212,19202,19293,19202,91
213,19294,19297,19294,3
214,19314,19321,19317,7
215,19361,19366,19363,5
216,19434,19440,19437,6
217,19445,19450,19448,5
218,19500,19504,19502,4
219,19633,19637,19633,4
220,19673,19679,19676,6
221,19712,19716,19712,4
222,19741,19746,19741,5
223,19809,19817,19809,8
224,19955,20026,19955,71
225,20129,20132,20130,3
226,20173,20177,20175,4
227,20282,20289,20282,7
228,20354,20379,20354,25
229,20437,20443,20439,6
230,20537,20541,20537,4
231,20595,20600,20597,5
232,20639,20643,20641,4
233,20686,20692,20686,6
234,20833,20839,20836,6
235,20880,20890,20880,10
236,20901,20913,20902,12
237,21012,21020,21012,8
238,21078,21083,21081,5
239,21188,21192,21190,4
240,21314,21319,21314,5
241,21561,21564,21561,3
242,21615,21623,21615,8
243,21682,21686,21682,4
244,21732,21743,21732,11
245,21920,21925,21922,5
246,22006,22012,22008,6
247,22176,22260,22176,84
248,22261,22263,22261,2
249,22366,22371,22368,5
250,22453,22461,22453,8
251,22530,22539,22532,9
252,22550,22555,22553,5
253,22577,22600,22577,23
254,22601,22603,22601,2
255,22668,22673,22671,5
256,22721,22728,22721,7
257,22812,22817,22812,5
258,22873,22880,22875,7
259,22929,22936,22929,7
260,23001,23009,23003,8
261,23085,23088,23085,3
262,23094,23097,23094,3
263,23176,23180,23176,4
264,23238,23241,23238,3
265,23326,23331,23326,5
266,23350,23362,23352,12
267,23403,23411,23405,8
268,23442,23446,23444,4
269,23503,23508,23505,5
270,23529,23533,23531,4
271,23570,23586,23573,16
272,23612,23619,23614,7
273,23626,23631,23628,5
274,23687,23691,23687,4
275,23750,23760,23752,10
276,23844,23850,23847,6
277,23885,23891,23888,6
278,23919,23925,23922,6
279,23976,23983,23978,7
280,24063,24067,24063,4
281,24139,24149,24142,10
282,24197,24202,24197,5
283,24208,24215,24211,7
284,24351,24359,24351,8
285,24376,24382,24379,6
286,24386,24394,24389,8
287,24513,24519,24515,6
288,24554,24564,24556,10
289,24623,24627,24623,4
290,24752,24758,24754,6
291,24792,24797,24792,5
292,24867,24876,24869,9
293,24954,24972,24954,18
294,25106,25111,25106,5
295,25321,25344,25321,23
296,25347,25354,25349,7
297,25479,25484,25479,5
298,25586,25594,25586,8
299,25760,25766,25762,6
300,25882,25890,25885,8
301,25926,25931,25926,5
302,25980,25987,25981,7
303,26123,26128,26123,5
304,26167,26174,26169,7
305,26198,26204,26200,6
306,26248,26252,26248,4
307,26313,26321,26313,8
308,26322,26325,26322,3
309,26348,26352,26348,4
310,26400,26404,26400,4
311,26445,26450,26445,5
312,26475,26491,26478,16
313,26516,26526,26516,10
314,26579,26585,26581,6
315,26630,26636,26632,6
316,26674,26677,26674,3
317,26749,26755,26752,6
318,26793,26822,26793,29
319,26835,26838,26835,3
320,26869,26873,26869,4
321,26937,26941,26937,4
322,27005,27010,27007,5
323,27058,27064,27060,6
324,27099,27110,27099,11
325,27146,27151,27148,5
326,27206,27211,27208,5
327,27265,27279,27265,14
328,27307,27311,27307,4
329,27332,27340,27334,8
330,27383,27389,27385,6
331,27460,27467,27463,7
332,27531,27534,27531,3
333,27574,27579,27577,5
334,27608,27613,27610,5
335,27644,27650,27646,6
336,27707,27710,27708,3
337,27882,27887,27882,5
338,27993,28031,27993,38
339,28032,28039,28032,7
340,28095,28098,28095,3
341,28146,28150,28146,4
342,28245,28254,28248,9
343,28349,28395,28349,46
344,28396,28399,28396,3
345,28495,28502,28495,7
346,28539,28552,28542,13
347,28608,28612,28608,4
348,28697,28704,28699,7
349,28890,28916,28890,26
350,28917,28930,28917,13
351,29002,29007,29004,5
352,29034,29035,29034,1
353,29051,29067,29051,16
354,29090,29116,29090,26
355,29117,29121,29117,4
356,29168,29172,29170,4
357,29234,29240,29236,6
358,29247,29253,29249,6
359,29285,29293,29288,8
360,29344,29349,29346,5
361,29417,29422,29419,5
362,29492,29500,29494,8
363,29576,29582,29578,6
364,29634,29673,29634,39
365,29674,29678,29674,4
366,29683,29688,29685,5
367,29718,29723,29720,5
368,29772,29777,29775,5
369,29880,29933,29880,53
370,29934,29938,29934,4
371,30015,30020,30015,5
372,30052,30057,30054,5
373,30099,30104,30099,5
374,30134,30139,30136,5
375,30192,30195,30192,3
376,30241,30247,30243,6
377,30313,30323,30314,10
378,30350,30355,30353,5
379,30371,30376,30374,5
380,30437,30442,30437,5
381,30524,30527,30524,3
382,30674,30677,30674,3
383,30730,30737,30732,7
384,30771,30780,30771,9
385,30786,30792,30789,6
386,30826,30829,30826,3
387,30871,30876,30872,5
388,31115,31119,31115,4
389,31151,31155,31151,4
390,31201,31206,31201,5
391,31249,31253,31249,4
392,31287,31293,31289,6
393,31299,31305,31302,6
394,31425,31430,31425,5
395,31445,31459,31445,14
396,31543,31555,31543,12
397,31609,31616,31611,7
398,31630,31633,31630,3
399,31689,31695,31691,6
400,31741,31747,31744,6
401,31771,31792,31774,21
402,31817,31822,31817,5
403,31870,31876,31872,6
404,31937,31942,31937,5
405,31980,31983,31980,3
406,31989,31995,31992,6
407,32093,32113,32093,20
408,32152,32159,32154,7
409,32240,32245,32242,5
410,32437,32444,32439,7
411,32467,32474,32469,7
412,32521,32527,32524,6
413,32545,32551,32548,6
414,32557,32564,32560,7
415,32607,32619,32609,12
416,32620,32624,32620,4
417,32814,32819,32816,5
418,32869,32875,32872,6
419,32962,32966,32962,4
420,33023,33027,33023,4
421,33118,33124,33120,6
422,33188,33194,33188,6
423,33210,33213,33210,3
424,33302,33320,33302,18
425,33321,33325,33321,4
426,33394,33397,33394,3
427,33464,33470,33466,6
428,33668,33679,33668,11
429,33707,33793,33707,86
430,33857,33939,33857,82
431,33940,33944,33940,4
432,33971,33979,33973,8
433,34035,34040,34037,5
434,34101,34109,34103,8
435,34144,34148,34144,4
436,34288,34299,34291,11
437,34339,34359,34342,20
438,34381,34405,34383,24
439,34426,34431,34427,5
440,34446,34458,34449,12
441,34490,34494,34492,4
442,34575,34578,34575,3
443,34667,34682,34667,15
444,34683,34687,34683,4
445,34730,34736,34732,6
446,34783,34786,34783,3
447,34885,34889,34885,4
448,34920,34924,34920,4
449,34952,34959,34954,7
450,34977,34990,34980,13
451,35019,35026,35022,7
452,35436,35445,35439,9
453,35504,35511,35507,7
454,35593,35596,35593,3
455,35630,35636,35632,6
456,35685,35690,35687,5
457,35721,35725,35721,4
458,35842,35846,35842,4
459,35915,35932,35915,17
460,35968,35987,35968,19
461,36021,36034,36021,13
462,36064,36181,36064,117
463,36182,36184,36182,2
464,36239,36243,36239,4
465,36305,36323,36305,18
466,36348,36352,36348,4
467,36404,36408,36404,4
468,36491,36497,36491,6
469,36520,36524,36520,4
470,36627,36652,36627,25
471,36653,36655,36653,2
472,36695,36702,36698,7
473,36753,36760,36755,7
474,36793,36825,36793,32
475,36826,36829,36826,3
476,36850,36864,36853,14
477,36917,36922,36917,5
478,36935,36942,36937,7
479,36962,36979,36965,17
480,37052,37058,37055,6
481,37114,37120,37116,6
482,37180,37188,37183,8
483,37223,37228,37225,5
484,37280,37286,37282,6
485,37421,37426,37423,5
486,37483,37486,37484,3
487,37505,37549,37506,44
488,37550,37553,37550,3
489,37615,37620,37617,5
490,37732,37738,37735,6
491,37834,37843,37836,9
492,37916,37923,37919,7
493,37980,37988,37982,8
494,38027,38035,38030,8
495,38059,38065,38062,6
496,38226,38233,38228,7
497,38253,38270,38255,17
498,38293,38300,38295,7
499,38461,38539,38461,78
500,38540,38544,38540,4
501,38586,38590,38588,4
502,38628,38641,38628,13
503,38682,38689,38684,7
504,38745,38760,38748,15
505,38847,38854,38850,7
506,38942,38947,38942,5
507,39055,39058,39055,3
508,39129,39131,39129,2
509,39189,39198,39189,9
510,39287,39295,39290,8
511,39370,39377,39373,7
512,39465,39478,39465,13
513,39567,39581,39569,14
514,39685,39690,39687,5
515,39786,39794,39788,8
516,39830,39837,39832,7
517,39851,39857,39853,6
518,39959,39967,39961,8
519,39989,40001,39992,12
520,40062,40067,40065,5
521,40097,40277,40097,180
522,40278,40281,40278,3
523,40343,40351,40345,8
524,40429,40442,40431,13
525,40504,40509,40507,5
526,40738,40750,40738,12
527,40852,40860,40855,8
528,40896,40900,40896,4
529,40961,40974,40961,13
530,40975,40977,40975,2
531,41030,41041,41030,11
532,41042,41045,41042,3
533,41139,41146,41141,7
534,41235,41247,41238,12
535,41413,41416,41413,3
536,41450,41472,41450,22
537,41772,41775,41772,3
538,41962,41970,41962,8
539,42003,42007,42003,4
540,42046,42049,42046,3
541,42139,42145,42141,6
542,42194,42201,42196,7
543,42281,42285,42281,4
544,42325,42331,42325,6
545,42374,42387,42374,13
546,42494,42498,42494,4
547,42513,42521,42516,8
548,42599,42604,42599,5
549,42742,42751,42742,9
550,42803,42807,42803,4
551,42864,42869,42864,5
552,42923,42929,42925,6
553,42985,42992,42985,7
554,43138,43144,43141,6
555,43180,43185,43182,5
556,43293,43301,43295,8
557,43363,43373,43363,10
558,43475,43499,43477,24
559,43617,43624,43617,7
560,43668,43675,43671,7
561,43727,43736,43727,9
562,43850,43860,43850,10
563,43931,43935,43931,4
564,44014,44021,44016,7
565,44112,44119,44114,7
566,44203,44210,44204,7
567,44250,44257,44250,7
568,44264,44268,44265,4
569,44345,44350,44345,5
570,44469,44475,44469,6
571,44583,44592,44586,9
572,44748,44770,44748,22
573,44829,44836,44829,7
574,44889,44893,44889,4
575,44991,44994,44991,3
576,45076,45081,45079,5
577,45198,45203,45198,5
578,45208,45212,45208,4
579,45283,45287,45283,4
580,45322,45327,45322,5
581,45412,45421,45412,9
582,45500,45505,45500,5
583,45610,45627,45610,17
584,45628,45631,45628,3
585,45648,45650,45648,2
586,45683,45685,45683,2
587,45859,45864,45859,5
588,45876,45881,45878,5
589,45982,45986,45982,4
590,46069,46074,46069,5
591,46127,46131,46127,4
592,46135,46139,46136,4
593,46173,46177,46173,4
594,46261,46278,46261,17
595,46322,46327,46324,5
596,46398,46403,46398,5
597,46439,46447,46439,8
598,46485,46489,46485,4
599,46536,46540,46536,4
600,46603,46612,46603,9
601,46624,46631,46626,7
602,46636,46641,46639,5
603,46695,46700,46697,5
604,46744,46750,46746,6
605,46787,46794,46787,7
606,46825,46829,46825,4
607,46848,46852,46848,4
608,46931,46941,46933,10
609,46980,46985,46980,5
610,47135,47139,47135,4
611,47196,47200,47196,4
612,47252,47264,47252,12
613,47335,47338,47335,3
614,47382,47388,47384,6
615,47464,47468,47464,4
616,47472,47476,47474,4
617,47545,47551,47547,6
618,47669,47672,47669,3
619,47854,47860,47857,6
620,47972,47989,47972,17
621,48173,48178,48176,5
622,48259,48287,48259,28
623,48308,48313,48310,5
624,48345,48354,48347,9
625,48391,48508,48391,117
626,48509,48515,48509,6
627,48532,48538,48534,6
628,48582,48586,48582,4
629,48613,48618,48615,5
630,48725,48744,48725,19
631,48767,48775,48769,8
632,48780,48787,48783,7
633,48817,48822,48819,5
634,48830,48838,48832,8
635,48932,48949,48932,17
636,48950,48957,48950,7
637,49066,49072,49068,6
638,49110,49117,49112,7
639,49228,49268,49228,40
640,49269,49275,49269,6
641,49302,49309,49305,7
642,49347,49354,49350,7
643,49386,49391,49389,5
644,49398,49403,49400,5
645,49436,49440,49438,4
646,49449,49454,49451,5
647,49520,49527,49522,7
648,49616,49628,49618,12
649,49677,49687,49680,10
650,49720,49727,49723,7
651,49758,49763,49761,5
652,49805,49811,49808,6
653,50024,50032,50027,8
654,50035,50041,50038,6
655,50150,50158,50153,8
656,50318,50326,50318,8
657,50357,50363,50360,6
658,50443,50450,50446,7
659,50995,51047,50995,52
660,51048,51053,51048,5
661,51102,51117,51102,15
662,51118,51122,51118,4
663,51150,51155,51152,5
664,51171,51179,51173,8
665,51240,51262,51240,22
666,51263,51267,51263,4
667,51277,51283,51279,6
668,51305,51311,51307,6
669,51393,51400,51395,7
670,51442,51450,51442,8
671,51493,51516,51494,23
672,51540,51562,51543,22
673,51576,51590,51576,14
674,51658,51665,51661,7
675,51713,51718,51715,5
676,51770,51773,51770,3
677,51790,51795,51790,5
678,51834,51841,51837,7
679,51906,51913,51909,7
680,51954,51961,51956,7
681,51986,51992,51988,6
682,52062,52067,52064,5
683,52138,52142,52138,4
684,52228,52239,52228,11
685,52243,52247,52245,4
686,52285,52291,52287,6
687,52421,52426,52424,5
688,52438,52447,52441,9
689,52485,52501,52485,16
690,52531,52538,52533,7
691,52552,52557,52555,5
692,52684,52771,52684,87
693,52772,52775,52772,3
694,52844,52851,52847,7
695,52873,52880,52876,7
696,52946,52950,52948,4
697,52959,52965,52962,6
698,53034,53040,53037,6
699,53091,53096,53093,5
700,53153,53159,53156,6
701,53240,53246,53243,6
702,53312,53317,53314,5
703,53399,53405,53402,6
704,53489,53494,53492,5
705,53577,53580,53577,3
706,53656,53661,53658,5
707,53738,53744,53738,6
708,53838,53844,53838,6
709,53895,53899,53895,4
710,53955,53963,53955,8
711,54003,54009,54005,6
712,54063,54070,54066,7
713,54146,54151,54149,5
714,54291,54312,54291,21
715,54313,54319,54313,6
716,54371,54397,54371,26
717,54453,54459,54455,6
718,54463,54466,54464,3
719,54549,54557,54552,8
720,54611,54614,54611,3
721,54663,54667,54665,4
722,54726,54732,54728,6
723,54858,54873,54858,15
724,54915,54918,54915,3
725,54930,54936,54932,6
726,54998,55001,54998,3
727,55077,55084,55077,7
728,55133,55137,55133,4
729,55140,55146,55142,6
730,55300,55351,55300,51
731,55403,55408,55403,5
732,55413,55419,55416,6
733,55722,55727,55722,5
734,55729,55735,55732,6
735,55792,55797,55794,5
736,55862,55866,55863,4
737,55926,55929,55926,3
738,55933,55938,55935,5
739,56025,56029,56025,4
740,56146,56150,56146,4
741,56221,56230,56221,9
742,56309,56317,56309,8
743,56357,56361,56357,4
744,56391,56397,56394,6
745,56505,56511,56507,6
746,56577,56583,56577,6
747,56607,56610,56607,3
748,56615,56621,56617,6
749,56656,56662,56656,6
750,56668,56671,56668,3
751,56931,56946,56931,15
752,56967,56972,56967,5
753,57046,57054,57046,8
754,57155,57160,57155,5
755,57247,57257,57247,10
756,57288,57292,57288,4
757,57499,57504,57499,5
758,57545,57550,57547,5
759,57625,57630,57627,5
760,57660,57667,57662,7
761,57754,57758,57754,4
762,57856,57862,57858,6
763,57904,57908,57904,4
764,57966,57972,57968,6
765,57985,57990,57985,5
766,58079,58088,58081,9
767,58167,58170,58167,3
768,58262,58267,58264,5
769,58338,58343,58339,5
770,58549,58553,58551,4
771,58740,58742,58740,2
772,58844,58851,58846,7
773,59052,59071,59052,19
774,59092,59097,59092,5
775,59150,59154,59150,4
776,59287,59297,59287,10
777,59415,59435,59417,20
778,59664,59676,59664,12
779,59748,59753,59748,5
780,59783,59790,59785,7
781,59905,59913,59906,8
782,59964,59970,59967,6
783,60163,60166,60163,3
784,60261,60266,60263,5
785,60326,60373,60326,47
786,60453,60458,60453,5
787,60494,60501,60494,7
788,60546,60553,60549,7
789,60645,60650,60647,5
790,60655,60661,60658,6
791,60809,60818,60811,9
792,60981,60989,60981,8
793,61093,61099,61095,6
794,61349,61355,61352,6
795,61540,61546,61542,6
796,61652,61658,61652,6
797,61729,61733,61731,4
798,61748,61765,61748,17
799,61915,61918,61915,3
800,62235,62238,62235,3
801,62286,62297,62286,11
802,62298,62302,62298,4
803,62460,62475,62463,15
804,62540,62608,62540,68
805,62609,62613,62609,4
806,62673,62675,62673,2
807,62770,62816,62770,46
808,62817,62819,62817,2
809,62906,62911,62908,5
810,62921,62925,62923,4
811,63038,63044,63040,6
812,63130,63133,63130,3
813,63208,63211,63208,3
814,63284,63288,63286,4
815,63405,63413,63405,8
816,63430,63533,63430,103
817,63592,63640,63592,48
818,63641,63646,63641,5
819,63678,63683,63680,5
820,63768,63771,63768,3
821,64120,64126,64122,6
822,64223,64225,64223,2
823,64293,64309,64293,16
824,64365,64370,64365,5
825,64420,64424,64420,4
826,64489,64515,64489,26
827,64516,64519,64516,3
828,64565,64569,64567,4
829,64675,64678,64675,3
830,64757,64765,64758,8
831,64883,64889,64885,6
832,65038,65217,65038,179
833,65228,65236,65228,8
834,65237,65241,65237,4
835,65333,65355,65333,22
836,65356,65359,65356,3
837,65378,65386,65381,8
838,65442,65447,65444,5
839,65485,65514,65487,29
840,65530,65535,65532,5
841,65563,65569,65566,6
842,65611,65615,65611,4
843,65620,65625,65622,5
844,65678,65707,65679,29
845,65727,65736,65730,9
846,65789,65797,65792,8
847,65845,65852,65845,7
848,65947,65951,65949,4
849,65969,65973,65971,4
850,66040,66047,66043,7
851,66143,66148,66145,5
852,66233,66242,66235,9
853,66334,66337,66334,3
854,66355,66360,66357,5
855,66417,66423,66419,6
856,66452,66459,66454,7
857,66524,66529,66526,5
858,66557,66562,66559,5
859,66615,66621,66617,6
860,66636,66640,66638,4
861,66679,66685,66682,6
862,66698,66703,66701,5
863,66757,66767,66760,10
864,66846,66851,66848,5
865,66885,66890,66888,5
866,66955,66965,66958,10
867,67002,67012,67004,10
868,67060,67070,67063,10
869,67082,67088,67084,6
870,67179,67185,67181,6
871,67236,67243,67236,7
872,67303,67309,67305,6
873,67382,67389,67384,7
874,67462,67468,67465,6
875,67650,67655,67652,5
876,67695,67701,67697,6
877,67723,67730,67725,7
878,67777,67784,67777,7
879,67859,67866,67862,7
880,67947,67952,67949,5
881,67999,68017,68002,18
882,68058,68063,68060,5
883,68112,68119,68114,7
884,68281,68291,68283,10
885,68342,68346,68342,4
886,68431,68433,68431,2
887,68530,68536,68533,6
888,68630,68641,68633,11
889,68725,68731,68727,6
890,68797,68808,68800,11
891,68938,69148,68938,210
892,69181,69200,69184,19
893,69220,69225,69222,5
894,69252,69279,69252,27
895,69296,69300,69296,4
896,69305,69308,69305,3
897,69399,69402,69399,3
898,69409,69453,69409,44
899,69481,69490,69484,9
900,69528,69536,69529,8
901,69564,69568,69564,4
902,69612,69616,69612,4
903,69639,69645,69639,6
904,69730,69732,69730,2
905,69759,69765,69759,6
906,69783,69788,69783,5
907,69883,69890,69885,7
908,69993,69999,69993,6
909,70099,70121,70099,22
910,70122,70126,70122,4
911,70257,70266,70257,9
912,70413,70419,70413,6
913,70428,70433,70431,5
914,70479,70483,70479,4
915,70586,70592,70588,6
916,70676,70681,70678,5
917,70834,70837,70834,3
918,70843,70861,70845,18
919,70862,70865,70862,3
920,70871,70876,70874,5
921,70900,70977,70900,77
922,71008,71011,71008,3
923,71056,71061,71056,5
924,71066,71070,71068,4
925,71102,71106,71104,4
926,71192,71196,71192,4
927,71315,71319,71315,4
928,71418,71436,71418,18
929,71565,71603,71565,38
930,71604,71610,71604,6
931,71681,71686,71683,5
932,71690,71694,71692,4
933,71718,71724,71721,6
934,71774,71781,71774,7
935,71872,71877,71872,5
936,71947,71952,71948,5
937,71964,71968,71967,4
938,72016,72030,72019,14
939,72097,72103,72100,6
940,72157,72163,72159,6
941,72241,72248,72244,7
942,72274,72280,72277,6
943,72324,72332,72327,8
944,72396,72402,72398,6
945,72494,72500,72496,6
946,72530,72536,72533,6
947,72554,72563,72557,9
948,72617,72632,72620,15
949,72673,72677,72675,4
950,72717,72722,72719,5
951,72801,72806,72803,5
952,72918,72932,72920,14
953,72951,72967,72953,16
954,72999,73023,73000,24
955,73063,73071,73065,8
956,73108,73118,73111,10
957,73225,73238,73228,13
958,73365,73370,73367,5
959,73409,73428,73411,19
960,73510,73572,73510,62
961,73573,73578,73573,5
962,73635,73641,73635,6
963,73703,73710,73705,7
964,73997,74006,73999,9
965,74095,74103,74097,8
966,74182,74190,74182,8
967,74339,74382,74339,43
968,74383,74388,74383,5
969,74543,74562,74545,19
970,74607,74611,74607,4
971,74744,74748,74746,4
972,74827,74834,74830,7
973,74930,74945,74933,15
974,74972,74983,74975,11
975,75059,75062,75059,3
976,75086,75093,75089,7
977,75147,75163,75147,16
978,75194,75201,75196,7
979,75281,75316,75281,35
980,75317,75324,75317,7
981,75368,75377,75370,9
982,75404,75455,75404,51
983,75492,75496,75494,4
984,75516,75540,75516,24
985,75569,75606,75569,37
986,75648,75652,75650,4
987,75671,75691,75671,20
988,75708,75773,75708,65
989,75783,75797,75784,14
990,75827,75873,75827,46
991,75874,75877,75874,3
992,75907,75923,75908,16
993,75993,76010,75993,17
994,76027,76101,76027,74
995,76102,76108,76102,6
996,76142,76156,76145,14
997,76214,76288,76215,74
998,76289,76292,76289,3
999,76313,76340,76315,27
1000,76368,76371,76368,3
1001,76442,76450,76444,8
1002,76528,76535,76528,7
1003,76688,76694,76691,6
1004,76702,76708,76704,6
1005,76765,76770,76767,5
1006,76898,76903,76898,5
1007,76961,76966,76961,5
1008,77023,77029,77025,6
1009,77150,77154,77150,4
1010,77184,77204,77185,20
1011,77234,77239,77236,5
1012,77280,77286,77282,6
1013,77298,77310,77301,12
1014,77346,77364,77346,18
1015,77406,77419,77406,13
1016,77454,77504,77454,50
1017,77505,77521,77505,16
1018,77522,77525,77522,3
1019,77536,77543,77539,7
1020,77548,77553,77550,5
1021,77573,77577,77574,4
1022,77613,77619,77615,6
1023,77640,77647,77642,7
1024,77702,77708,77704,6
1025,77751,77757,77753,6
1026,77811,77816,77813,5
1027,77839,77843,77839,4
1028,78014,78021,78016,7
1029,78108,78111,78108,3
1030,78158,78165,78158,7
1031,78192,78195,78192,3
1032,78218,78222,78218,4
1033,78253,78260,78255,7
1034,78308,78312,78308,4
1035,78366,78371,78366,5
1036,78392,78398,78392,6
1037,78536,78542,78538,6
1038,78559,78564,78561,5
1039,78570,78576,78572,6
1040,78680,78685,78682,5
1041,78696,78703,78696,7
1042,78779,78785,78779,6
1043,78818,78822,78818,4
1044,78881,78888,78881,7
1045,78960,78964,78960,4
1046,78974,78978,78974,4
1047,79025,79029,79025,4
1048,79076,79080,79077,4
1049,79157,79164,79159,7
1050,79284,79290,79286,6
1051,79519,79532,79519,13
1052,79842,79848,79844,6
1053,79878,79884,79880,6
1054,80148,80149,80148,1
1055,80170,80246,80170,76
1056,80313,80323,80313,10
1057,80377,80382,80379,5
1058,80438,80443,80438,5
1059,80481,80487,80484,6
1060,80532,80540,80532,8
1061,80581,80596,80581,15
1062,80842,80890,80842,48
1063,80891,80895,80891,4
1064,80937,80941,80937,4
1065,81052,81070,81052,18
1066,81149,81152,81149,3
1067,81231,81245,81231,14
1068,81261,81266,81263,5
1069,81276,81281,81278,5
1070,81358,81366,81361,8
1071,81401,81405,81401,4
1072,81455,81459,81455,4
1073,81580,81586,81582,6
1074,81649,81653,81649,4
1075,81767,81772,81767,5
1076,81927,81933,81927,6
1077,82027,82045,82027,18
1078,82120,82125,82122,5
1079,82157,82163,82160,6
1080,82204,82210,82206,6
1081,82241,82246,82241,5
1082,82254,82258,82254,4
1083,82302,82309,82304,7
1084,82568,82595,82568,27
1085,82618,82625,82621,7
1086,82661,82697,82661,36
1087,82727,82735,82730,8
1088,82816,82824,82818,8
1089,82932,82934,82932,2
1090,82982,82990,82982,8
1091,83151,83158,83154,7
1092,83272,83278,83274,6
1093,83390,83404,83390,14
1094,83515,83520,83516,5
1095,83595,83598,83595,3
1096,83703,83713,83703,10
1097,83814,83819,83814,5
1098,83993,83999,83996,6
1099,84162,84168,84165,6
1100,84234,84301,84234,67
1101,84302,84321,84302,19
1102,84364,84501,84364,137
1103,84502,84505,84502,3
1104,84647,84782,84647,135
1105,84783,84787,84783,4
1106,84860,84865,84860,5
1107,85000,85011,85000,11
1108,85088,85112,85088,24
1109,85136,85139,85136,3
1110,85283,85289,85283,6
1111,85469,85521,85469,52
1112,85522,85524,85522,2
1113,85583,85670,85583,87
1114,85671,85680,85671,9
1115,85695,85706,85697,11
1116,85798,85809,85800,11
1117,85862,85865,85864,3
1118,85927,85929,85928,2
1119,85959,85982,85959,23
1120,86024,86067,86024,43
1121,86068,86079,86068,11
1122,86208,86216,86208,8
1123,86233,86344,86233,111
1124,86345,86347,86345,2
1125,86384,86404,86387,20
