,Start_blink,End_blink,Blink_frame,No_of_frames
0,12,17,14,5
1,130,136,133,6
2,149,153,150,4
3,196,200,197,4
4,240,245,244,5
5,281,287,285,6
6,343,348,345,5
7,383,386,384,3
8,453,456,454,3
9,550,553,551,3
10,629,633,630,4
11,716,720,719,4
12,955,957,956,2
13,1110,1114,1110,4
14,1283,1286,1285,3
15,1430,1434,1433,4
16,1495,1497,1496,2
17,1565,1568,1566,3
18,1674,1698,1675,24
19,1737,1740,1738,3
20,1804,1809,1805,5
21,1818,1823,1821,5
22,1873,1875,1874,2
23,1900,1905,1902,5
24,2187,2189,2188,2
25,2235,2239,2236,4
26,2344,2357,2347,13
27,2438,2441,2439,3
28,2521,2525,2523,4
29,2586,2591,2589,5
30,2689,2693,2690,4
31,2742,2745,2743,3
32,2852,2856,2853,4
33,2918,2922,2919,4
34,3062,3066,3063,4
35,3198,3201,3199,3
36,3303,3309,3305,6
37,3491,3493,3492,2
38,3545,3547,3546,2
39,3602,3604,3603,2
40,3768,3772,3769,4
41,3826,3830,3828,4
42,3858,3862,3860,4
43,4083,4085,4084,2
44,4270,4274,4271,4
45,4288,4292,4289,4
46,4346,4350,4348,4
47,4578,4581,4579,3
48,4674,4678,4676,4
49,4722,4724,4723,2
50,4855,4858,4856,3
51,4948,4952,4950,4
52,5028,5032,5029,4
53,5075,5077,5076,2
54,5139,5144,5140,5
55,5261,5263,5262,2
56,5507,5510,5508,3
57,5639,5660,5641,21
58,5688,5690,5689,2
59,5794,5799,5795,5
60,5836,5846,5837,10
61,5867,5870,5868,3
62,5921,5924,5923,3
63,5940,5943,5941,3
64,5961,5964,5963,3
65,5974,5977,5975,3
66,6055,6058,6056,3
67,6074,6081,6075,7
68,6189,6194,6190,5
69,6243,6248,6244,5
70,6367,6369,6368,2
71,6402,6405,6403,3
72,6416,6418,6417,2
73,6465,6468,6466,3
74,6483,6485,6483,2
75,6516,6520,6518,4
76,6567,6571,6568,4
77,6757,6760,6759,3
78,6862,6865,6863,3
79,6874,6878,6875,4
80,6961,6963,6962,2
81,6981,6984,6982,3
82,7177,7186,7178,9
83,7216,7222,7217,6
84,7235,7241,7237,6
85,7266,7268,7267,2
86,7404,7409,7407,5
87,7510,7515,7511,5
88,7729,7731,7730,2
89,7886,7890,7887,4
90,7982,7986,7984,4
91,8016,8023,8018,7
92,8074,8077,8075,3
93,8084,8090,8088,6
94,8100,8105,8101,5
95,8184,8188,8185,4
96,8223,8233,8224,10
97,8299,8301,8300,2
98,8363,8367,8364,4
99,8376,8378,8377,2
100,8469,8473,8470,4
101,8478,8483,8479,5
102,8565,8571,8568,6
103,8590,8592,8591,2
104,8626,8633,8630,7
105,8657,8661,8658,4
106,8678,8680,8679,2
107,8740,8744,8741,4
108,8799,8804,8801,5
109,8922,8925,8924,3
110,9021,9023,9022,2
111,9051,9055,9053,4
112,9155,9158,9156,3
113,9214,9216,9215,2
114,9273,9277,9275,4
115,9317,9320,9318,3
116,9395,9398,9396,3
117,9473,9476,9474,3
118,9505,9508,9506,3
119,9635,9640,9637,5
120,9665,9670,9667,5
121,9765,9769,9765,4
122,9773,9776,9774,3
123,9862,9865,9863,3
124,9927,9930,9928,3
125,10005,10009,10006,4
126,10159,10163,10160,4
127,10228,10231,10230,3
128,10541,10546,10543,5
129,10556,10557,10556,1
130,10680,10682,10681,2
131,10749,10751,10750,2
132,10813,10816,10814,3
133,10867,10871,10869,4
134,11000,11004,11001,4
135,11034,11037,11035,3
136,11279,11282,11280,3
137,11414,11416,11415,2
138,11425,11428,11426,3
139,11597,11601,11598,4
140,11648,11651,11649,3
141,11794,11803,11797,9
142,11858,11862,11859,4
143,11902,11906,11903,4
144,11941,11945,11942,4
145,11949,11955,11951,6
146,12026,12030,12027,4
147,12041,12043,12042,2
148,12100,12104,12101,4
149,12208,12210,12209,2
150,12251,12258,12252,7
151,12308,12311,12310,3
152,12351,12361,12355,10
153,12380,12382,12381,2
154,12395,12399,12398,4
155,12463,12467,12463,4
156,12536,12538,12536,2
157,12563,12566,12564,3
158,12668,12673,12672,5
159,12702,12713,12704,11
160,12784,12793,12786,9
161,12838,12841,12839,3
162,12886,12888,12887,2
163,12933,12938,12935,5
164,12951,12956,12953,5
165,12966,12975,12967,9
166,12997,13001,12999,4
167,13017,13025,13020,8
168,13098,13103,13102,5
169,13145,13150,13146,5
170,13204,13210,13205,6
171,13344,13347,13345,3
172,13383,13389,13385,6
173,13405,13407,13406,2
174,13462,13471,13463,9
175,13673,13679,13674,6
176,13688,13691,13689,3
177,13709,13713,13710,4
178,13763,13767,13764,4
179,13793,13795,13794,2
180,13805,13808,13806,3
181,13898,13902,13901,4
182,14006,14009,14007,3
183,14098,14100,14099,2
184,14141,14143,14142,2
185,14374,14378,14375,4
186,14492,14495,14493,3
187,14599,14603,14602,4
188,14611,14613,14612,2
189,14628,14632,14629,4
190,14678,14683,14679,5
191,14787,14791,14788,4
192,14929,14932,14931,3
193,14988,14992,14989,4
194,15019,15024,15020,5
195,15145,15148,15146,3
196,15183,15185,15184,2
197,15280,15282,15281,2
198,15369,15373,15370,4
199,15392,15397,15393,5
200,15458,15462,15460,4
201,15509,15513,15510,4
202,15583,15586,15585,3
203,15727,15729,15728,2
204,15824,15827,15825,3
205,16041,16046,16044,5
206,16206,16209,16207,3
207,16222,16225,16223,3
208,16405,16407,16406,2
209,16697,16702,16699,5
210,16815,16818,16817,3
211,16859,16861,16860,2
212,16970,16973,16972,3
213,17101,17104,17102,3
214,17146,17149,17147,3
215,17178,17182,17179,4
216,17292,17295,17293,3
217,17381,17385,17382,4
218,17454,17458,17455,4
219,17470,17473,17471,3
220,17491,17495,17494,4
221,17588,17592,17589,4
222,17606,17611,17609,5
223,17623,17630,17625,7
224,17734,17740,17735,6
225,17880,17883,17881,3
226,18009,18013,18010,4
227,18078,18082,18080,4
228,18180,18186,18181,6
229,18297,18300,18298,3
230,18370,18373,18372,3
231,18429,18433,18430,4
232,18592,18595,18593,3
233,18668,18670,18669,2
234,18824,18826,18825,2
235,18847,18849,18848,2
236,18962,18964,18963,2
237,19131,19156,19131,25
238,19165,19167,19166,2
239,19291,19295,19292,4
240,19313,19318,19315,5
241,19361,19364,19362,3
242,19433,19439,19435,6
243,19445,19449,19446,4
244,19499,19503,19500,4
245,19631,19633,19632,2
246,19671,19677,19674,6
247,19710,19712,19711,2
248,19739,19742,19740,3
249,19806,19809,19807,3
250,19842,19846,19843,4
251,19953,19956,19954,3
252,20126,20129,20127,3
253,20171,20176,20174,5
254,20277,20281,20278,4
255,20350,20353,20352,3
256,20436,20440,20437,4
257,20534,20537,20535,3
258,20593,20598,20596,5
259,20637,20642,20641,5
260,20684,20687,20685,3
261,20788,20791,20790,3
262,20832,20837,20833,5
263,20879,20882,20879,3
264,20898,20903,20899,5
265,20950,20953,20951,3
266,21008,21012,21011,4
267,21078,21082,21079,4
268,21185,21191,21189,6
269,21311,21314,21313,3
270,21360,21362,21361,2
271,21433,21435,21434,2
272,21558,21561,21560,3
273,21612,21615,21613,3
274,21678,21682,21679,4
275,21730,21732,21731,2
276,21832,21835,21832,3
277,21919,21923,21920,4
278,21973,21975,21974,2
279,22005,22009,22007,4
280,22106,22109,22108,3
281,22117,22118,22117,1
282,22257,22262,22258,5
283,22365,22369,22366,4
284,22450,22453,22451,3
285,22528,22533,22530,5
286,22550,22554,22551,4
287,22598,22602,22600,4
288,22667,22672,22668,5
289,22717,22720,22719,3
290,22810,22812,22811,2
291,22872,22876,22874,4
292,22924,22927,22926,3
293,23001,23004,23002,3
294,23082,23085,23083,3
295,23091,23095,23093,4
296,23173,23176,23174,3
297,23235,23238,23236,3
298,23323,23326,23324,3
299,23348,23353,23349,5
300,23401,23406,23403,5
301,23440,23445,23442,5
302,23502,23507,23503,5
303,23529,23532,23530,3
304,23567,23585,23569,18
305,23611,23615,23614,4
306,23625,23629,23627,4
307,23684,23688,23685,4
308,23751,23753,23752,2
309,23774,23776,23775,2
310,23832,23835,23834,3
311,23843,23848,23845,5
312,23884,23889,23885,5
313,23919,23924,23920,5
314,23975,23979,23976,4
315,24060,24063,24062,3
316,24137,24143,24140,6
317,24193,24197,24195,4
318,24207,24212,24209,5
319,24347,24351,24350,4
320,24375,24380,24377,5
321,24385,24391,24388,6
322,24512,24516,24513,4
323,24553,24557,24554,4
324,24619,24623,24620,4
325,24751,24755,24753,4
326,24788,24793,24791,5
327,24866,24870,24867,4
328,24952,24955,24953,3
329,25104,25106,25105,2
330,25170,25173,25171,3
331,25230,25232,25231,2
332,25316,25321,25318,5
333,25346,25350,25347,4
334,25479,25480,25479,1
335,25516,25518,25517,2
336,25584,25586,25585,2
337,25687,25689,25688,2
338,25759,25763,25761,4
339,25826,25828,25827,2
340,25881,25886,25883,5
341,25922,25926,25924,4
342,25980,25982,25981,2
343,26064,26065,26064,1
344,26121,26123,26122,2
345,26166,26170,26169,4
346,26197,26201,26199,4
347,26244,26248,26246,4
348,26309,26313,26311,4
349,26319,26323,26321,4
350,26346,26348,26347,2
351,26396,26400,26397,4
352,26442,26445,26443,3
353,26471,26479,26473,8
354,26511,26516,26513,5
355,26578,26582,26580,4
356,26629,26633,26630,4
357,26671,26674,26672,3
358,26749,26753,26751,4
359,26788,26792,26790,4
360,26814,26816,26815,2
361,26831,26835,26832,4
362,26865,26869,26868,4
363,26933,26937,26934,4
364,27004,27008,27005,4
365,27057,27061,27058,4
366,27096,27099,27097,3
367,27145,27149,27147,4
368,27205,27209,27206,4
369,27261,27264,27263,3
370,27303,27307,27304,4
371,27331,27335,27333,4
372,27379,27387,27380,8
373,27456,27466,27458,10
374,27528,27531,27530,3
375,27574,27578,27575,4
376,27608,27611,27609,3
377,27643,27647,27645,4
378,27707,27709,27708,2
379,27781,27783,27781,2
380,27830,27832,27831,2
381,27879,27883,27881,4
382,28026,28036,28027,10
383,28091,28095,28093,4
384,28143,28146,28144,3
385,28244,28249,28246,5
386,28393,28397,28394,4
387,28493,28495,28494,2
388,28537,28549,28541,12
389,28604,28607,28606,3
390,28696,28700,28698,4
391,28915,28919,28916,4
392,29001,29005,29002,4
393,29114,29118,29115,4
394,29168,29172,29169,4
395,29181,29183,29182,2
396,29233,29237,29235,4
397,29245,29250,29248,5
398,29284,29289,29285,5
399,29344,29347,29345,3
400,29417,29420,29418,3
401,29491,29495,29492,4
402,29575,29579,29576,4
403,29604,29605,29604,1
404,29671,29674,29672,3
405,29682,29686,29684,4
406,29717,29721,29719,4
407,29771,29776,29773,5
408,29897,29899,29898,2
409,29930,29934,29931,4
410,30011,30015,30012,4
411,30027,30029,30028,2
412,30050,30055,30053,5
413,30095,30099,30096,4
414,30132,30137,30134,5
415,30141,30146,30143,5
416,30188,30192,30189,4
417,30240,30245,30243,5
418,30311,30313,30312,2
419,30349,30354,30351,5
420,30369,30375,30371,6
421,30434,30437,30435,3
422,30520,30524,30522,4
423,30557,30560,30558,3
424,30672,30674,30673,2
425,30729,30733,30730,4
426,30768,30771,30769,3
427,30785,30790,30786,5
428,30822,30826,30824,4
429,30871,30873,30872,2
430,31022,31024,31023,2
431,31111,31114,31112,3
432,31147,31151,31149,4
433,31198,31201,31199,3
434,31245,31249,31247,4
435,31286,31290,31287,4
436,31298,31303,31300,5
437,31422,31425,31423,3
438,31442,31445,31443,3
439,31539,31543,31541,4
440,31607,31612,31611,5
441,31626,31630,31628,4
442,31688,31692,31689,4
443,31740,31745,31742,5
444,31814,31817,31816,3
445,31869,31873,31872,4
446,31934,31937,31936,3
447,31976,31980,31978,4
448,31989,31993,31990,4
449,32090,32095,32091,5
450,32151,32156,32153,5
451,32239,32243,32240,4
452,32436,32440,32438,4
453,32467,32470,32468,3
454,32530,32534,32531,4
455,32544,32549,32546,5
456,32556,32561,32558,5
457,32607,32610,32608,3
458,32616,32622,32617,6
459,32722,32724,32723,2
460,32813,32817,32814,4
461,32868,32874,32869,6
462,32893,32895,32894,2
463,32959,32962,32961,3
464,33019,33023,33020,4
465,33117,33121,33119,4
466,33183,33187,33184,4
467,33206,33210,33208,4
468,33297,33301,33300,4
469,33316,33322,33317,6
470,33390,33394,33391,4
471,33463,33467,33466,4
472,33665,33669,33667,4
473,33739,33742,33740,3
474,33937,33941,33940,4
475,33968,33976,33970,8
476,34034,34038,34035,4
477,34100,34104,34102,4
478,34141,34144,34142,3
479,34282,34299,34285,17
480,34336,34359,34338,23
481,34377,34403,34380,26
482,34426,34428,34427,2
483,34444,34458,34445,14
484,34479,34483,34480,4
485,34488,34493,34490,5
486,34572,34575,34574,3
487,34591,34595,34592,4
488,34663,34666,34664,3
489,34681,34684,34682,3
490,34729,34733,34730,4
491,34779,34783,34781,4
492,34883,34885,34884,2
493,34916,34920,34918,4
494,34950,34957,34951,7
495,34977,34981,34978,4
496,35018,35023,35020,5
497,35084,35087,35085,3
498,35434,35440,35436,6
499,35503,35508,35504,5
500,35589,35593,35590,4
501,35630,35633,35631,3
502,35684,35689,35686,5
503,35718,35721,35720,3
504,35838,35841,35840,3
505,35924,35927,35925,3
506,36016,36020,36018,4
507,36060,36062,36061,2
508,36177,36184,36180,7
509,36236,36239,36238,3
510,36302,36305,36303,3
511,36344,36348,36346,4
512,36401,36404,36403,3
513,36488,36491,36489,3
514,36517,36521,36518,4
515,36556,36560,36557,4
516,36650,36654,36651,4
517,36695,36699,36696,4
518,36752,36756,36754,4
519,36822,36824,36823,2
520,36845,36863,36848,18
521,36914,36917,36915,3
522,36933,36938,36936,5
523,36961,36967,36962,6
524,36979,36982,36980,3
525,37050,37056,37052,6
526,37113,37117,37114,4
527,37180,37184,37181,4
528,37222,37226,37223,4
529,37279,37283,37281,4
530,37419,37424,37421,5
531,37483,37486,37484,3
532,37500,37502,37501,2
533,37548,37552,37549,4
534,37614,37620,37615,6
535,37731,37736,37733,5
536,37833,37837,37835,4
537,37915,37921,37916,6
538,37979,37986,37982,7
539,38026,38032,38027,6
540,38130,38133,38131,3
541,38225,38229,38227,4
542,38252,38256,38254,4
543,38293,38296,38295,3
544,38387,38390,38388,3
545,38535,38542,38538,7
546,38584,38589,38588,5
547,38624,38628,38627,4
548,38744,38749,38746,5
549,38845,38851,38847,6
550,38939,38942,38940,3
551,39052,39055,39053,3
552,39125,39129,39127,4
553,39185,39189,39187,4
554,39285,39291,39288,6
555,39369,39374,39370,5
556,39566,39570,39567,4
557,39684,39688,39685,4
558,39784,39789,39786,5
559,39813,39815,39814,2
560,39829,39833,39830,4
561,39850,39854,39852,4
562,39959,39962,39960,3
563,39988,40001,39990,13
564,40062,40066,40063,4
565,40204,40209,40204,5
566,40274,40278,40277,4
567,40343,40346,40344,3
568,40427,40434,40430,7
569,40503,40508,40505,5
570,40734,40738,40735,4
571,40851,40856,40853,5
572,40892,40895,40893,3
573,40971,40976,40972,5
574,41028,41030,41029,2
575,41038,41042,41039,4
576,41138,41142,41141,4
577,41234,41240,41235,6
578,41411,41413,41412,2
579,41521,41523,41522,2
580,41703,41705,41704,2
581,41771,41773,41771,2
582,41805,41806,41805,1
583,41959,41963,41960,4
584,42000,42003,42002,3
585,42042,42045,42043,3
586,42138,42142,42140,4
587,42194,42197,42195,3
588,42278,42282,42280,4
589,42322,42324,42323,2
590,42370,42373,42371,3
591,42378,42382,42380,4
592,42491,42494,42492,3
593,42512,42518,42515,6
594,42596,42600,42597,4
595,42739,42746,42739,7
596,42800,42802,42801,2
597,42860,42864,42862,4
598,42922,42926,42923,4
599,42982,42984,42983,2
600,43084,43088,43086,4
601,43136,43142,43138,6
602,43178,43183,43181,5
603,43189,43193,43191,4
604,43293,43296,43294,3
605,43359,43363,43361,4
606,43485,43489,43486,4
607,43614,43617,43615,3
608,43665,43672,43668,7
609,43724,43727,43725,3
610,43788,43791,43790,3
611,43846,43850,43848,4
612,43928,43931,43930,3
613,44012,44017,44014,5
614,44111,44115,44114,4
615,44203,44205,44204,2
616,44247,44250,44249,3
617,44261,44264,44263,3
618,44343,44346,44344,3
619,44452,44454,44453,2
620,44465,44469,44468,4
621,44582,44587,44584,5
622,44745,44749,44746,4
623,44758,44761,44759,3
624,44773,44776,44774,3
625,44825,44830,44828,5
626,44987,44991,44989,4
627,45017,45019,45017,2
628,45074,45080,45077,6
629,45205,45207,45206,2
630,45279,45283,45281,4
631,45288,45291,45290,3
632,45319,45322,45320,3
633,45409,45413,45410,4
634,45497,45500,45498,3
635,45557,45559,45558,2
636,45623,45627,45624,4
637,45644,45648,45646,4
638,45679,45683,45682,4
639,45856,45860,45857,4
640,45874,45879,45876,5
641,45913,45915,45914,2
642,45988,45991,45990,3
643,46066,46069,46067,3
644,46135,46137,46136,2
645,46169,46173,46171,4
646,46259,46262,46260,3
647,46320,46326,46323,6
648,46394,46397,46395,3
649,46437,46439,46438,2
650,46481,46485,46482,4
651,46532,46536,46534,4
652,46599,46602,46600,3
653,46623,46627,46625,4
654,46636,46640,46637,4
655,46693,46698,46696,5
656,46744,46747,46745,3
657,46784,46787,46786,3
658,46820,46825,46822,5
659,46843,46847,46845,4
660,46929,46936,46930,7
661,46977,46978,46977,1
662,47132,47136,47133,4
663,47192,47196,47193,4
664,47250,47252,47251,2
665,47332,47335,47333,3
666,47380,47385,47383,5
667,47389,47394,47392,5
668,47461,47464,47462,3
669,47471,47475,47473,4
670,47544,47548,47546,4
671,47665,47669,47667,4
672,47854,47858,47855,4
673,47968,47972,47971,4
674,47977,47981,47980,4
675,48172,48177,48174,5
676,48255,48259,48257,4
677,48307,48313,48309,6
678,48344,48349,48346,5
679,48391,48392,48391,1
680,48505,48509,48507,4
681,48531,48535,48533,4
682,48578,48582,48580,4
683,48611,48616,48614,5
684,48722,48725,48723,3
685,48731,48735,48733,4
686,48766,48770,48768,4
687,48779,48784,48781,5
688,48815,48820,48818,5
689,48830,48835,48831,5
690,48869,48873,48871,4
691,48946,48951,48948,5
692,49065,49069,49068,4
693,49110,49113,49111,3
694,49225,49228,49225,3
695,49253,49254,49253,1
696,49265,49270,49267,5
697,49301,49306,49303,5
698,49345,49352,49346,7
699,49385,49390,49388,5
700,49398,49401,49399,3
701,49434,49439,49437,5
702,49448,49453,49449,5
703,49518,49523,49520,5
704,49615,49619,49616,4
705,49677,49682,49678,5
706,49719,49726,49720,7
707,49756,49762,49759,6
708,49805,49809,49806,4
709,50035,50040,50036,5
710,50150,50155,50151,5
711,50314,50318,50316,4
712,50355,50361,50358,6
713,50442,50448,50444,6
714,51025,51027,51026,2
715,51046,51049,51047,3
716,51097,51100,51098,3
717,51115,51119,51116,4
718,51149,51153,51150,4
719,51169,51176,51172,7
720,51261,51264,51262,3
721,51276,51280,51278,4
722,51298,51311,51302,13
723,51325,51356,51326,31
724,51392,51396,51394,4
725,51438,51442,51440,4
726,51491,51493,51492,2
727,51538,51557,51539,19
728,51572,51587,51575,15
729,51658,51662,51659,4
730,51767,51770,51768,3
731,51787,51791,51788,4
732,51834,51838,51835,4
733,51898,51901,51899,3
734,51905,51911,51908,6
735,51953,51957,51955,4
736,51985,51989,51986,4
737,52061,52065,52063,4
738,52134,52139,52137,5
739,52225,52228,52227,3
740,52241,52246,52244,5
741,52283,52288,52286,5
742,52418,52426,52420,8
743,52438,52443,52440,5
744,52480,52488,52482,8
745,52531,52534,52532,3
746,52552,52557,52553,5
747,52634,52637,52636,3
748,52769,52774,52770,5
749,52806,52811,52808,5
750,52843,52848,52845,5
751,52872,52877,52874,5
752,52945,52949,52946,4
753,52958,52964,52960,6
754,53027,53030,53028,3
755,53090,53094,53091,4
756,53153,53157,53154,4
757,53239,53244,53240,5
758,53310,53315,53313,5
759,53399,53403,53400,4
760,53488,53493,53489,5
761,53573,53577,53575,4
762,53654,53659,53657,5
763,53735,53738,53736,3
764,53835,53838,53837,3
765,53892,53895,53894,3
766,53952,53955,53954,3
767,54002,54006,54003,4
768,54063,54070,54064,7
769,54145,54150,54146,5
770,54287,54291,54290,4
771,54303,54319,54305,16
772,54367,54370,54368,3
773,54460,54463,54461,3
774,54547,54553,54551,6
775,54606,54611,54609,5
776,54661,54666,54662,5
777,54725,54730,54726,5
778,54855,54858,54856,3
779,54911,54915,54913,4
780,54929,54933,54930,4
781,54995,54998,54997,3
782,55074,55077,55076,3
783,55130,55134,55132,4
784,55140,55143,55141,3
785,55297,55301,55298,4
786,55308,55313,55310,5
787,55412,55417,55414,5
788,55718,55722,55719,4
789,55728,55733,55731,5
790,55782,55786,55783,4
791,55791,55795,55793,4
792,55862,55864,55863,2
793,55922,55926,55923,4
794,55934,55936,55935,2
795,56022,56025,56023,3
796,56143,56146,56145,3
797,56217,56222,56219,5
798,56305,56309,56307,4
799,56354,56357,56356,3
800,56390,56395,56391,5
801,56505,56508,56507,3
802,56575,56577,56576,2
803,56604,56607,56605,3
804,56614,56618,56617,4
805,56652,56656,56653,4
806,56664,56668,56667,4
807,56928,56931,56929,3
808,56964,56967,56966,3
809,57043,57046,57044,3
810,57151,57155,57153,4
811,57244,57248,57245,4
812,57285,57287,57286,2
813,57368,57370,57369,2
814,57497,57499,57498,2
815,57544,57548,57545,4
816,57625,57628,57626,3
817,57659,57663,57661,4
818,57752,57754,57753,2
819,57855,57859,57856,4
820,57901,57904,57902,3
821,57966,57969,57967,3
822,57982,57985,57984,3
823,58079,58082,58080,3
824,58171,58175,58172,4
825,58262,58266,58263,4
826,58337,58340,58339,3
827,58368,58370,58369,2
828,58548,58552,58550,4
829,58560,58562,58561,2
830,58746,58748,58747,2
831,58843,58847,58845,4
832,59050,59053,59051,3
833,59089,59092,59090,3
834,59148,59150,59149,2
835,59182,59186,59184,4
836,59284,59286,59285,2
837,59415,59418,59416,3
838,59426,59429,59427,3
839,59659,59663,59660,4
840,59746,59749,59747,3
841,59781,59787,59785,6
842,59905,59907,59906,2
843,59963,59968,59965,5
844,60159,60163,60162,4
845,60259,60264,60260,5
846,60320,60324,60323,4
847,60450,60453,60451,3
848,60491,60495,60493,4
849,60546,60550,60547,4
850,60644,60648,60645,4
851,60654,60659,60658,5
852,60809,60812,60810,3
853,60978,60981,60979,3
854,61083,61086,61084,3
855,61093,61096,61094,3
856,61349,61353,61350,4
857,61390,61391,61390,1
858,61429,61431,61429,2
859,61539,61543,61541,4
860,61648,61652,61649,4
861,61728,61732,61730,4
862,61743,61746,61744,3
863,61912,61915,61913,3
864,62231,62233,62232,2
865,62295,62299,62296,4
866,62458,62464,62460,6
867,62606,62610,62607,4
868,62669,62673,62670,4
869,62814,62817,62815,3
870,62905,62909,62907,4
871,62920,62924,62922,4
872,63038,63041,63039,3
873,63127,63130,63129,3
874,63143,63145,63143,2
875,63204,63208,63206,4
876,63283,63287,63284,4
877,63347,63349,63348,2
878,63360,63361,63360,1
879,63372,63375,63374,3
880,63425,63428,63426,3
881,63589,63591,63589,2
882,63637,63642,63640,5
883,63676,63681,63680,5
884,63765,63768,63766,3
885,64118,64123,64121,5
886,64220,64223,64221,3
887,64289,64294,64290,5
888,64300,64304,64302,4
889,64362,64365,64363,3
890,64416,64420,64417,4
891,64485,64488,64486,3
892,64512,64517,64515,5
893,64564,64568,64566,4
894,64671,64675,64672,4
895,64757,64759,64758,2
896,64882,64886,64883,4
897,65064,65067,65065,3
898,65163,65166,65164,3
899,65226,65231,65226,5
900,65235,65238,65237,3
901,65351,65358,65355,7
902,65377,65384,65379,7
903,65441,65445,65442,4
904,65482,65485,65483,3
905,65525,65535,65529,10
906,65562,65567,65563,5
907,65607,65610,65608,3
908,65619,65623,65621,4
909,65723,65735,65726,12
910,65788,65793,65789,5
911,65840,65845,65842,5
912,65938,65947,65939,9
913,65948,65950,65948,2
914,65968,65973,65969,5
915,66039,66046,66040,7
916,66107,66112,66108,5
917,66142,66146,66143,4
918,66233,66236,66234,3
919,66330,66333,66331,3
920,66354,66358,66356,4
921,66416,66420,66417,4
922,66452,66455,66453,3
923,66523,66527,66524,4
924,66556,66560,66558,4
925,66614,66618,66615,4
926,66635,66639,66636,4
927,66697,66702,66699,5
928,66757,66762,66758,5
929,66845,66850,66846,5
930,66882,66890,66886,8
931,66953,66960,66955,7
932,67002,67008,67003,6
933,67059,67067,67061,8
934,67079,67088,67081,9
935,67095,67099,67096,4
936,67179,67182,67181,3
937,67232,67236,67233,4
938,67302,67306,67305,4
939,67380,67385,67383,5
940,67461,67466,67464,5
941,67607,67610,67608,3
942,67649,67653,67650,4
943,67695,67698,67697,3
944,67722,67726,67725,4
945,67773,67777,67775,4
946,67858,67863,67861,5
947,67946,67950,67948,4
948,67997,68003,67999,6
949,68057,68061,68059,4
950,68106,68117,68107,11
951,68281,68284,68282,3
952,68338,68342,68341,4
953,68427,68431,68429,4
954,68529,68534,68531,5
955,68628,68635,68632,7
956,68723,68729,68726,6
957,68796,68802,68798,6
958,68982,68985,68983,3
959,69175,69199,69178,24
960,69218,69223,69220,5
961,69293,69295,69294,2
962,69303,69306,69303,3
963,69396,69399,69397,3
964,69407,69410,69408,3
965,69475,69489,69478,14
966,69525,69530,69526,5
967,69560,69563,69562,3
968,69608,69611,69609,3
969,69636,69639,69637,3
970,69726,69730,69727,4
971,69754,69760,69758,6
972,69780,69783,69782,3
973,69882,69886,69884,4
974,70097,70099,70098,2
975,70119,70122,70121,3
976,70254,70256,70255,2
977,70325,70328,70326,3
978,70409,70412,70410,3
979,70428,70432,70429,4
980,70474,70478,70477,4
981,70585,70589,70587,4
982,70674,70680,70675,6
983,70790,70793,70791,3
984,70831,70834,70832,3
985,70842,70846,70843,4
986,70859,70864,70860,5
987,70870,70875,70872,5
988,70973,70975,70974,2
989,71004,71007,71005,3
990,71052,71056,71053,4
991,71064,71070,71067,6
992,71100,71105,71102,5
993,71189,71192,71190,3
994,71311,71313,71312,2
995,71411,71413,71412,2
996,71457,71459,71457,2
997,71602,71604,71603,2
998,71691,71693,71692,2
999,71715,71724,71716,9
1000,71773,71774,71773,1
1001,71870,71872,71871,2
1002,71944,71947,71946,3
1003,71964,71968,71965,4
1004,72014,72021,72017,7
1005,72087,72090,72088,3
1006,72097,72101,72099,4
1007,72156,72162,72158,6
1008,72240,72246,72242,6
1009,72272,72278,72274,6
1010,72323,72329,72325,6
1011,72397,72399,72398,2
1012,72491,72500,72494,9
1013,72529,72536,72531,7
1014,72553,72558,72556,5
1015,72614,72629,72617,15
1016,72672,72676,72674,4
1017,72716,72720,72718,4
1018,72736,72740,72738,4
1019,72799,72804,72802,5
1020,72918,72921,72919,3
1021,72950,72954,72951,4
1022,72959,72963,72961,4
1023,72999,73001,73000,2
1024,73107,73113,73109,6
1025,73164,73168,73165,4
1026,73224,73232,73225,8
1027,73364,73370,73366,6
1028,73414,73422,73417,8
1029,73569,73576,73572,7
1030,73632,73635,73633,3
1031,73702,73706,73704,4
1032,73997,74000,73998,3
1033,74093,74100,74094,7
1034,74178,74183,74179,5
1035,74380,74384,74381,4
1036,74543,74546,74544,3
1037,74550,74555,74553,5
1038,74742,74747,74745,5
1039,74826,74831,74828,5
1040,74927,74939,74930,12
1041,74968,74983,74969,15
1042,75055,75058,75056,3
1043,75086,75090,75088,4
1044,75145,75147,75146,2
1045,75193,75197,75195,4
1046,75202,75206,75204,4
1047,75313,75318,75315,5
1048,75360,75362,75361,2
1049,75368,75371,75370,3
1050,75399,75403,75402,4
1051,75491,75495,75494,4
1052,75510,75512,75511,2
1053,75564,75568,75565,4
1054,75609,75611,75609,2
1055,75647,75651,75650,4
1056,75668,75671,75669,3
1057,75707,75712,75707,5
1058,75780,75782,75781,2
1059,75819,75822,75820,3
1060,75872,75877,75873,5
1061,75903,75907,75904,4
1062,76058,76059,76058,1
1063,76070,76073,76071,3
1064,76098,76108,76099,10
1065,76141,76147,76144,6
1066,76213,76216,76215,3
1067,76285,76290,76288,5
1068,76312,76319,76314,7
1069,76326,76331,76328,5
1070,76364,76368,76365,4
1071,76440,76445,76443,5
1072,76524,76528,76526,4
1073,76688,76692,76689,4
1074,76701,76705,76702,4
1075,76763,76768,76766,5
1076,76895,76898,76896,3
1077,76957,76961,76959,4
1078,77021,77026,77024,5
1079,77145,77150,77147,5
1080,77182,77184,77183,2
1081,77232,77237,77234,5
1082,77281,77283,77282,2
1083,77295,77304,77297,9
1084,77501,77503,77502,2
1085,77518,77523,77520,5
1086,77535,77540,77537,5
1087,77546,77551,77548,5
1088,77571,77573,77572,2
1089,77611,77616,77613,5
1090,77639,77643,77641,4
1091,77701,77705,77703,4
1092,77749,77754,77753,5
1093,77809,77814,77810,5
1094,77819,77823,77820,4
1095,77835,77839,77837,4
1096,78012,78017,78014,5
1097,78105,78108,78106,3
1098,78158,78160,78158,2
1099,78188,78191,78189,3
1100,78215,78219,78217,4
1101,78252,78256,78253,4
1102,78316,78317,78316,1
1103,78363,78366,78364,3
1104,78388,78392,78390,4
1105,78535,78539,78537,4
1106,78558,78562,78559,4
1107,78569,78573,78571,4
1108,78679,78683,78682,4
1109,78696,78698,78696,2
1110,78777,78780,78778,3
1111,78816,78819,78817,3
1112,78880,78882,78880,2
1113,78956,78960,78957,4
1114,78970,78975,78972,5
1115,79023,79025,79024,2
1116,79076,79078,79077,2
1117,79156,79160,79157,4
1118,79254,79256,79255,2
1119,79283,79287,79286,4
1120,79515,79519,79517,4
1121,79842,79845,79843,3
1122,79877,79881,79879,4
1123,80150,80152,80150,2
1124,80312,80314,80312,2
1125,80378,80380,80379,2
1126,80436,80438,80437,2
1127,80480,80485,80483,5
1128,80491,80493,80492,2
1129,80531,80532,80531,1
1130,80577,80579,80578,2
1131,80887,80890,80888,3
1132,80936,80938,80936,2
1133,81058,81061,81059,3
1134,81146,81149,81147,3
1135,81259,81264,81260,5
1136,81274,81279,81275,5
1137,81357,81362,81358,5
1138,81368,81372,81370,4
1139,81400,81402,81400,2
1140,81451,81454,81453,3
1141,81579,81583,81581,4
1142,81646,81649,81647,3
1143,81764,81767,81765,3
1144,81903,81905,81904,2
1145,81923,81928,81924,5
1146,82032,82035,82033,3
1147,82119,82124,82121,5
1148,82157,82161,82158,4
1149,82203,82207,82205,4
1150,82238,82241,82239,3
1151,82250,82254,82252,4
1152,82300,82305,82302,5
1153,82480,82482,82481,2
1154,82559,82562,82560,3
1155,82618,82622,82619,4
1156,82657,82661,82659,4
1157,82726,82731,82727,5
1158,82815,82819,82816,4
1159,82930,82932,82931,2
1160,82980,82983,82981,3
1161,83043,83045,83044,2
1162,83150,83155,83152,5
1163,83165,83169,83167,4
1164,83270,83275,83273,5
1165,83387,83389,83388,2
1166,83515,83517,83516,2
1167,83591,83595,83594,4
1168,83700,83703,83701,3
1169,83873,83876,83874,3
1170,83991,83997,83993,6
1171,84161,84166,84162,5
1172,84215,84227,84216,12
1173,84301,84304,84302,3
1174,84360,84364,84362,4
1175,84497,84503,84499,6
1176,84534,84539,84535,5
1177,84618,84620,84619,2
1178,84641,84645,84642,4
1179,84694,84696,84695,2
1180,84780,84784,84781,4
1181,84789,84793,84792,4
1182,84857,84860,84858,3
1183,84997,84999,84998,2
1184,85084,85087,85085,3
1185,85132,85136,85134,4
1186,85281,85283,85282,2
1187,85446,85448,85447,2
1188,85521,85523,85521,2
1189,85665,85676,85669,11
1190,85789,85796,85791,7
1191,85860,85865,85861,5
1192,85927,85929,85928,2
1193,85958,85960,85958,2
1194,86065,86069,86066,4
1195,86206,86208,86207,2
1196,86233,86234,86233,1
1197,86341,86347,86344,6
1198,86384,86391,86386,7
