,Start_blink,End_blink,Blink_frame,No_of_frames
0,33,38,33,5
1,109,113,109,4
2,147,152,149,5
3,192,211,192,19
4,250,255,252,5
5,310,313,310,3
6,466,481,468,15
7,518,530,521,12
8,577,580,577,3
9,612,615,612,3
10,647,651,647,4
11,685,698,685,13
12,839,842,839,3
13,969,973,969,4
14,979,981,979,2
15,1020,1024,1020,4
16,1051,1055,1051,4
17,1135,1144,1135,9
18,1213,1233,1213,20
19,1237,1247,1237,10
20,1300,1304,1300,4
21,1450,1456,1450,6
22,1529,1535,1529,6
23,1725,1742,1727,17
24,1813,1818,1815,5
25,1862,1869,1864,7
26,1891,1894,1891,3
27,2000,2004,2000,4
28,2052,2058,2052,6
29,2121,2133,2121,12
30,2287,2301,2287,14
31,2379,2384,2379,5
32,2438,2441,2438,3
33,2465,2468,2465,3
34,2494,2497,2494,3
35,2563,2567,2563,4
36,2627,2633,2627,6
37,2684,2688,2684,4
38,2766,2772,2766,6
39,2821,2828,2821,7
40,2871,2878,2871,7
41,2927,2937,2929,10
42,3179,3184,3180,5
43,3239,3244,3239,5
44,3367,3372,3367,5
45,3816,3823,3816,7
46,4341,4350,4341,9
47,4368,4375,4368,7
48,4468,4472,4468,4
49,4527,4533,4527,6
50,4609,4617,4611,8
51,4634,4637,4634,3
52,4642,4647,4644,5
53,4678,4682,4679,4
54,4786,4790,4786,4
55,4854,4859,4854,5
56,4876,4879,4876,3
57,5097,5105,5099,8
58,5212,5217,5214,5
59,5316,5322,5317,6
60,5420,5424,5421,4
61,5454,5468,5454,14
62,5495,5502,5498,7
63,5581,5589,5581,8
64,5603,5609,5605,6
65,5783,5938,5783,155
66,5939,5943,5939,4
67,5954,5959,5956,5
68,6030,6035,6030,5
69,6222,6240,6225,18
70,6294,6300,6296,6
71,6355,6368,6355,13
72,6413,6418,6413,5
73,6499,6511,6499,12
74,6578,6585,6580,7
75,6706,6730,6706,24
76,6775,6786,6777,11
77,6838,6840,6838,2
78,6876,6879,6876,3
79,6884,6891,6887,7
80,7002,7006,7002,4
81,7041,7046,7043,5
82,7070,7079,7070,9
83,7112,7118,7115,6
84,7155,7160,7155,5
85,7214,7220,7214,6
86,7288,7305,7291,17
87,7356,7362,7357,6
88,7457,7473,7460,16
89,7531,7540,7532,9
90,7625,7629,7625,4
91,7789,7797,7792,8
92,7919,7923,7919,4
93,7990,8046,7990,56
94,8047,8050,8047,3
95,8084,8088,8084,4
96,8136,8140,8136,4
97,8192,8196,8192,4
98,8280,8284,8280,4
99,8333,8337,8333,4
100,8358,8362,8358,4
101,8439,8447,8441,8
102,8546,8550,8546,4
103,8615,8620,8616,5
104,8643,8648,8643,5
105,8731,8741,8731,10
106,9028,9031,9028,3
107,9191,9201,9191,10
108,9372,9376,9372,4
109,9520,9529,9522,9
110,9600,9606,9602,6
111,9705,9707,9705,2
112,9783,9787,9783,4
113,9826,9831,9826,5
114,9955,9960,9957,5
115,10040,10045,10042,5
116,10200,10204,10200,4
117,10253,10261,10253,8
118,10279,10291,10279,12
119,10312,10317,10314,5
120,10502,10507,10502,5
121,10549,10552,10549,3
122,10580,10583,10580,3
123,10680,10683,10680,3
124,10851,10856,10853,5
125,10931,10956,10931,25
126,10971,10978,10971,7
127,11049,11057,11052,8
128,11061,11066,11064,5
129,11098,11103,11100,5
130,11144,11152,11146,8
131,11210,11215,11210,5
132,11238,11246,11241,8
133,11305,11314,11305,9
134,11390,11401,11393,11
135,11476,11481,11478,5
136,11561,11570,11564,9
137,11608,11618,11611,10
138,11653,11657,11653,4
139,11709,11723,11712,14
140,11808,11814,11811,6
141,11887,12125,11887,238
142,12126,12130,12126,4
143,12214,12222,12214,8
144,12259,12262,12259,3
145,12344,12347,12344,3
146,12440,12442,12440,2
147,12452,12456,12452,4
148,12686,12692,12689,6
149,12934,12942,12937,8
150,13150,13154,13153,4
151,13301,13309,13304,8
152,13574,13579,13576,5
153,13607,13616,13610,9
154,13872,13874,13872,2
155,14233,14244,14233,11
156,14299,14303,14299,4
157,14336,14343,14338,7
158,14359,14369,14362,10
159,14670,14674,14670,4
160,14747,14751,14748,4
161,14945,14978,14945,33
162,15048,15062,15051,14
163,15122,15127,15124,5
164,15160,15178,15162,18
165,15277,15283,15279,6
166,15429,15434,15429,5
167,15485,15551,15485,66
168,15552,15554,15552,2
169,15603,15683,15603,80
170,15684,15705,15684,21
171,15706,15711,15706,5
172,15807,15814,15810,7
173,15826,15833,15828,7
174,15901,15905,15902,4
175,15932,15938,15932,6
176,16062,16065,16062,3
177,16145,16147,16145,2
178,16187,16193,16189,6
179,16219,16227,16222,8
180,16414,16418,16414,4
181,16426,16439,16429,13
182,16465,16472,16468,7
183,16800,16805,16803,5
184,16871,16876,16873,5
185,16972,16980,16972,8
186,17150,17157,17150,7
187,17283,17288,17283,5
188,17360,17364,17360,4
189,17711,17717,17711,6
190,17848,17850,17848,2
191,17956,17962,17956,6
192,17991,17997,17993,6
193,18066,18115,18066,49
194,18116,18120,18116,4
195,18156,18163,18158,7
196,18218,18225,18218,7
197,18481,18486,18481,5
198,18573,18590,18575,17
199,18785,18797,18785,12
200,18889,18898,18889,9
201,18997,19021,18997,24
202,19117,19123,19119,6
203,19239,19243,19239,4
204,19357,19360,19357,3
205,19368,19371,19368,3
206,19526,19529,19526,3
207,19638,19643,19638,5
208,19707,19712,19707,5
209,19760,19774,19760,14
210,19777,19785,19780,8
211,19886,19888,19886,2
212,19952,19958,19954,6
213,20013,20017,20013,4
214,20063,20068,20065,5
215,20074,20078,20076,4
216,20150,20156,20150,6
217,20185,20190,20188,5
218,20246,20252,20248,6
219,20328,20337,20328,9
220,20338,20363,20338,25
221,20364,20367,20364,3
222,20413,20419,20416,6
223,20585,20591,20587,6
224,20617,20659,20619,42
225,20694,20705,20696,11
226,20722,20727,20722,5
227,20802,20808,20805,6
228,20962,20971,20964,9
229,21075,21093,21077,18
230,21139,21148,21141,9
231,21151,21158,21154,7
232,21161,21169,21164,8
233,21233,21237,21233,4
234,21282,21286,21284,4
235,21372,21378,21374,6
236,21483,21495,21483,12
237,21601,21605,21601,4
238,21675,21683,21677,8
239,21797,21803,21797,6
240,21860,21868,21860,8
241,22188,22192,22188,4
242,22435,22440,22435,5
243,22531,22538,22533,7
244,22575,22582,22578,7
245,22927,22932,22929,5
246,23020,23024,23020,4
247,23069,23074,23072,5
248,23148,23151,23148,3
249,23166,23170,23166,4
250,23243,23247,23243,4
251,23318,23321,23318,3
252,23705,23709,23705,4
253,23760,23765,23760,5
254,23777,23784,23779,7
255,23892,23907,23892,15
256,24004,24013,24004,9
257,24120,24127,24122,7
258,24184,24189,24186,5
259,24239,24244,24241,5
260,24462,24466,24462,4
261,24735,24743,24738,8
262,24832,24840,24832,8
263,24869,24875,24872,6
264,24954,24959,24957,5
265,24979,24986,24982,7
266,25066,25073,25066,7
267,25090,25096,25092,6
268,25144,25162,25147,18
269,25256,25264,25258,8
270,25442,25450,25445,8
271,25523,25532,25525,9
272,25578,25582,25580,4
273,25590,25595,25592,5
274,25755,25760,25757,5
275,25927,25934,25929,7
276,26015,26020,26015,5
277,26152,26158,26154,6
278,26262,26271,26265,9
279,26281,26285,26283,4
280,26293,26300,26296,7
281,26522,26527,26524,5
282,26619,26623,26621,4
283,26696,26703,26699,7
284,26774,26794,26774,20
285,26911,26914,26911,3
286,26978,26982,26978,4
287,27051,27054,27051,3
288,27583,27589,27583,6
289,27610,27614,27610,4
290,27673,27680,27673,7
291,27765,27770,27767,5
292,27871,27935,27871,64
293,27942,27945,27942,3
294,28037,28039,28037,2
295,28071,28074,28071,3
296,28119,28125,28121,6
297,28137,28142,28139,5
298,28188,28194,28190,6
299,28286,28446,28286,160
300,28447,28451,28447,4
301,28513,28515,28513,2
302,28522,28527,28524,5
303,28556,28561,28558,5
304,28622,28626,28622,4
305,28673,28679,28676,6
306,28792,28796,28792,4
307,28893,28897,28893,4
308,28904,28907,28904,3
309,29068,29071,29068,3
310,29139,29144,29141,5
311,29187,29190,29187,3
312,29214,29222,29214,8
313,29223,29226,29223,3
314,29316,29321,29318,5
315,29347,29363,29347,16
316,29596,29599,29597,3
317,29609,29614,29612,5
318,29663,29670,29663,7
319,29949,29964,29949,15
320,30089,30102,30089,13
321,30182,30191,30182,9
322,30341,30344,30341,3
323,30380,30386,30383,6
324,30409,30416,30411,7
325,30445,30451,30448,6
326,30493,30499,30495,6
327,30740,30746,30742,6
328,31204,31209,31206,5
329,31316,31321,31316,5
330,31604,31669,31604,65
331,31706,31723,31706,17
332,31724,31735,31724,11
333,31803,31806,31803,3
334,31846,31850,31846,4
335,31944,31948,31944,4
336,32156,32161,32156,5
337,32320,32338,32320,18
338,32381,32454,32381,73
339,32455,32469,32455,14
340,32470,32477,32470,7
341,32513,32518,32515,5
342,32579,32586,32579,7
343,32617,32622,32620,5
344,32633,32638,32635,5
345,32708,32714,32711,6
346,32870,32872,32871,2
347,32889,32901,32889,12
348,32983,32988,32983,5
349,33159,33162,33159,3
350,33310,33343,33310,33
351,33374,33408,33374,34
352,33566,33570,33566,4
353,33714,33719,33716,5
354,33756,33761,33757,5
355,33842,33846,33842,4
356,33996,34001,33996,5
357,34034,34040,34034,6
358,34096,34100,34096,4
359,34172,34179,34172,7
360,34347,34350,34347,3
361,34427,34434,34427,7
362,34478,34483,34480,5
363,34555,34559,34555,4
364,34623,34629,34626,6
365,34645,34651,34648,6
366,34717,34722,34719,5
367,34775,34780,34777,5
368,34840,34842,34840,2
369,34915,34921,34917,6
370,35090,35091,35090,1
371,35222,35228,35222,6
372,35250,35256,35252,6
373,35332,35336,35332,4
374,35553,35559,35555,6
375,35723,35729,35725,6
376,35824,35830,35826,6
377,35897,35899,35898,2
378,35925,36008,35926,83
379,36038,36046,36038,8
380,36234,36236,36234,2
381,36399,36406,36401,7
382,36561,36573,36561,12
383,36630,36651,36630,21
384,36823,36826,36823,3
385,36869,36878,36869,9
386,36893,36896,36893,3
387,36956,36962,36958,6
388,36989,36994,36992,5
389,37054,37057,37054,3
390,37092,37096,37092,4
391,37351,37356,37351,5
392,37365,37368,37365,3
393,37437,37456,37437,19
394,37559,37562,37559,3
395,37696,37700,37696,4
396,37797,37803,37799,6
397,37856,37862,37856,6
398,38040,38044,38040,4
399,38145,38150,38145,5
400,38189,38194,38189,5
401,38201,38207,38203,6
402,38291,38295,38291,4
403,38322,38325,38322,3
404,38340,38350,38340,10
405,38385,38389,38385,4
406,38446,38451,38446,5
407,38503,38508,38503,5
408,38672,38677,38672,5
409,38756,38761,38756,5
410,38797,38801,38797,4
411,38834,38838,38834,4
412,38902,38908,38904,6
413,39117,39123,39119,6
414,39304,39320,39304,16
415,39474,39604,39474,130
416,39605,39609,39605,4
417,39616,39619,39616,3
418,39662,39665,39662,3
419,39781,39786,39783,5
420,39797,39804,39799,7
421,39835,39839,39835,4
422,39881,39885,39881,4
423,39958,39965,39960,7
424,40006,40011,40006,5
425,40172,40177,40172,5
426,40181,40191,40183,10
427,40316,40320,40316,4
428,40356,40367,40356,11
429,40368,40373,40368,5
430,40443,40452,40446,9
431,40499,40502,40499,3
432,40530,40539,40532,9
433,40566,40569,40566,3
434,40614,40623,40614,9
435,40820,40850,40820,30
436,40930,40942,40930,12
437,41008,41012,41008,4
438,41100,41106,41102,6
439,41170,41174,41170,4
440,41181,41186,41181,5
441,41221,41227,41223,6
442,41284,41289,41284,5
443,41356,41361,41356,5
444,41719,42298,41719,579
445,42299,42303,42299,4
446,42558,42586,42558,28
447,42587,42594,42587,7
448,42657,42660,42657,3
449,42924,42934,42926,10
450,42972,42989,42972,17
451,43038,43041,43038,3
452,43090,43096,43090,6
453,43147,43183,43147,36
454,43300,43306,43302,6
455,43431,43438,43431,7
456,43715,43718,43715,3
457,43727,43730,43727,3
458,43804,43833,43804,29
459,43834,43837,43834,3
460,43899,43903,43899,4
461,43974,43977,43974,3
462,44042,44049,44045,7
463,44089,44111,44089,22
464,44120,44125,44120,5
465,44131,44135,44131,4
466,44190,44193,44190,3
467,44284,44288,44284,4
468,44334,44340,44334,6
469,44364,44367,44364,3
470,44704,44708,44704,4
471,44829,44841,44832,12
472,44883,44891,44886,8
473,44948,44953,44948,5
474,45027,45031,45027,4
475,45056,45061,45059,5
476,45083,45092,45083,9
477,45143,45151,45143,8
478,45192,45199,45194,7
479,45204,45210,45207,6
480,45346,45392,45346,46
481,45411,45495,45411,84
482,45512,45568,45512,56
483,45569,45572,45569,3
484,45689,45695,45689,6
485,45935,45955,45935,20
486,45995,46002,45995,7
487,46027,46046,46027,19
488,46081,46083,46081,2
489,46106,46286,46106,180
490,46287,46292,46287,5
491,46351,46356,46351,5
492,46457,46463,46458,6
493,46572,46578,46572,6
494,46599,46611,46599,12
495,46660,46670,46660,10
496,46701,46704,46701,3
497,46762,46767,46762,5
498,46798,46802,46798,4
499,46841,46848,46841,7
500,46899,46903,46899,4
501,46948,46951,46948,3
502,46983,46999,46983,16
503,47057,47062,47059,5
504,47111,47116,47111,5
505,47166,47171,47168,5
506,47232,47241,47232,9
507,47428,47434,47428,6
508,47507,47512,47507,5
509,47571,47576,47571,5
510,47641,47647,47641,6
511,47774,47783,47774,9
512,47854,47856,47854,2
513,47878,47881,47878,3
514,47927,47933,47930,6
515,47969,47998,47971,29
516,48097,48104,48097,7
517,48163,48167,48163,4
518,48292,48296,48292,4
519,48336,48341,48336,5
520,48345,48350,48347,5
521,48412,48420,48414,8
522,48463,48469,48465,6
523,48563,48645,48563,82
524,48668,48725,48668,57
525,48753,48765,48753,12
526,48766,48768,48766,2
527,48793,48822,48793,29
528,48823,48826,48823,3
529,48898,48919,48898,21
530,48957,48984,48957,27
531,48985,48989,48985,4
532,49054,49109,49054,55
533,49142,49162,49142,20
534,49163,49166,49163,3
535,49204,49210,49206,6
536,49310,49317,49313,7
537,49341,49346,49343,5
538,49522,49528,49524,6
539,49649,49654,49651,5
540,49816,49827,49819,11
541,49966,49971,49966,5
542,50037,50042,50039,5
543,50266,50270,50267,4
544,50344,50357,50344,13
545,50487,50492,50490,5
546,50545,50550,50545,5
547,50555,50558,50555,3
548,50704,50709,50704,5
549,50787,50793,50787,6
550,50816,50821,50816,5
551,50879,50887,50881,8
552,51063,51068,51063,5
553,51249,51255,51251,6
554,51323,51326,51323,3
555,51339,51345,51339,6
556,51368,51375,51370,7
557,51413,51421,51414,8
558,51476,51481,51476,5
559,51640,51647,51640,7
560,51683,51691,51683,8
561,51719,51725,51721,6
562,51793,51800,51793,7
563,51825,51829,51825,4
564,52065,52071,52065,6
565,52132,52138,52135,6
566,52174,52181,52177,7
567,52256,52262,52258,6
568,52509,52516,52512,7
569,52559,52564,52559,5
570,52616,52626,52616,10
571,52715,52752,52715,37
572,52772,52792,52772,20
573,52877,52896,52877,19
574,52919,52932,52919,13
575,52965,52995,52965,30
576,53017,53037,53017,20
577,53141,53144,53141,3
578,53322,53353,53322,31
579,53354,53358,53354,4
580,53387,53395,53387,8
581,53436,53441,53436,5
582,53504,53596,53504,92
583,53597,53601,53597,4
584,53656,53664,53656,8
585,53710,53717,53713,7
586,53822,53826,53822,4
587,53859,53866,53861,7
588,53908,53974,53908,66
589,53975,53978,53975,3
590,54187,54190,54187,3
591,54217,54222,54219,5
592,54310,54314,54310,4
593,54405,54410,54407,5
594,54421,54426,54423,5
595,54466,54471,54469,5
596,54515,54521,54517,6
597,54600,54607,54600,7
598,54639,54652,54639,13
599,54674,54679,54674,5
600,54723,54729,54723,6
601,54963,54969,54963,6
602,55302,55311,55305,9
603,55343,55345,55343,2
604,55369,55372,55369,3
605,55450,55477,55453,27
606,55540,55545,55541,5
607,55597,55600,55597,3
608,55609,55616,55611,7
609,55675,55677,55675,2
610,55712,55718,55712,6
611,56180,56183,56180,3
612,56458,56462,56458,4
613,56611,56617,56613,6
614,56715,56720,56717,5
615,56804,56825,56804,21
616,56862,56869,56862,7
617,56923,56929,56926,6
618,56955,56961,56955,6
619,56981,56987,56983,6
620,57016,57020,57018,4
621,57058,57062,57060,4
622,57098,57103,57100,5
623,57111,57114,57111,3
624,57176,57182,57176,6
625,57215,57220,57215,5
626,57296,57322,57296,26
627,57323,57327,57323,4
628,57333,57337,57333,4
629,57364,57367,57364,3
630,57403,57406,57403,3
631,57418,57421,57418,3
632,57434,57437,57434,3
633,57465,57468,57465,3
634,57586,57588,57586,2
635,57612,57619,57614,7
636,57702,57709,57704,7
637,57808,57813,57808,5
638,57889,57896,57891,7
639,58011,58017,58011,6
640,58021,58027,58024,6
641,58188,58194,58188,6
642,58215,58228,58215,13
643,58372,58377,58372,5
644,58498,58512,58498,14
645,58652,58660,58652,8
646,58711,58718,58711,7
647,58942,58946,58942,4
648,59048,59052,59048,4
649,59119,59122,59119,3
650,59278,59281,59278,3
651,59442,59517,59442,75
652,59518,59524,59518,6
653,59575,59585,59577,10
654,59622,59628,59625,6
655,59685,59690,59687,5
656,59767,59771,59767,4
657,59781,59784,59781,3
658,59861,59867,59863,6
659,60000,60005,60000,5
660,60109,60114,60109,5
661,60142,60145,60142,3
662,60235,60237,60235,2
663,60287,60292,60287,5
664,60381,60385,60383,4
665,60543,60548,60543,5
666,60974,60978,60974,4
667,61078,61088,61078,10
668,61089,61092,61089,3
669,61179,61183,61179,4
670,61202,61205,61202,3
671,61286,61290,61286,4
672,61297,61301,61297,4
673,61344,61353,61344,9
674,61401,61406,61403,5
675,61457,61462,61457,5
676,61492,61500,61495,8
677,61543,61548,61545,5
678,61595,61605,61595,10
679,61691,61697,61694,6
680,61952,61965,61954,13
681,62124,62128,62124,4
682,62235,62239,62235,4
683,62421,62425,62421,4
684,62431,62433,62431,2
685,62634,62638,62635,4
686,62705,62707,62705,2
687,62770,62774,62770,4
688,62802,62805,62802,3
689,62886,62892,62889,6
690,62938,62941,62938,3
691,62987,62997,62987,10
692,63027,63033,63029,6
693,63124,63129,63124,5
694,63326,63331,63326,5
695,63478,63481,63478,3
696,63642,63665,63642,23
697,63761,63769,63761,8
698,64029,64035,64029,6
699,64039,64042,64039,3
700,64093,64099,64096,6
701,64242,64246,64242,4
702,64256,64269,64259,13
703,64274,64279,64276,5
704,64325,64339,64325,14
705,64356,64374,64358,18
706,64515,64540,64517,25
707,64599,64606,64601,7
708,64612,64618,64615,6
709,64703,64708,64703,5
710,64722,64731,64724,9
711,64865,64872,64868,7
712,64999,65007,65000,8
713,65123,65127,65123,4
714,65348,65361,65348,13
715,65597,65603,65599,6
716,65824,65827,65824,3
717,65917,65922,65919,5
718,65949,65967,65949,18
719,65968,65971,65968,3
720,66029,66035,66031,6
721,66089,66110,66089,21
722,66239,66250,66239,11
723,66434,66450,66434,16
724,66493,66498,66493,5
725,66529,66534,66530,5
726,66643,66648,66643,5
727,66961,66967,66963,6
728,67039,67090,67039,51
729,67091,67093,67091,2
730,67202,67207,67202,5
731,67634,67641,67634,7
732,67668,67675,67668,7
733,67754,67760,67754,6
734,67785,67790,67785,5
735,67832,67836,67832,4
736,68653,68658,68653,5
737,68746,68749,68746,3
738,69068,69110,69068,42
739,69111,69115,69111,4
740,69362,69371,69362,9
741,69385,69409,69385,24
742,69926,69937,69926,11
743,70131,70135,70131,4
744,70177,70181,70177,4
745,70237,70303,70237,66
746,70304,70306,70304,2
747,70392,70395,70392,3
748,70459,70462,70459,3
749,70466,70471,70468,5
750,70527,70531,70527,4
751,70571,70577,70571,6
752,70708,70715,70708,7
753,70793,70801,70795,8
754,70970,70977,70972,7
755,71038,71047,71038,9
756,71115,71128,71115,13
757,71129,71133,71129,4
758,71169,71176,71171,7
759,71216,71234,71216,18
760,71235,71258,71235,23
761,71319,71327,71319,8
762,71345,71351,71348,6
763,71394,71397,71394,3
764,71433,71436,71433,3
765,71508,71512,71508,4
766,71584,71591,71587,7
767,71648,71653,71648,5
768,71656,71662,71659,6
769,71720,71723,71720,3
770,71775,71781,71778,6
771,71797,71807,71800,10
772,71896,71904,71899,8
773,72014,72022,72017,8
774,72109,72119,72109,10
775,72135,72143,72137,8
776,72181,72184,72181,3
777,72276,72295,72278,19
778,72517,72559,72517,42
779,72560,72566,72560,6
780,72648,72653,72648,5
781,72726,72730,72726,4
782,72810,72879,72810,69
783,72880,72885,72880,5
784,72959,72969,72962,10
785,73130,73138,73130,8
786,73196,73200,73196,4
787,73483,73486,73483,3
788,73596,73600,73596,4
789,73713,73718,73713,5
790,73776,73781,73776,5
791,73890,73894,73892,4
792,73929,73934,73931,5
793,74029,74036,74032,7
794,74082,74088,74083,6
795,74118,74125,74118,7
796,74183,74287,74183,104
797,74330,74342,74333,12
798,74382,74385,74382,3
799,74410,74414,74410,4
800,74599,74607,74599,8
801,74628,74639,74631,11
802,74663,74670,74666,7
803,74695,74700,74698,5
804,74709,74715,74712,6
805,74739,74745,74742,6
806,74800,74805,74800,5
807,74940,74947,74940,7
808,75050,75055,75051,5
809,75151,75161,75151,10
810,75216,75221,75216,5
811,75323,75332,75326,9
812,75497,75532,75497,35
813,75533,75573,75533,40
814,75624,75723,75624,99
815,75724,75730,75724,6
816,75796,75801,75798,5
817,75879,75885,75879,6
818,76003,76008,76005,5
819,76013,76020,76016,7
820,76083,76089,76085,6
821,76208,76212,76208,4
822,76283,76292,76283,9
823,76293,76298,76293,5
824,76425,76433,76428,8
825,76468,76478,76471,10
826,76541,76547,76543,6
827,76584,76590,76587,6
828,76629,76633,76631,4
829,76679,76682,76679,3
830,76697,76701,76699,4
831,76749,76755,76752,6
832,76789,76794,76792,5
833,76818,76824,76820,6
834,76848,76853,76851,5
835,76947,76950,76947,3
836,76986,76988,76986,2
837,77005,77008,77005,3
838,77055,77060,77057,5
839,77119,77173,77119,54
840,77243,77249,77243,6
841,77272,77276,77272,4
842,77302,77319,77305,17
843,77352,77355,77352,3
844,77392,77395,77392,3
845,77411,77418,77413,7
846,77443,77453,77443,10
847,77493,77520,77493,27
848,77538,77559,77540,21
849,77639,77645,77639,6
850,77667,77672,77670,5
851,77692,77728,77692,36
852,77779,77797,77779,18
853,77844,77850,77847,6
854,77916,77920,77916,4
855,77956,77968,77957,12
856,77990,77999,77992,9
857,78073,78096,78074,23
858,78097,78100,78097,3
859,78108,78114,78110,6
860,78181,78187,78183,6
861,78204,78209,78206,5
862,78227,78249,78227,22
863,78260,78268,78262,8
864,78343,78350,78345,7
865,78429,78445,78429,16
866,78477,78506,78477,29
867,78507,78513,78507,6
868,78526,78530,78528,4
869,78573,78584,78573,11
870,78585,78589,78585,4
871,78712,78730,78715,18
872,78771,78777,78774,6
873,78832,78926,78832,94
874,78927,78930,78927,3
875,78948,78954,78950,6
876,79035,79049,79038,14
877,79147,79151,79147,4
878,79294,79297,79294,3
879,79340,79343,79340,3
880,79361,79368,79364,7
881,79450,79454,79450,4
882,79500,79502,79500,2
883,79701,79705,79701,4
884,80142,80145,80142,3
885,80296,80302,80298,6
886,80389,80398,80392,9
887,80473,80552,80473,79
888,80553,80558,80553,5
889,80627,80630,80627,3
890,80812,80846,80812,34
891,81149,81155,81151,6
892,81347,81403,81347,56
893,81404,81409,81404,5
894,81491,81496,81491,5
895,81559,81562,81559,3
896,81611,81615,81611,4
897,81665,81668,81665,3
898,81779,81782,81779,3
899,81793,81798,81795,5
900,81862,81867,81864,5
901,81881,81930,81881,49
902,81931,81933,81931,2
903,82020,82024,82020,4
904,82061,82066,82061,5
905,82247,82254,82249,7
906,82272,82277,82272,5
907,82732,82740,82732,8
908,82776,82781,82776,5
909,83316,83324,83316,8
910,83407,83585,83407,178
911,83586,83591,83586,5
912,83631,83639,83634,8
913,83713,83745,83713,32
914,83770,83777,83773,7
915,83849,83855,83851,6
916,83928,83930,83928,2
917,84037,84042,84040,5
918,84089,84091,84089,2
919,84133,84135,84133,2
920,84162,84165,84162,3
921,84211,84215,84213,4
922,84245,84277,84245,32
923,84278,84282,84278,4
924,84321,84324,84321,3
925,84474,84477,84475,3
926,84572,84668,84572,96
927,84700,84703,84701,3
928,84715,84735,84715,20
929,84736,84745,84736,9
930,84854,84859,84856,5
931,84951,84955,84951,4
932,85007,85085,85007,78
933,85115,85121,85115,6
934,85283,85286,85283,3
935,85359,85362,85359,3
936,85408,85412,85408,4
937,85461,85632,85461,171
938,85633,85636,85633,3
939,85689,85710,85689,21
940,85768,85785,85768,17
941,85786,85800,85786,14
942,85863,85877,85863,14
943,85878,85880,85878,2
944,85929,85935,85929,6
945,85973,85977,85973,4
946,86017,86019,86017,2
947,86067,86071,86069,4
948,86262,86267,86265,5
949,86325,86330,86327,5
950,86376,86381,86378,5
951,86419,86425,86420,6
952,86510,86514,86512,4
953,86543,86545,86543,2
954,86606,86653,86606,47
955,86654,86659,86654,5
956,86706,86713,86709,7
957,87385,87388,87385,3
958,87631,87640,87633,9
959,87893,87961,87893,68
960,87980,88107,87980,127
961,88108,88111,88108,3
962,88142,88145,88142,3
963,88181,88187,88183,6
964,88281,88282,88281,1
965,88293,88295,88293,2
966,88309,88310,88309,1
967,88371,88377,88374,6
968,88500,88503,88500,3
969,88522,88534,88522,12
970,88607,88613,88609,6
971,89110,89114,89110,4
972,89252,89258,89252,6
973,89315,89328,89315,13
974,89576,89638,89576,62
975,89748,89752,89748,4
976,89763,89786,89763,23
977,89828,89831,89828,3
978,89970,90003,89970,33
979,90145,90187,90145,42
980,90398,90403,90401,5
981,90476,90485,90476,9
982,93501,93545,93501,44
983,93677,93692,93680,15
984,93869,93879,93872,10
985,94066,94075,94068,9
986,94109,94119,94111,10
987,94198,94207,94198,9
988,94367,94374,94370,7
989,94510,94536,94511,26
990,94537,94591,94537,54
991,94850,94864,94852,14
992,94998,95004,95001,6
993,95057,95065,95059,8
994,95094,95101,95096,7
995,95206,95232,95206,26
996,95249,95253,95249,4
997,95380,95398,95383,18
998,95415,95428,95418,13
999,95473,95504,95473,31
1000,95520,95555,95520,35
1001,95567,95572,95569,5
1002,95632,95640,95634,8
1003,95695,95704,95697,9
1004,95734,95738,95734,4
1005,95892,95901,95895,9
1006,95962,95968,95965,6
1007,96031,96037,96033,6
1008,96450,96463,96452,13
1009,96668,96674,96671,6
1010,96934,96938,96934,4
1011,96977,96985,96977,8
1012,97175,97186,97175,11
1013,97458,97460,97458,2
1014,97610,97614,97611,4
1015,97670,97690,97670,20
1016,97762,97814,97762,52
1017,97831,97837,97831,6
1018,98132,98135,98132,3
1019,98239,98266,98239,27
1020,98288,98290,98288,2
1021,98339,98420,98339,81
1022,98467,98699,98467,232
1023,98700,98702,98700,2
1024,98750,98775,98750,25
1025,98820,98851,98820,31
1026,98852,98867,98852,15
1027,98959,98972,98962,13
1028,99034,99037,99034,3
1029,99172,99175,99172,3
1030,99218,99235,99218,17
1031,99236,99240,99236,4
1032,99286,99290,99286,4
1033,99418,99422,99418,4
1034,99425,99431,99428,6
1035,99489,99498,99489,9
1036,99539,99543,99539,4
1037,99577,99583,99577,6
1038,99626,99631,99626,5
1039,99700,99705,99702,5
1040,99748,99751,99748,3
1041,99834,99838,99836,4
1042,99919,99928,99919,9
1043,99929,99934,99929,5
1044,100030,100035,100030,5
1045,100076,100082,100076,6
1046,100132,100136,100132,4
1047,100149,100155,100150,6
1048,100203,100217,100205,14
1049,100259,100268,100259,9
1050,100391,100397,100391,6
1051,100580,100586,100580,6
1052,100589,100596,100592,7
1053,100648,100660,100649,12
1054,100700,100704,100700,4
1055,100925,100930,100927,5
1056,100962,100968,100964,6
1057,101070,101081,101072,11
1058,101139,101141,101139,2
1059,101208,101216,101209,8
1060,101492,101525,101492,33
1061,101741,101745,101741,4
1062,102039,102047,102039,8
1063,102114,102122,102116,8
1064,102177,102182,102179,5
1065,102295,102300,102297,5
1066,102463,102489,102463,26
1067,102520,102651,102520,131
1068,102675,102722,102675,47
1069,102723,102728,102723,5
1070,102774,102779,102776,5
1071,102847,102853,102847,6
1072,102883,102889,102883,6
1073,102981,102987,102981,6
1074,103102,103110,103105,8
1075,103225,103235,103228,10
1076,103386,103392,103388,6
1077,103620,103626,103620,6
1078,103633,103637,103633,4
1079,103721,103752,103721,31
1080,103910,103914,103910,4
1081,104033,104046,104034,13
1082,104127,104134,104129,7
1083,104194,104197,104194,3
1084,104290,104297,104292,7
1085,104478,104486,104478,8
1086,104613,104634,104613,21
1087,104635,104640,104635,5
1088,104816,104833,104816,17
1089,104915,104923,104915,8
1090,105016,105020,105016,4
1091,105295,105303,105296,8
1092,105341,105348,105343,7
1093,105439,105444,105441,5
1094,105508,105513,105508,5
1095,105630,105634,105630,4
1096,105693,105698,105693,5
1097,105738,105802,105738,64
1098,105803,105808,105803,5
1099,105870,105874,105870,4
1100,105942,105950,105942,8
1101,105988,105991,105988,3
1102,106013,106017,106013,4
1103,106088,106091,106088,3
1104,106200,106228,106200,28
1105,106229,106233,106229,4
1106,106260,106263,106260,3
1107,106325,106348,106325,23
1108,106349,106353,106349,4
1109,106389,106395,106389,6
1110,106396,106402,106399,6
1111,106437,106441,106437,4
1112,106443,106449,106446,6
1113,106502,106509,106502,7
1114,106557,106562,106557,5
1115,106590,106593,106590,3
1116,106646,106649,106646,3
1117,106903,106908,106906,5
1118,107024,107027,107024,3
1119,107143,107147,107143,4
1120,108122,108131,108124,9
1121,108260,108266,108262,6
1122,108297,108309,108300,12
1123,108326,108333,108329,7
1124,108459,108476,108459,17
1125,108554,108557,108554,3
1126,108639,108648,108640,9
1127,108689,108693,108689,4
1128,108753,108758,108753,5
1129,108944,108948,108944,4
1130,109155,109165,109157,10
1131,109254,109259,109254,5
1132,109446,109454,109449,8
1133,109480,109485,109483,5
1134,109494,109510,109494,16
1135,109628,109631,109628,3
1136,109715,109723,109715,8
1137,109950,109958,109950,8
1138,109990,109998,109992,8
1139,110053,110060,110053,7
1140,110177,110204,110180,27
1141,110241,110244,110241,3
1142,110345,110350,110347,5
1143,110402,110407,110404,5
1144,110462,110468,110462,6
1145,110561,110567,110563,6
1146,110643,110649,110643,6
1147,110722,110726,110722,4
1148,110836,110841,110838,5
1149,111071,111078,111074,7
1150,111131,111137,111134,6
1151,111160,111183,111160,23
1152,111184,111186,111184,2
1153,111214,111231,111214,17
1154,111232,111234,111232,2
1155,111261,111294,111261,33
1156,111311,111324,111311,13
1157,111394,111420,111394,26
1158,111488,111497,111490,9
1159,111509,111515,111511,6
1160,111650,111656,111652,6
1161,111698,111702,111698,4
1162,111736,111740,111736,4
1163,111815,111821,111815,6
1164,111926,111934,111929,8
1165,111961,111967,111964,6
1166,111973,111980,111976,7
1167,112197,112210,112200,13
1168,112236,112244,112239,8
1169,112249,112252,112249,3
1170,112376,112381,112377,5
1171,112883,112890,112885,7
1172,113034,113051,113034,17
1173,113052,113055,113052,3
1174,113128,113141,113128,13
1175,113154,113184,113154,30
1176,113185,113188,113185,3
1177,113251,113258,113254,7
1178,113291,113301,113294,10
1179,113481,113486,113483,5
1180,113676,113682,113676,6
1181,113718,113726,113718,8
1182,113756,113764,113759,8
1183,113868,113885,113871,17
1184,113919,113933,113922,14
1185,114230,114255,114230,25
1186,114256,114261,114256,5
1187,114595,114609,114598,14
1188,114638,114645,114641,7
1189,114672,114690,114675,18
1190,114723,114729,114725,6
1191,114890,114901,114893,11
1192,114937,114944,114940,7
1193,115126,115132,115127,6
1194,115157,115171,115160,14
1195,115237,115632,115237,395
1196,115666,115745,115666,79
1197,115746,115750,115746,4
1198,115866,115877,115868,11
1199,115929,115939,115932,10
1200,115999,116009,116002,10
1201,116182,116188,116184,6
1202,116326,116339,116326,13
1203,116377,116383,116380,6
1204,116634,116639,116634,5
1205,116691,116727,116693,36
1206,116728,116733,116728,5
1207,116779,116785,116781,6
1208,116914,116923,116917,9
1209,117067,117072,117069,5
1210,117085,117100,117085,15
1211,117137,117142,117140,5
1212,117188,117205,117190,17
1213,117271,117278,117271,7
1214,117289,117295,117291,6
1215,117299,117305,117302,6
1216,117375,117381,117375,6
1217,117449,117452,117449,3
1218,117656,117664,117656,8
1219,117739,117752,117741,13
1220,117910,117915,117911,5
1221,117947,117953,117948,6
1222,117981,117991,117983,10
1223,118061,118069,118064,8
1224,118260,118282,118263,22
1225,118293,118299,118296,6
1226,118332,118342,118332,10
1227,118437,118448,118440,11
1228,118544,118550,118547,6
1229,118562,118574,118565,12
1230,118668,118675,118670,7
1231,118730,118734,118730,4
1232,118848,118865,118850,17
1233,118899,118915,118902,16
1234,119088,119100,119091,12
1235,119221,119228,119224,7
1236,119365,119373,119368,8
1237,119453,119458,119456,5
1238,119851,119893,119854,42
1239,119894,119897,119894,3
1240,120045,120049,120046,4
1241,120069,120116,120072,47
1242,120152,120179,120152,27
1243,120180,120216,120180,36
1244,120352,120377,120355,25
1245,120404,120409,120407,5
1246,120551,120565,120551,14
1247,120591,120599,120591,8
1248,120600,120604,120600,4
1249,120634,120763,120634,129
1250,120782,120787,120785,5
1251,120810,120831,120810,21
1252,120832,120833,120832,1
1253,120851,120878,120854,27
1254,120893,120899,120895,6
1255,120926,120951,120929,25
1256,121011,121032,121011,21
1257,121063,121084,121066,21
1258,121097,121121,121100,24
1259,121150,121157,121153,7
1260,121274,121278,121276,4
1261,121404,121414,121406,10
1262,121529,121536,121532,7
1263,121909,121974,121909,65
1264,121975,121985,121975,10
1265,122148,122155,122150,7
1266,122279,122298,122281,19
1267,122354,122361,122354,7
1268,122441,122449,122443,8
1269,122507,122515,122508,8
1270,122548,122565,122550,17
1271,122680,122700,122680,20
1272,122876,123061,122876,185
1273,123082,123101,123082,19
1274,123144,123150,123144,6
1275,123186,123195,123186,9
1276,123234,123270,123234,36
1277,123374,123379,123374,5
1278,123397,123406,123399,9
1279,123448,123457,123451,9
1280,123581,123586,123581,5
1281,123618,123681,123618,63
1282,123682,123686,123682,4
1283,123717,123722,123717,5
1284,123878,123887,123878,9
1285,123951,123970,123951,19
1286,124033,124038,124036,5
1287,124162,124166,124162,4
1288,124259,124264,124259,5
1289,124431,124442,124433,11
1290,124574,124581,124574,7
1291,124713,124729,124716,16
1292,124783,124791,124785,8
1293,124892,124964,124892,72
1294,124965,124974,124965,9
1295,125040,125043,125040,3
1296,125088,125148,125088,60
1297,125149,125183,125149,34
1298,125306,125310,125308,4
1299,125330,125346,125332,16
1300,125388,125390,125389,2
1301,125408,125415,125410,7
1302,125453,125463,125456,10
1303,125531,125788,125531,257
1304,125789,125796,125789,7
1305,125866,125869,125868,3
1306,125891,125940,125891,49
1307,125941,125943,125941,2
1308,125962,125997,125962,35
1309,125998,126000,125998,2
1310,126121,126128,126123,7
1311,126156,126166,126160,10
1312,126240,126249,126241,9
1313,126317,126324,126319,7
1314,126402,126411,126405,9
1315,126560,126564,126560,4
1316,126609,126627,126612,18
1317,126710,126721,126713,11
1318,126772,126776,126772,4
1319,126789,126809,126792,20
1320,127000,127010,127003,10
1321,127030,127039,127033,9
1322,127118,127124,127121,6
1323,127139,127149,127142,10
1324,127217,127220,127217,3
1325,127258,127272,127261,14
1326,127291,127306,127294,15
1327,127395,127458,127396,63
1328,127459,127481,127459,22
1329,127575,127588,127577,13
1330,127716,127733,127716,17
1331,128076,128128,128076,52
1332,128129,128136,128129,7
1333,128233,128443,128233,210
1334,128470,128485,128473,15
1335,128528,128536,128530,8
1336,128551,128569,128553,18
1337,128714,128720,128714,6
1338,128781,128789,128781,8
1339,128815,128831,128815,16
1340,128856,128861,128856,5
1341,128894,128899,128894,5
1342,129050,129055,129050,5
1343,129120,129124,129120,4
1344,129189,129203,129191,14
1345,129247,129256,129247,9
1346,129303,129310,129303,7
1347,129344,129352,129346,8
1348,129375,129380,129377,5
1349,129422,129428,129423,6
1350,129452,129469,129452,17
1351,129483,129488,129486,5
1352,129572,129577,129575,5
1353,129693,129699,129695,6
1354,129786,129790,129786,4
1355,129968,129973,129971,5
1356,130000,130006,130002,6
1357,130079,130130,130079,51
1358,130131,130137,130131,6
1359,130185,130189,130185,4
1360,130308,130395,130308,87
1361,130422,130436,130422,14
1362,130437,130441,130437,4
1363,130514,130524,130516,10
1364,130606,130611,130606,5
1365,130637,130646,130637,9
1366,130667,130671,130667,4
1367,130774,130777,130774,3
1368,130825,130830,130825,5
1369,130951,130960,130951,9
1370,130964,130967,130964,3
1371,131055,131066,131057,11
1372,131128,131134,131129,6
1373,131145,131149,131145,4
1374,131242,131283,131242,41
1375,131284,131288,131284,4
1376,131321,131330,131323,9
1377,131338,131343,131340,5
1378,131369,131375,131372,6
1379,131660,131663,131660,3
1380,131774,131817,131774,43
1381,131818,131822,131818,4
1382,131963,132000,131963,37
1383,132017,132037,132017,20
1384,132080,132091,132080,11
1385,132092,132117,132092,25
1386,132168,132191,132168,23
1387,132192,132213,132192,21
1388,132336,132339,132336,3
1389,132396,132403,132398,7
1390,132464,132470,132464,6
1391,132530,132538,132533,8
1392,132586,132590,132587,4
1393,132804,132808,132804,4
1394,132896,132916,132896,20
1395,132917,132920,132917,3
1396,133054,133074,133054,20
1397,133075,133079,133075,4
1398,133162,133181,133162,19
1399,133182,133186,133182,4
1400,133247,133252,133249,5
1401,133337,133344,133337,7
1402,133393,133399,133395,6
1403,133489,133494,133489,5
1404,133596,133618,133596,22
1405,133799,133804,133802,5
1406,133821,133826,133821,5
1407,133952,133956,133952,4
1408,133993,133998,133994,5
1409,134003,134007,134005,4
1410,134280,134285,134282,5
1411,134365,134373,134368,8
1412,134405,134412,134407,7
1413,134422,134435,134425,13
1414,134586,134596,134586,10
1415,134597,134600,134597,3
1416,134617,134624,134617,7
1417,134817,134942,134817,125
1418,134966,135134,134966,168
1419,135135,135173,135135,38
1420,135181,135187,135181,6
1421,135326,135331,135326,5
1422,135358,135365,135361,7
1423,135424,135429,135424,5
1424,135565,135569,135565,4
1425,135605,135609,135605,4
1426,135717,135722,135717,5
1427,135799,135804,135799,5
1428,135850,135865,135852,15
1429,136018,136024,136018,6
1430,136324,136343,136324,19
1431,136406,136426,136406,20
1432,136446,136449,136446,3
1433,136533,136539,136533,6
1434,136632,136650,136632,18
1435,136704,136719,136704,15
1436,136756,136768,136759,12
1437,136784,136807,136787,23
1438,136864,136870,136867,6
1439,136895,136904,136897,9
1440,136916,136922,136918,6
1441,136962,136968,136962,6
1442,137004,137009,137006,5
1443,137042,137048,137044,6
1444,137101,137110,137104,9
1445,137174,137180,137176,6
1446,137264,137272,137266,8
1447,137334,137340,137336,6
1448,137515,137525,137515,10
1449,137526,137529,137526,3
1450,137728,137738,137728,10
1451,137739,137744,137739,5
1452,137829,137833,137829,4
1453,137865,137868,137865,3
1454,137879,137882,137879,3
1455,137942,137950,137945,8
1456,137988,137993,137988,5
1457,138117,138125,138117,8
1458,138190,138198,138193,8
1459,138276,138282,138279,6
1460,138384,138392,138387,8
1461,138544,138550,138544,6
1462,138619,138625,138619,6
1463,138929,138953,138929,24
1464,139017,139052,139017,35
1465,139154,139163,139154,9
1466,139215,139225,139218,10
1467,139254,139272,139257,18
1468,139344,139380,139344,36
1469,139381,139385,139381,4
1470,139421,139429,139421,8
1471,139455,139459,139455,4
1472,139528,139547,139528,19
1473,139548,139553,139548,5
1474,139725,139766,139725,41
1475,139767,139775,139767,8
1476,139820,139825,139820,5
1477,139911,139920,139914,9
1478,140066,140071,140066,5
1479,140216,140223,140219,7
1480,140446,140453,140449,7
1481,140520,140541,140520,21
1482,140542,140545,140542,3
1483,140584,140589,140586,5
1484,140861,140868,140864,7
1485,140923,140931,140926,8
1486,141006,141013,141009,7
1487,141077,141083,141079,6
1488,141166,141173,141168,7
1489,141253,141292,141253,39
1490,141293,141299,141293,6
1491,141391,141398,141393,7
1492,141419,141424,141421,5
1493,141485,141494,141485,9
1494,141523,141572,141523,49
1495,141609,141617,141612,8
1496,141669,141676,141672,7
1497,141694,141701,141696,7
1498,141831,141837,141833,6
1499,142065,142070,142067,5
1500,142223,142230,142225,7
1501,142258,142271,142260,13
1502,142760,142767,142760,7
1503,142803,143360,142803,557
1504,143385,143392,143388,7
1505,143624,143634,143624,10
1506,143765,143773,143768,8
1507,143864,143979,143864,115
1508,143980,143983,143980,3
1509,144040,144048,144042,8
1510,144154,144158,144154,4
1511,144173,144175,144173,2
1512,144463,144524,144463,61
1513,144525,144528,144525,3
1514,144590,144598,144593,8
1515,144670,144671,144670,1
1516,144710,144711,144710,1
1517,145040,145058,145040,18
1518,145080,145148,145080,68
1519,145410,145464,145410,54
1520,145501,145535,145504,34
1521,145640,145646,145642,6
1522,145669,145674,145669,5
1523,145678,145682,145680,4
1524,145717,145735,145717,18
1525,145799,145827,145799,28
1526,148962,149077,148962,115
1527,149116,149133,149116,17
