,Start_blink,End_blink,Blink_frame,No_of_frames
0,27,30,27,3
1,66,71,67,5
2,112,115,112,3
3,182,184,182,2
4,247,255,247,8
5,294,299,296,5
6,305,307,305,2
7,383,385,383,2
8,393,398,395,5
9,453,456,453,3
10,590,596,590,6
11,642,645,642,3
12,694,698,694,4
13,778,783,778,5
14,802,809,802,7
15,874,879,874,5
16,930,933,930,3
17,1066,1069,1066,3
18,1160,1167,1160,7
19,1257,1262,1257,5
20,1327,1331,1327,4
21,1341,1344,1341,3
22,1529,1539,1531,10
23,1637,1640,1637,3
24,1814,1820,1816,6
25,1875,1881,1877,6
26,1912,1918,1915,6
27,1950,1956,1950,6
28,1999,2004,1999,5
29,2092,2095,2092,3
30,2127,2131,2127,4
31,2209,2211,2209,2
32,2308,2312,2308,4
33,2353,2357,2353,4
34,2387,2390,2387,3
35,2475,2478,2475,3
36,2486,2488,2486,2
37,2567,2570,2567,3
38,2601,2611,2601,10
39,2637,2641,2637,4
40,2740,2765,2740,25
41,2870,2874,2872,4
42,2887,2891,2889,4
43,2951,2962,2951,11
44,2998,3002,2998,4
45,3059,3061,3059,2
46,3113,3116,3113,3
47,3163,3166,3163,3
48,3194,3196,3194,2
49,3353,3356,3353,3
50,3406,3410,3406,4
51,3458,3462,3458,4
52,3479,3482,3480,3
53,3595,3600,3595,5
54,3634,3640,3634,6
55,3697,3702,3697,5
56,3772,3779,3772,7
57,3866,3869,3866,3
58,3891,3895,3891,4
59,3981,3984,3981,3
60,4120,4123,4120,3
61,4237,4240,4237,3
62,4312,4318,4312,6
63,4357,4362,4359,5
64,4397,4401,4397,4
65,4414,4417,4414,3
66,4466,4471,4466,5
67,4519,4522,4519,3
68,4560,4567,4561,7
69,4682,4686,4682,4
70,4714,4718,4714,4
71,4797,4801,4797,4
72,4840,4843,4840,3
73,5040,5042,5040,2
74,5089,5093,5089,4
75,5169,5171,5169,2
76,5218,5224,5219,6
77,5376,5381,5376,5
78,5450,5461,5450,11
79,5462,5470,5462,8
80,5551,5555,5551,4
81,5588,5590,5588,2
82,5671,5677,5671,6
83,5747,5750,5747,3
84,5806,5810,5808,4
85,5857,5860,5857,3
86,5901,5905,5901,4
87,5911,5914,5911,3
88,5972,5976,5972,4
89,6170,6173,6170,3
90,6221,6239,6221,18
91,6489,6491,6489,2
92,6532,6536,6532,4
93,6624,6627,6624,3
94,6704,6708,6704,4
95,6780,6786,6782,6
96,6873,6876,6873,3
97,7003,7014,7003,11
98,7075,7082,7075,7
99,7378,7390,7378,12
100,7475,7480,7475,5
101,7588,7605,7588,17
102,7670,7681,7670,11
103,7804,7808,7804,4
104,7862,7864,7862,2
105,7977,7982,7979,5
106,8013,8016,8013,3
107,8086,8089,8086,3
108,8231,8236,8233,5
109,8371,8379,8373,8
110,8507,8513,8509,6
111,8643,8649,8646,6
112,8677,8683,8679,6
113,8730,8735,8730,5
114,8809,8813,8810,4
115,8910,8918,8911,8
116,9250,9252,9250,2
117,9363,9369,9364,6
118,9465,9472,9465,7
119,9548,9592,9548,44
120,9808,9811,9808,3
121,9895,9898,9895,3
122,9938,9968,9938,30
123,9969,9974,9969,5
124,10021,10027,10021,6
125,10107,10113,10107,6
126,10189,10197,10189,8
127,10324,10330,10324,6
128,10424,10428,10426,4
129,10448,10503,10448,55
130,10646,10650,10646,4
131,10682,10688,10684,6
132,10811,10829,10811,18
133,10867,10871,10868,4
134,10906,10909,10906,3
135,10954,10957,10954,3
136,11033,11039,11033,6
137,11283,11290,11283,7
138,11563,11567,11563,4
139,11962,11978,11962,16
140,12188,12192,12188,4
141,12255,12260,12255,5
142,12364,12375,12365,11
143,12464,12476,12464,12
144,12523,12531,12525,8
145,12872,12877,12874,5
146,13005,13009,13005,4
147,13104,13116,13105,12
148,13189,13195,13189,6
149,13202,13207,13203,5
150,13239,13243,13240,4
151,13427,13435,13427,8
152,13639,13647,13639,8
153,13699,13702,13699,3
154,13916,13920,13916,4
155,14095,14100,14095,5
156,14197,14201,14197,4
157,14326,14331,14328,5
158,14371,14375,14373,4
159,14412,14414,14412,2
160,14433,14437,14434,4
161,14452,14465,14452,13
162,14500,14505,14502,5
163,14527,14529,14527,2
164,14628,14631,14628,3
165,14732,14739,14735,7
166,14777,14782,14777,5
167,15069,15081,15069,12
168,15130,15143,15132,13
169,15191,15196,15193,5
170,15203,15210,15203,7
171,15317,15321,15317,4
172,15375,15381,15375,6
173,15421,15424,15421,3
174,15438,15443,15438,5
175,15488,15497,15488,9
176,15498,15512,15498,14
177,15653,15661,15653,8
178,15662,15666,15662,4
179,15744,15748,15744,4
180,15829,15832,15829,3
181,15977,15981,15977,4
182,16058,16066,16058,8
183,16292,16297,16292,5
184,16351,16358,16351,7
185,16440,16451,16440,11
186,16470,16473,16470,3
187,16631,16634,16631,3
188,16690,16693,16690,3
189,16809,16828,16809,19
190,17084,17088,17084,4
191,17123,17126,17123,3
192,17177,17184,17180,7
193,17214,17216,17214,2
194,17263,17266,17263,3
195,17597,17604,17597,7
196,17684,17693,17684,9
197,17754,17758,17754,4
198,17890,17897,17893,7
199,17921,17927,17921,6
200,17961,17967,17961,6
201,18030,18035,18032,5
202,18096,18106,18096,10
203,18107,18110,18107,3
204,18144,18152,18144,8
205,18197,18205,18200,8
206,18313,18318,18315,5
207,18431,18437,18432,6
208,18518,18523,18519,5
209,18637,18644,18637,7
210,18829,18839,18829,10
211,18870,18875,18870,5
212,19037,19048,19038,11
213,19331,19334,19331,3
214,19434,19437,19434,3
215,19604,19607,19604,3
216,19672,19677,19672,5
217,19716,19721,19718,5
218,19952,19954,19952,2
219,20083,20087,20083,4
220,20095,20101,20095,6
221,20159,20163,20159,4
222,20309,20313,20309,4
223,20323,20326,20323,3
224,20370,20374,20370,4
225,20421,20423,20421,2
226,20469,20472,20469,3
227,20556,20558,20556,2
228,20643,20647,20643,4
229,20874,20878,20874,4
230,20885,20888,20885,3
231,20977,20981,20977,4
232,21039,21042,21039,3
233,21103,21106,21103,3
234,21248,21254,21248,6
235,21272,21274,21272,2
236,21437,21441,21437,4
237,21472,21488,21473,16
238,21568,21573,21568,5
239,21651,21653,21651,2
240,21729,21733,21729,4
241,21879,21885,21879,6
242,22001,22010,22002,9
243,22036,22044,22036,8
244,22132,22152,22132,20
245,22187,22195,22188,8
246,22243,22248,22244,5
247,22281,22288,22283,7
248,22330,22334,22330,4
249,22395,22399,22395,4
250,22408,22410,22408,2
251,22462,22467,22462,5
252,22575,22579,22575,4
253,22600,22604,22600,4
254,22663,22667,22663,4
255,22693,22696,22693,3
256,22736,22738,22736,2
257,22775,22779,22777,4
258,22789,22792,22789,3
259,22836,22839,22836,3
260,22936,22941,22938,5
261,22971,22976,22972,5
262,22993,22999,22995,6
263,23047,23057,23050,10
264,23157,23160,23157,3
265,23176,23181,23177,5
266,23256,23261,23256,5
267,23395,23411,23395,16
268,23444,23451,23444,7
269,23459,23468,23460,9
270,23561,23565,23561,4
271,23575,23580,23577,5
272,23612,23618,23615,6
273,23682,23729,23682,47
274,23730,23733,23730,3
275,23892,23899,23894,7
276,23904,23908,23904,4
277,23973,23976,23973,3
278,24055,24060,24057,5
279,24104,24122,24104,18
280,24136,24140,24136,4
281,24149,24155,24151,6
282,24161,24168,24164,7
283,24190,24196,24193,6
284,24248,24254,24251,6
285,24325,24333,24325,8
286,24439,24449,24439,10
287,24519,24528,24519,9
288,24617,24628,24617,11
289,24711,24715,24711,4
290,24834,24846,24834,12
291,24847,24850,24847,3
292,24885,24889,24885,4
293,24954,24958,24954,4
294,25029,25054,25029,25
295,25055,25060,25055,5
296,25092,25105,25094,13
297,25128,25134,25131,6
298,25193,25196,25193,3
299,25247,25259,25247,12
300,25276,25281,25278,5
301,25384,25398,25384,14
302,25399,25402,25399,3
303,25473,25480,25473,7
304,25485,25489,25485,4
305,25515,25519,25515,4
306,25581,25584,25581,3
307,25632,25636,25634,4
308,25709,25716,25709,7
309,25764,25768,25765,4
310,25823,25827,25823,4
311,25987,25991,25988,4
312,26139,26143,26140,4
313,26168,26174,26170,6
314,26220,26222,26220,2
315,26283,26287,26283,4
316,26407,26412,26409,5
317,26589,26594,26589,5
318,26606,26612,26606,6
319,26615,26621,26618,6
320,26657,26665,26660,8
321,26703,26707,26703,4
322,26732,26736,26732,4
323,26836,26890,26836,54
324,26891,26893,26891,2
325,26989,26994,26991,5
326,27073,27076,27073,3
327,27213,27219,27213,6
328,27294,27296,27294,2
329,27347,27353,27347,6
330,27490,27494,27490,4
331,27521,27525,27521,4
332,27547,27552,27549,5
333,27601,27605,27603,4
334,27656,27661,27657,5
335,27673,27679,27676,6
336,27825,27829,27825,4
337,27891,27898,27895,7
338,27907,27912,27910,5
339,27957,27964,27960,7
340,27999,28003,27999,4
341,28048,28057,28048,9
342,28100,28105,28100,5
343,28159,28163,28160,4
344,28194,28196,28194,2
345,28235,28237,28235,2
346,28249,28251,28249,2
347,28339,28341,28339,2
348,28384,28387,28384,3
349,28408,28411,28408,3
350,28437,28441,28439,4
351,28478,28483,28479,5
352,28507,28516,28507,9
353,28599,28604,28599,5
354,28643,28646,28643,3
355,28664,28667,28664,3
356,28693,28697,28693,4
357,28775,28780,28775,5
358,28874,28877,28874,3
359,28895,28901,28895,6
360,28970,28980,28972,10
361,29031,29038,29033,7
362,29121,29127,29123,6
363,29247,29250,29247,3
364,29293,29300,29296,7
365,29408,29417,29411,9
366,29440,29450,29443,10
367,29498,29502,29499,4
368,29539,29558,29540,19
369,29562,29568,29565,6
370,29600,29606,29603,6
371,29650,29655,29652,5
372,29733,29739,29735,6
373,29829,29839,29832,10
374,29877,29884,29880,7
375,29938,29949,29941,11
376,29986,29990,29986,4
377,30120,30128,30121,8
378,30209,30216,30211,7
379,30267,30274,30267,7
380,30447,30453,30448,6
381,30495,30502,30495,7
382,30555,30569,30555,14
383,30629,30636,30629,7
384,30644,30647,30644,3
385,30684,30687,30684,3
386,30739,30741,30739,2
387,30804,30809,30806,5
388,30911,30917,30911,6
389,30960,30965,30960,5
390,31044,31050,31044,6
391,31099,31101,31099,2
392,31167,31169,31167,2
393,31282,31286,31282,4
394,31366,31370,31368,4
395,31381,31410,31384,29
396,31427,31435,31430,8
397,31470,31478,31472,8
398,31481,31487,31483,6
399,31557,31562,31559,5
400,31605,31609,31605,4
401,31634,31638,31634,4
402,31699,31703,31699,4
403,31739,31745,31739,6
404,31779,31783,31779,4
405,31934,31937,31934,3
406,31956,31960,31956,4
407,31999,32002,32000,3
408,32030,32033,32030,3
409,32066,32070,32068,4
410,32170,32174,32170,4
411,32243,32246,32243,3
412,32261,32266,32263,5
413,32281,32285,32281,4
414,32308,32313,32310,5
415,32358,32362,32358,4
416,32512,32518,32512,6
417,32566,32570,32566,4
418,32671,32674,32671,3
419,32725,32728,32725,3
420,32736,32739,32736,3
421,32810,32815,32810,5
422,32824,32827,32824,3
423,32841,32846,32843,5
424,32880,32884,32880,4
425,32928,32934,32928,6
426,32955,32958,32955,3
427,33117,33122,33119,5
428,33132,33136,33134,4
429,33248,33251,33248,3
430,33294,33297,33295,3
431,33361,33366,33361,5
432,33432,33437,33432,5
433,33443,33448,33444,5
434,33474,33477,33474,3
435,33483,33488,33486,5
436,33513,33515,33513,2
437,33556,33559,33556,3
438,33603,33606,33603,3
439,33654,33659,33655,5
440,33667,33673,33667,6
441,33706,33712,33709,6
442,33768,33771,33768,3
443,33799,33802,33799,3
444,33870,33875,33872,5
445,33976,33978,33976,2
446,33987,33991,33990,4
447,34030,34032,34030,2
448,34065,34068,34065,3
449,34079,34082,34079,3
450,34122,34125,34122,3
451,34139,34141,34139,2
452,34158,34163,34160,5
453,34221,34225,34221,4
454,34311,34317,34311,6
455,34395,34398,34395,3
456,34467,34473,34467,6
457,34560,34564,34560,4
458,34572,34575,34572,3
459,34819,34833,34819,14
460,34940,34949,34941,9
461,35085,35111,35085,26
462,35149,35154,35149,5
463,35263,35270,35263,7
464,35283,35288,35285,5
465,35329,35354,35329,25
466,35355,35357,35355,2
467,35403,35406,35403,3
468,35450,35453,35450,3
469,35514,35517,35515,3
470,35524,35528,35526,4
471,35569,35574,35571,5
472,35617,35621,35617,4
473,35645,35651,35648,6
474,35699,35701,35699,2
475,35733,35736,35733,3
476,35754,35759,35754,5
477,35788,35793,35791,5
478,35817,35821,35819,4
479,35843,35849,35846,6
480,35862,35867,35863,5
481,35899,35908,35899,9
482,35943,35946,35943,3
483,35993,35996,35993,3
484,36048,36052,36048,4
485,36105,36111,36105,6
486,36144,36147,36144,3
487,36212,36216,36212,4
488,36222,36225,36223,3
489,36260,36263,36260,3
490,36354,36359,36354,5
491,36378,36383,36378,5
492,36405,36409,36405,4
493,36434,36437,36434,3
494,36578,36585,36578,7
495,36718,36723,36720,5
496,36806,36809,36806,3
497,36833,36837,36833,4
498,36978,36984,36979,6
499,37077,37197,37077,120
500,37256,37260,37257,4
501,37295,37298,37295,3
502,37305,37309,37305,4
503,37339,37342,37339,3
504,37387,37389,37387,2
505,37576,37577,37576,1
506,37662,37665,37662,3
507,37771,37774,37771,3
508,37834,37837,37834,3
509,37945,37948,37945,3
510,37990,37995,37990,5
511,38056,38060,38056,4
512,38174,38178,38174,4
513,38213,38217,38214,4
514,38272,38275,38272,3
515,38415,38417,38415,2
516,38447,38451,38449,4
517,38531,38534,38531,3
518,38581,38584,38581,3
519,38750,38757,38750,7
520,38846,38852,38848,6
521,38983,38991,38983,8
522,38992,39000,38992,8
523,39065,39071,39067,6
524,39084,39087,39084,3
525,39233,39255,39234,22
526,39354,39373,39357,19
527,39391,39422,39394,31
528,39493,39501,39493,8
529,39552,39557,39553,5
530,39620,39624,39620,4
531,39691,39694,39691,3
532,39730,39742,39730,12
533,39865,39880,39865,15
534,39908,39912,39908,4
535,39929,39935,39931,6
536,39948,39954,39950,6
537,39981,39989,39982,8
538,40007,40011,40007,4
539,40032,40035,40032,3
540,40128,40146,40128,18
541,40284,40289,40286,5
542,40334,40337,40334,3
543,40386,40389,40386,3
544,40539,40544,40541,5
545,40579,40583,40579,4
546,40663,40712,40663,49
547,40713,40718,40713,5
548,40777,40811,40780,34
549,40846,40853,40849,7
550,40960,40966,40962,6
551,41061,41065,41061,4
552,41103,41108,41104,5
553,41249,41255,41249,6
554,41348,41351,41348,3
555,41432,41443,41432,11
556,41496,41500,41496,4
557,41556,41560,41556,4
558,41594,41604,41597,10
559,41658,41662,41658,4
560,41698,41721,41698,23
561,41753,41760,41753,7
562,41800,41805,41800,5
563,41828,41834,41828,6
564,41875,41880,41875,5
565,42094,42097,42094,3
566,42105,42107,42105,2
567,42159,42165,42161,6
568,42247,42258,42247,11
569,42282,42287,42282,5
570,42354,42359,42357,5
571,42403,42407,42403,4
572,42435,42450,42436,15
573,42657,42670,42657,13
574,42727,42732,42727,5
575,42796,42805,42796,9
576,42857,42889,42857,32
577,42940,42960,42941,20
578,43120,43125,43120,5
579,43183,43187,43183,4
580,43283,43290,43283,7
581,43328,43335,43330,7
582,43361,43366,43361,5
583,43426,43434,43426,8
584,43529,43537,43532,8
585,43568,43571,43568,3
586,43631,43637,43631,6
587,43684,43689,43684,5
588,43785,43811,43785,26
589,43837,43840,43837,3
590,43903,43908,43903,5
591,43989,43994,43989,5
592,43998,44009,44000,11
593,44083,44087,44083,4
594,44145,44148,44145,3
595,44188,44192,44188,4
596,44293,44299,44293,6
597,44317,44320,44317,3
598,44352,44355,44352,3
599,44395,44398,44395,3
600,44434,44440,44434,6
601,44460,44471,44460,11
602,44506,44510,44506,4
603,44566,44571,44566,5
604,44607,44613,44610,6
605,44668,44671,44668,3
606,44693,44699,44693,6
607,44754,44761,44754,7
608,44832,44847,44832,15
609,44880,44903,44880,23
610,45000,45007,45002,7
611,45069,45073,45070,4
612,45108,45112,45108,4
613,45142,45167,45142,25
614,45199,45208,45199,9
615,45343,45356,45343,13
616,45357,45363,45357,6
617,45396,45400,45396,4
618,45577,45582,45579,5
619,45622,45623,45622,1
620,45657,45663,45660,6
621,45699,45707,45699,8
622,45774,45780,45774,6
623,45820,45826,45820,6
624,45887,45894,45887,7
625,45957,45961,45957,4
626,46105,46110,46105,5
627,46156,46158,46156,2
628,46310,46312,46310,2
629,46333,46342,46335,9
630,46389,46395,46389,6
631,46561,46563,46561,2
632,46618,46625,46621,7
633,46831,46839,46832,8
634,46891,46898,46893,7
635,46960,46962,46960,2
636,47026,47031,47027,5
637,47078,47085,47080,7
638,47222,47236,47222,14
639,47308,47311,47308,3
640,47353,47358,47353,5
641,47394,47398,47394,4
642,47430,47435,47430,5
643,47517,47521,47517,4
644,47580,47584,47580,4
645,47627,47632,47627,5
646,47678,47680,47678,2
647,47738,47742,47738,4
648,47893,47905,47893,12
649,48019,48023,48019,4
650,48126,48140,48128,14
651,48141,48143,48141,2
652,48171,48176,48171,5
653,48211,48216,48214,5
654,48238,48241,48238,3
655,48320,48324,48320,4
656,48374,48395,48377,21
657,48436,48442,48438,6
658,48536,48539,48536,3
659,48649,48655,48651,6
660,48742,48746,48742,4
661,48807,48816,48807,9
662,48868,48874,48870,6
663,48917,48924,48917,7
664,48963,48967,48963,4
665,49005,49009,49005,4
666,49051,49054,49051,3
667,49114,49123,49114,9
668,49166,49169,49166,3
669,49178,49181,49178,3
670,49262,49266,49264,4
671,49350,49358,49350,8
672,49359,49363,49359,4
673,49408,49414,49409,6
674,49457,49460,49457,3
675,49571,49574,49571,3
676,49605,49611,49607,6
677,49639,49644,49639,5
678,49646,49651,49648,5
679,49717,49721,49717,4
680,49837,49840,49837,3
681,49880,49882,49880,2
682,50022,50031,50022,9
683,50086,50093,50086,7
684,50132,50138,50134,6
685,50149,50154,50151,5
686,50210,50216,50213,6
687,50223,50233,50226,10
688,50392,50396,50392,4
689,50450,50462,50451,12
690,50611,50615,50612,4
691,50743,50749,50743,6
692,50811,50816,50811,5
693,50858,50865,50858,7
694,50960,50971,50960,11
695,51036,51040,51036,4
696,51048,51050,51048,2
697,51111,51116,51113,5
698,51144,51150,51146,6
699,51254,51258,51254,4
700,51292,51297,51294,5
701,51359,51364,51359,5
702,51406,51409,51406,3
703,51419,51423,51420,4
704,51549,51557,51552,8
705,51595,51603,51595,8
706,51625,51629,51626,4
707,51684,51690,51687,6
708,51758,51761,51758,3
709,51792,51796,51794,4
710,51821,51827,51821,6
711,51920,51924,51920,4
712,51948,51953,51950,5
713,51982,51988,51984,6
714,52032,52039,52032,7
715,52073,52079,52073,6
716,52105,52123,52105,18
717,52289,52293,52289,4
718,52299,52302,52299,3
719,52444,52464,52444,20
720,52588,52594,52588,6
721,52633,52641,52633,8
722,52679,52699,52679,20
723,52748,52755,52751,7
724,52802,52812,52802,10
725,52813,52816,52813,3
726,52921,52925,52921,4
727,52991,52994,52991,3
728,53041,53045,53041,4
729,53104,53107,53104,3
730,53171,53177,53173,6
731,53208,53216,53210,8
732,53251,53254,53251,3
733,53312,53315,53312,3
734,53490,53493,53490,3
735,53540,53544,53540,4
736,53612,53616,53612,4
737,53683,53691,53685,8
738,53899,53903,53899,4
739,53932,53938,53932,6
740,53945,53951,53947,6
741,53968,53972,53968,4
742,54057,54060,54057,3
743,54162,54167,54162,5
744,54238,54251,54238,13
745,54278,54281,54278,3
746,54299,54305,54299,6
747,54366,54369,54366,3
748,54390,54399,54390,9
749,54456,54462,54458,6
750,54472,54477,54474,5
751,54569,54574,54572,5
752,54626,54630,54628,4
753,54687,54698,54689,11
754,54746,54753,54748,7
755,54782,54785,54782,3
756,54834,54838,54836,4
757,54870,54882,54870,12
758,54938,54952,54941,14
759,55072,55079,55072,7
760,55084,55088,55085,4
761,55140,55144,55140,4
762,55185,55193,55185,8
763,55222,55226,55222,4
764,55232,55236,55232,4
765,55280,55287,55280,7
766,55402,55407,55402,5
767,55473,55479,55474,6
768,55529,55537,55529,8
769,55576,55579,55576,3
770,55592,55596,55592,4
771,55834,55836,55834,2
772,55918,55921,55918,3
773,55927,55932,55929,5
774,56001,56034,56001,33
775,56132,56133,56132,1
776,56207,56212,56207,5
777,56284,56286,56284,2
778,56413,56417,56413,4
779,56484,56488,56484,4
780,56494,56498,56494,4
781,56611,56617,56611,6
782,56702,56706,56702,4
783,56984,57017,56984,33
784,57028,57033,57028,5
785,57073,57078,57075,5
786,57149,57151,57149,2
787,57246,57251,57246,5
788,57424,57426,57424,2
789,57472,57477,57475,5
790,57493,57498,57493,5
791,57560,57563,57560,3
792,57636,57641,57638,5
793,57785,57809,57785,24
794,57844,57849,57846,5
795,58036,58039,58036,3
796,58124,58130,58124,6
797,58206,58231,58206,25
798,58297,58318,58297,21
799,58378,58384,58378,6
800,58421,58425,58421,4
801,58456,58459,58456,3
802,58530,58533,58530,3
803,58683,58691,58683,8
804,58757,58762,58757,5
805,58825,58829,58825,4
806,58945,58949,58945,4
807,59042,59055,59042,13
808,59107,59111,59107,4
809,59170,59206,59170,36
810,59242,59248,59242,6
811,59262,59264,59262,2
812,59337,59341,59337,4
813,59378,59381,59378,3
814,59478,59493,59478,15
815,59535,59538,59535,3
816,59595,59600,59598,5
817,59606,59612,59609,6
818,59645,59651,59647,6
819,59808,59812,59808,4
820,59927,59934,59928,7
821,60030,60037,60030,7
822,60105,60110,60105,5
823,60146,60159,60146,13
824,60198,60202,60198,4
825,60346,60351,60346,5
826,60364,60369,60364,5
827,60489,60491,60489,2
828,60611,60616,60611,5
829,60674,60685,60674,11
830,60708,60711,60708,3
831,60750,60753,60750,3
832,60805,60824,60805,19
833,60871,60873,60871,2
834,60978,60983,60980,5
835,61022,61026,61022,4
836,61065,61069,61065,4
837,61087,61089,61087,2
838,61123,61129,61125,6
839,61171,61174,61171,3
840,61240,61246,61240,6
841,61272,61276,61272,4
842,61380,61383,61380,3
843,61461,61471,61461,10
844,61472,61476,61472,4
845,61551,61555,61551,4
846,61573,61579,61575,6
847,61662,61665,61662,3
848,61866,61871,61866,5
849,61877,61881,61877,4
850,61892,61895,61892,3
851,61938,61952,61938,14
852,61960,61963,61960,3
853,61975,61979,61975,4
854,62033,62036,62033,3
855,62097,62102,62097,5
856,62135,62137,62135,2
857,62233,62235,62233,2
858,62286,62290,62286,4
859,62538,62543,62538,5
860,62559,62564,62559,5
861,62589,62595,62589,6
862,62661,62678,62661,17
863,62723,62727,62723,4
864,62791,62802,62791,11
865,62825,62828,62825,3
866,62861,62867,62861,6
867,62931,62935,62931,4
868,63003,63010,63005,7
869,63098,63101,63098,3
870,63235,63271,63235,36
871,63344,63361,63344,17
872,63385,63393,63385,8
873,63394,63400,63394,6
874,63607,63610,63607,3
875,63620,63623,63620,3
876,63645,63651,63645,6
877,63679,63682,63679,3
878,63729,63734,63729,5
879,63764,63766,63764,2
880,63823,63826,63823,3
881,63857,63859,63857,2
882,63915,63918,63915,3
883,63971,63974,63971,3
884,64007,64009,64007,2
885,64249,64252,64249,3
886,64448,64453,64448,5
887,64619,64623,64619,4
888,64703,64705,64703,2
889,64765,64772,64765,7
890,64859,64863,64859,4
891,64950,64952,64950,2
892,65142,65173,65142,31
893,65197,65200,65197,3
894,65215,65218,65215,3
895,65318,65332,65318,14
896,65458,65461,65458,3
897,65495,65511,65495,16
898,65588,65593,65588,5
899,65680,65682,65680,2
900,65747,65753,65747,6
901,65793,65796,65793,3
902,65937,65940,65937,3
903,66099,66291,66099,192
904,66292,66299,66292,7
905,66306,66311,66308,5
906,66368,66373,66368,5
907,66412,66417,66412,5
908,66428,66434,66430,6
909,66627,66631,66627,4
910,66726,66729,66726,3
911,66824,66829,66824,5
912,66897,66906,66897,9
913,66931,66947,66931,16
914,67052,67057,67055,5
915,67075,67081,67076,6
916,67110,67118,67112,8
917,67142,67153,67144,11
918,67170,67175,67172,5
919,67188,67198,67189,10
920,67242,67264,67242,22
921,67375,67380,67377,5
922,67420,67425,67420,5
923,67503,67509,67505,6
924,67525,67531,67527,6
925,67580,67586,67582,6
926,67690,67692,67690,2
927,67728,67732,67728,4
928,67813,67817,67813,4
929,67860,67902,67860,42
930,67903,67906,67903,3
931,67979,67984,67981,5
932,68029,68034,68030,5
933,68089,68092,68089,3
934,68148,68154,68151,6
935,68194,68201,68197,7
936,68231,68235,68231,4
937,68275,68280,68277,5
938,68310,68312,68310,2
939,68360,68364,68360,4
940,68373,68378,68375,5
941,68454,68458,68454,4
942,68536,68538,68536,2
943,68611,68616,68611,5
944,68794,68804,68794,10
945,68919,68923,68919,4
946,69033,69039,69036,6
947,69078,69083,69080,5
948,69095,69098,69095,3
949,69158,69162,69158,4
950,69176,69180,69176,4
951,69184,69189,69187,5
952,69264,69268,69264,4
953,69300,69304,69300,4
954,69334,69336,69334,2
955,69428,69432,69428,4
956,69490,69500,69490,10
957,69563,69567,69563,4
958,69608,69611,69608,3
959,69629,69815,69629,186
960,69816,69819,69816,3
961,69841,69846,69843,5
962,69883,69888,69885,5
963,70122,70137,70124,15
964,70199,70209,70199,10
965,70210,70212,70210,2
966,70227,70238,70230,11
967,70314,70318,70314,4
968,70335,70338,70335,3
969,70461,70465,70461,4
970,70581,70631,70581,50
971,70660,70671,70662,11
972,70982,70986,70984,4
973,71019,71073,71019,54
974,71074,71080,71074,6
975,71199,71217,71199,18
976,71564,71730,71564,166
977,71822,71828,71822,6
978,72081,72091,72081,10
979,72149,72154,72151,5
980,72445,72451,72445,6
981,72485,72488,72485,3
982,72507,72517,72510,10
983,72580,72583,72580,3
984,72659,72678,72661,19
985,72877,72885,72877,8
986,73111,73160,73111,49
987,73196,73212,73199,16
988,73233,73240,73235,7
989,73304,73307,73304,3
990,73394,73413,73397,19
991,73480,73494,73483,14
992,73592,73594,73592,2
993,73623,73628,73624,5
994,73673,73679,73675,6
995,73739,73741,73739,2
996,73760,73767,73760,7
997,73857,73860,73857,3
998,73878,73883,73878,5
999,73924,73931,73926,7
1000,73978,73981,73978,3
1001,74091,74096,74091,5
1002,74116,74119,74116,3
1003,74202,74211,74202,9
1004,74212,74216,74212,4
1005,74234,74241,74237,7
1006,74246,74252,74248,6
1007,74313,74316,74313,3
1008,74381,74393,74381,12
1009,74418,74438,74418,20
1010,74550,74560,74551,10
1011,74594,74597,74594,3
1012,74663,74666,74663,3
1013,74697,74706,74697,9
1014,74758,74769,74761,11
1015,74835,74838,74835,3
1016,74844,74848,74844,4
1017,75134,75138,75134,4
1018,75204,75207,75204,3
1019,75529,75532,75529,3
1020,75604,75607,75604,3
1021,75659,75664,75661,5
1022,75688,75694,75688,6
1023,75764,75773,75764,9
1024,75971,75978,75971,7
1025,75998,76002,75998,4
1026,76048,76052,76048,4
1027,76057,76061,76057,4
1028,76222,76228,76222,6
1029,76384,76387,76384,3
1030,76491,76494,76491,3
1031,76650,76655,76652,5
1032,76684,76689,76686,5
1033,76702,76707,76704,5
1034,76722,76728,76725,6
1035,76768,76770,76768,2
1036,76817,76821,76817,4
1037,76890,76895,76892,5
1038,76951,76955,76951,4
1039,77001,77003,77001,2
1040,77065,77069,77065,4
1041,77077,77081,77077,4
1042,77116,77127,77118,11
1043,77186,77190,77186,4
1044,77232,77238,77234,6
1045,77280,77284,77280,4
1046,77297,77300,77297,3
1047,77326,77331,77326,5
1048,77483,77490,77483,7
1049,77674,77676,77674,2
1050,77692,77695,77692,3
1051,77706,77708,77706,2
1052,77735,77741,77736,6
1053,77841,77846,77841,5
1054,77913,77917,77913,4
1055,78034,78037,78034,3
1056,78161,78164,78161,3
1057,78248,78252,78248,4
1058,78340,78344,78340,4
1059,78375,78378,78375,3
1060,78454,78489,78454,35
1061,78563,78566,78563,3
1062,78578,78580,78579,2
1063,78596,78639,78596,43
1064,78669,78675,78669,6
1065,78714,78719,78714,5
1066,78744,78752,78744,8
1067,78781,78788,78782,7
1068,78846,78850,78847,4
1069,78964,78977,78967,13
1070,79109,79116,79109,7
1071,79128,79131,79128,3
1072,79200,79209,79200,9
1073,79249,79255,79249,6
1074,79270,79274,79270,4
1075,79404,79472,79404,68
1076,79473,79476,79473,3
1077,79596,79598,79596,2
1078,79677,79681,79677,4
1079,79729,79738,79729,9
1080,79769,79775,79769,6
1081,79797,79802,79799,5
1082,79822,79828,79822,6
1083,79888,79907,79888,19
1084,79977,79979,79977,2
1085,80199,80203,80199,4
1086,80304,80308,80304,4
1087,80428,80432,80428,4
1088,80459,80462,80459,3
1089,80514,80517,80514,3
1090,80554,80558,80554,4
1091,80566,80570,80566,4
1092,80628,80631,80628,3
1093,80688,80696,80688,8
1094,80748,80753,80748,5
1095,80798,80803,80798,5
1096,80861,80868,80864,7
1097,80958,80964,80960,6
1098,81005,81008,81005,3
1099,81048,81051,81048,3
1100,81081,81084,81081,3
1101,81129,81140,81129,11
1102,81198,81206,81200,8
1103,81448,81453,81448,5
1104,81538,81543,81538,5
1105,81652,81657,81652,5
1106,81752,81756,81752,4
1107,82648,82651,82648,3
1108,82700,82718,82700,18
1109,82735,82738,82735,3
1110,82760,82762,82760,2
1111,82780,82784,82780,4
1112,82802,82806,82802,4
1113,82854,82857,82854,3
1114,82919,82925,82920,6
1115,82963,82968,82963,5
1116,82980,82986,82982,6
1117,83165,83176,83165,11
1118,83194,83199,83194,5
1119,83283,83290,83283,7
1120,83332,83337,83332,5
1121,83369,83375,83369,6
1122,83433,83437,83433,4
1123,83507,83517,83507,10
1124,83758,83767,83758,9
1125,83806,83813,83806,7
1126,83907,83911,83907,4
1127,83967,83974,83969,7
1128,84015,84020,84015,5
1129,84057,84060,84057,3
1130,84098,84101,84098,3
1131,84182,84184,84182,2
1132,84195,84198,84195,3
1133,84239,84241,84239,2
1134,84251,84255,84251,4
1135,84290,84293,84290,3
1136,84353,84355,84353,2
1137,84444,84447,84444,3
1138,84490,84499,84490,9
1139,84514,84520,84515,6
1140,84524,84528,84524,4
1141,84584,84588,84585,4
1142,84731,84734,84732,3
1143,84766,84770,84768,4
1144,84796,84798,84796,2
1145,84810,84816,84812,6
1146,84862,84866,84862,4
1147,84906,84909,84906,3
1148,84930,84933,84930,3
1149,85013,85019,85015,6
1150,85055,85095,85055,40
1151,85096,85099,85096,3
1152,85191,85196,85193,5
1153,85254,85256,85254,2
1154,85306,85308,85306,2
1155,85341,85344,85341,3
1156,85404,85458,85404,54
1157,85459,85469,85459,10
1158,85529,85532,85529,3
1159,85568,85572,85568,4
1160,85626,85629,85626,3
1161,85698,85700,85698,2
1162,85754,85756,85754,2
1163,85809,85812,85809,3
1164,85894,85903,85894,9
1165,85911,85916,85911,5
1166,85969,85976,85969,7
1167,85989,85994,85989,5
1168,86037,86041,86037,4
1169,86125,86132,86126,7
1170,86183,86188,86183,5
1171,86209,86214,86211,5
1172,86243,86246,86243,3
1173,86259,86263,86261,4
1174,86285,86287,86285,2
1175,86383,86388,86383,5
1176,86442,86447,86442,5
1177,86546,86551,86548,5
1178,86588,86596,86588,8
1179,86597,86600,86597,3
1180,86623,86627,86623,4
1181,86745,86752,86747,7
1182,86811,86817,86811,6
1183,86868,86874,86868,6
1184,86937,86941,86937,4
1185,86961,86964,86961,3
1186,87016,87024,87016,8
1187,87077,87079,87077,2
1188,87135,87140,87135,5
1189,87159,87163,87159,4
1190,87218,87223,87218,5
1191,87229,87232,87229,3
1192,87262,87266,87262,4
1193,87327,87332,87327,5
1194,87506,87510,87506,4
1195,87559,87562,87559,3
1196,87576,87581,87578,5
1197,87629,87633,87630,4
1198,87687,87692,87689,5
1199,87752,87772,87753,20
1200,87832,87837,87832,5
1201,87870,87876,87873,6
1202,87941,87945,87941,4
1203,88040,88044,88040,4
1204,88164,88170,88166,6
1205,88189,88192,88189,3
1206,88211,88216,88213,5
1207,88274,88277,88274,3
1208,88334,88338,88334,4
1209,88361,88364,88361,3
1210,88396,88398,88396,2
1211,88441,88444,88441,3
1212,88473,88477,88475,4
1213,88529,88534,88529,5
1214,88569,88572,88569,3
1215,88729,88732,88729,3
1216,88811,88817,88811,6
1217,88836,88841,88836,5
1218,88895,88900,88897,5
1219,88914,88920,88915,6
1220,88954,88957,88954,3
1221,88999,89003,88999,4
1222,89053,89055,89053,2
1223,89088,89093,89090,5
1224,89182,89187,89184,5
1225,89312,89318,89314,6
1226,89428,89432,89428,4
1227,89473,89475,89473,2
1228,89489,89493,89489,4
1229,89526,89532,89526,6
1230,89619,89624,89619,5
1231,89704,89708,89704,4
1232,89743,89746,89743,3
1233,89786,89791,89787,5
1234,89801,89804,89801,3
1235,89818,89821,89818,3
1236,89891,89895,89891,4
1237,90046,90049,90046,3
1238,90102,90105,90102,3
1239,90209,90214,90209,5
1240,90233,90238,90235,5
1241,90326,90343,90328,17
1242,90369,90372,90370,3
1243,90410,90415,90410,5
1244,90454,90458,90454,4
1245,90514,90519,90515,5
1246,90614,90617,90614,3
1247,90666,90670,90666,4
1248,90717,90728,90717,11
1249,90772,90776,90772,4
1250,90946,90951,90948,5
1251,90957,90961,90957,4
1252,91060,91064,91060,4
1253,91134,91139,91137,5
1254,91168,91171,91168,3
1255,91293,91296,91293,3
1256,91338,91343,91340,5
1257,91348,91353,91350,5
1258,91393,91402,91393,9
1259,91437,91439,91437,2
1260,91444,91450,91446,6
1261,91505,91508,91505,3
1262,91515,91522,91518,7
1263,91562,91567,91562,5
1264,91620,91623,91620,3
1265,91704,91710,91706,6
1266,91732,91735,91732,3
1267,91774,91777,91774,3
1268,91833,91838,91835,5
1269,91909,91914,91909,5
1270,91962,91966,91962,4
1271,91991,91996,91993,5
1272,92035,92040,92037,5
1273,92066,92071,92066,5
1274,92150,92155,92150,5
1275,92204,92206,92204,2
1276,92257,92261,92258,4
1277,92304,92307,92304,3
1278,92424,92430,92426,6
1279,92438,92443,92440,5
1280,92504,92506,92504,2
1281,92530,92532,92530,2
1282,92581,92589,92582,8
1283,92643,92649,92645,6
1284,92672,92674,92672,2
1285,92718,92721,92718,3
1286,92767,92773,92769,6
1287,92913,92917,92913,4
1288,92934,92938,92934,4
1289,93050,93056,93050,6
1290,93088,93090,93088,2
1291,93148,93152,93148,4
1292,93256,93266,93258,10
1293,93267,93270,93267,3
1294,93316,93320,93317,4
1295,93353,93356,93353,3
1296,93422,93426,93422,4
1297,93501,93505,93502,4
1298,93521,93523,93521,2
1299,93549,93567,93549,18
1300,93606,93612,93606,6
1301,93646,93650,93646,4
1302,93682,93687,93682,5
1303,93940,93961,93940,21
1304,93962,93965,93962,3
1305,94010,94015,94012,5
1306,94078,94082,94080,4
1307,94159,94161,94159,2
1308,94244,94248,94244,4
1309,94254,94259,94255,5
1310,94310,94312,94310,2
1311,94353,94357,94353,4
1312,94402,94406,94402,4
1313,94421,94423,94421,2
1314,94449,94451,94449,2
1315,94475,94479,94475,4
1316,94546,94551,94548,5
1317,94567,94570,94567,3
1318,94599,94602,94599,3
1319,94628,94632,94628,4
1320,94669,94671,94669,2
1321,94712,94715,94712,3
1322,94775,94779,94775,4
1323,94791,94795,94791,4
1324,94828,94831,94828,3
1325,94867,94878,94867,11
1326,94935,94946,94937,11
1327,94947,94949,94947,2
1328,95005,95021,95005,16
1329,95036,95043,95038,7
1330,95050,95056,95052,6
1331,95130,95136,95130,6
1332,95205,95209,95205,4
1333,95222,95227,95222,5
1334,95244,95247,95244,3
1335,95258,95263,95261,5
1336,95332,95337,95332,5
1337,95343,95349,95345,6
1338,95396,95402,95398,6
1339,95409,95413,95410,4
1340,95447,95451,95447,4
1341,95483,95488,95483,5
1342,95495,95499,95495,4
1343,95599,95604,95599,5
1344,95676,95679,95676,3
1345,95743,95745,95743,2
1346,95892,95917,95892,25
1347,96034,96040,96034,6
1348,96236,96240,96236,4
1349,96286,96290,96286,4
1350,96301,96305,96301,4
1351,96331,96334,96331,3
1352,96341,96345,96341,4
1353,96419,96466,96419,47
1354,96467,96475,96467,8
1355,96591,96595,96591,4
1356,96656,96662,96658,6
1357,96728,96730,96728,2
1358,96767,96772,96767,5
1359,96784,96790,96787,6
1360,96826,96831,96826,5
1361,96876,96881,96878,5
1362,96903,96909,96903,6
1363,96974,96978,96974,4
1364,97064,97070,97066,6
1365,97117,97123,97119,6
1366,97243,97251,97243,8
1367,97273,97279,97276,6
1368,97300,97309,97302,9
1369,97330,97340,97332,10
1370,97398,97403,97400,5
1371,97444,97449,97446,5
1372,97486,97493,97486,7
1373,97557,97564,97557,7
1374,97594,97598,97594,4
1375,97623,97633,97624,10
1376,97634,97636,97634,2
1377,97672,97677,97674,5
1378,97704,97706,97704,2
1379,97733,97737,97734,4
1380,97769,97774,97771,5
1381,97845,97848,97845,3
1382,97885,97895,97888,10
1383,97962,97966,97965,4
1384,97977,97981,97978,4
1385,98023,98030,98025,7
1386,98047,98052,98050,5
1387,98112,98115,98113,3
1388,98223,98229,98227,6
1389,98294,98299,98296,5
1390,98357,98360,98357,3
1391,98503,98507,98503,4
1392,98536,98541,98538,5
1393,98578,98581,98578,3
1394,98641,98647,98643,6
1395,98662,98671,98662,9
1396,98725,98728,98725,3
1397,98848,98855,98848,7
1398,98892,98901,98892,9
1399,98924,98929,98924,5
1400,99082,99091,99083,9
1401,99206,99223,99207,17
1402,99331,99336,99331,5
1403,99473,99484,99473,11
1404,99485,99489,99485,4
1405,99493,99500,99496,7
1406,99599,99625,99599,26
1407,99626,99630,99626,4
1408,99674,99679,99676,5
1409,99714,99719,99714,5
1410,99767,99770,99767,3
1411,99806,99812,99809,6
1412,99879,99883,99879,4
1413,99945,99947,99945,2
1414,100059,100064,100061,5
1415,100164,100166,100164,2
1416,100216,100220,100216,4
1417,100259,100265,100262,6
1418,100303,100309,100306,6
1419,100341,100346,100343,5
1420,100384,100387,100384,3
1421,100459,100462,100459,3
1422,100517,100520,100517,3
1423,100544,100550,100546,6
1424,100600,100603,100600,3
1425,100648,100652,100648,4
1426,100685,100689,100686,4
1427,100729,100732,100729,3
1428,100768,100774,100770,6
1429,100781,100785,100783,4
1430,100838,100843,100838,5
1431,100871,100876,100873,5
1432,100921,100924,100921,3
1433,100980,100986,100980,6
1434,101011,101014,101011,3
1435,101057,101068,101057,11
1436,101098,101105,101100,7
1437,101155,101158,101155,3
1438,101196,101199,101196,3
1439,101233,101239,101234,6
1440,101242,101248,101245,6
1441,101291,101299,101291,8
1442,101317,101319,101317,2
1443,101357,101360,101357,3
1444,101394,101396,101394,2
1445,101488,101491,101488,3
1446,101547,101551,101547,4
1447,101567,101569,101567,2
1448,101645,101648,101645,3
1449,101669,101673,101669,4
1450,101715,101718,101715,3
1451,101734,101738,101734,4
1452,101771,101774,101771,3
1453,101828,101835,101831,7
1454,101856,101861,101858,5
1455,102195,102202,102195,7
1456,102255,102261,102255,6
1457,102358,102364,102358,6
1458,102430,102436,102430,6
1459,102783,102788,102784,5
1460,102852,102856,102852,4
1461,102870,102873,102870,3
1462,102965,102970,102965,5
1463,103065,103068,103065,3
1464,103108,103112,103108,4
1465,103180,103185,103180,5
1466,103188,103193,103191,5
1467,103215,103217,103215,2
1468,103269,103274,103272,5
1469,103324,103327,103324,3
1470,103359,103362,103359,3
1471,103388,103394,103388,6
1472,103441,103444,103441,3
1473,103467,103473,103467,6
1474,103559,103562,103559,3
1475,103706,103709,103706,3
1476,103756,103762,103756,6
1477,103790,103794,103790,4
1478,103804,103813,103804,9
1479,103940,103945,103940,5
1480,104020,104059,104020,39
1481,104075,104079,104075,4
1482,104136,104139,104136,3
1483,104196,104204,104196,8
1484,104283,104286,104283,3
1485,104303,104306,104303,3
1486,104403,104406,104403,3
1487,104436,104443,104436,7
1488,104562,104583,104562,21
1489,104622,104627,104624,5
1490,104719,104723,104720,4
1491,104745,104749,104745,4
1492,104850,104854,104850,4
1493,104986,104988,104986,2
1494,104994,105000,104996,6
1495,105063,105069,105063,6
1496,105077,105082,105079,5
1497,105150,105158,105151,8
1498,105217,105219,105217,2
1499,105252,105260,105252,8
1500,105291,105295,105291,4
1501,105342,105345,105342,3
1502,105404,105407,105404,3
1503,105473,105477,105473,4
1504,105509,105513,105509,4
1505,105558,105562,105558,4
1506,105604,105609,105606,5
1507,105642,105645,105642,3
1508,105681,105683,105681,2
1509,105725,105733,105727,8
1510,106066,106069,106066,3
1511,106095,106098,106095,3
1512,106159,106162,106159,3
1513,106211,106215,106211,4
1514,106239,106242,106239,3
1515,106298,106301,106298,3
1516,106342,106345,106342,3
1517,106414,106417,106414,3
1518,106619,106625,106621,6
1519,106699,106702,106699,3
1520,106743,106745,106743,2
1521,106786,106789,106786,3
1522,106874,106877,106874,3
1523,106938,106941,106938,3
1524,106994,106999,106996,5
1525,107102,107113,107105,11
1526,107147,107151,107147,4
1527,107284,107291,107287,7
1528,107317,107327,107320,10
1529,107446,107452,107448,6
1530,107522,107530,107522,8
1531,107596,107601,107596,5
1532,107638,107644,107640,6
1533,107702,107705,107702,3
1534,107864,107872,107865,8
1535,107936,107942,107938,6
1536,108003,108007,108005,4
1537,108029,108040,108029,11
1538,108083,108089,108085,6
1539,108209,108216,108209,7
1540,108226,108230,108228,4
1541,108242,108251,108242,9
1542,108306,108311,108308,5
1543,108373,108378,108375,5
1544,108517,108520,108517,3
1545,108528,108533,108530,5
1546,108615,108621,108617,6
1547,108658,108665,108660,7
1548,108705,108727,108705,22
1549,108841,108847,108843,6
1550,108922,108925,108922,3
1551,108976,108980,108978,4
1552,109023,109026,109023,3
1553,109038,109041,109038,3
1554,109113,109120,109113,7
1555,109218,109220,109218,2
1556,109307,109332,109307,25
1557,109333,109337,109333,4
1558,109382,109389,109384,7
1559,109462,109466,109464,4
1560,109516,109522,109519,6
1561,109584,109588,109586,4
1562,109642,109645,109642,3
1563,109688,109693,109688,5
1564,109739,109742,109739,3
1565,109834,109837,109834,3
1566,109884,109890,109886,6
1567,109901,109905,109901,4
1568,110024,110030,110024,6
1569,110060,110088,110060,28
1570,110089,110092,110089,3
1571,110132,110138,110134,6
1572,110192,110195,110192,3
1573,110222,110226,110222,4
1574,110238,110240,110238,2
1575,110292,110299,110294,7
1576,110340,110342,110340,2
1577,110421,110426,110423,5
1578,110447,110452,110449,5
1579,110497,110501,110497,4
1580,110548,110550,110548,2
1581,110572,110576,110574,4
1582,110617,110622,110619,5
1583,110656,110659,110656,3
1584,110681,110683,110681,2
1585,110693,110696,110693,3
1586,110730,110733,110730,3
1587,110742,110745,110742,3
1588,110779,110782,110779,3
1589,110851,110856,110853,5
1590,110880,110883,110880,3
1591,111001,111006,111001,5
1592,111009,111013,111011,4
1593,111037,111040,111037,3
1594,111080,111085,111082,5
1595,111129,111134,111129,5
1596,111208,111214,111210,6
1597,111322,111326,111322,4
1598,111378,111389,111378,11
1599,111430,111433,111430,3
1600,111439,111442,111439,3
1601,111515,111518,111515,3
1602,111577,111582,111577,5
1603,111674,111679,111674,5
1604,111692,111696,111694,4
1605,111786,111791,111787,5
1606,111862,111865,111862,3
1607,111899,111910,111899,11
1608,111925,111929,111925,4
1609,112008,112010,112008,2
1610,112194,112197,112194,3
1611,112407,112410,112408,3
1612,112680,112685,112680,5
1613,112765,112771,112765,6
1614,112789,112795,112791,6
1615,112838,112842,112839,4
1616,112919,112933,112919,14
1617,112970,113061,112970,91
1618,113062,113064,113062,2
1619,113144,113152,113147,8
1620,113196,113199,113196,3
1621,113260,113265,113260,5
1622,113308,113315,113310,7
1623,113377,113382,113380,5
1624,113447,113450,113447,3
1625,113486,113489,113486,3
1626,113575,113577,113575,2
1627,113631,113635,113631,4
1628,113644,113646,113644,2
1629,113685,113687,113685,2
1630,113740,113743,113742,3
1631,113759,113780,113761,21
1632,113786,113791,113788,5
1633,113875,113879,113875,4
1634,113918,113921,113918,3
1635,114092,114097,114092,5
1636,114102,114106,114102,4
1637,114160,114181,114160,21
1638,114220,114224,114220,4
1639,114317,114324,114319,7
1640,114413,114424,114415,11
1641,114571,114577,114571,6
1642,114693,114698,114694,5
1643,114829,114835,114829,6
1644,114946,114951,114948,5
1645,114978,114986,114978,8
1646,115036,115042,115036,6
1647,115138,115145,115138,7
1648,115148,115153,115150,5
1649,115194,115199,115194,5
1650,115296,115303,115298,7
1651,115421,115423,115421,2
1652,115720,115724,115720,4
1653,115843,115862,115843,19
1654,115994,115997,115994,3
1655,116045,116049,116046,4
1656,116184,116187,116184,3
1657,116277,116279,116277,2
1658,116375,116396,116375,21
1659,116406,116410,116406,4
1660,116432,116435,116432,3
1661,116523,116530,116525,7
1662,116550,116555,116552,5
1663,116569,116575,116571,6
1664,116651,116659,116651,8
1665,116677,116683,116679,6
1666,116782,116786,116782,4
1667,116800,116804,116801,4
1668,116905,116911,116907,6
1669,117008,117014,117010,6
1670,117074,117077,117074,3
1671,117198,117201,117198,3
1672,117245,117248,117245,3
1673,117280,117285,117280,5
1674,117320,117327,117322,7
1675,117422,117425,117422,3
1676,117500,117506,117502,6
1677,117596,117601,117596,5
1678,117885,117889,117885,4
1679,118004,118008,118004,4
1680,118039,118044,118041,5
1681,118158,118204,118158,46
1682,118205,118209,118205,4
1683,118263,118267,118263,4
1684,118369,118375,118369,6
1685,118419,118425,118419,6
1686,118490,118493,118490,3
1687,118614,118619,118615,5
1688,118727,118730,118727,3
1689,118789,118795,118791,6
1690,118872,118878,118872,6
1691,118944,119245,118944,301
1692,119246,119251,119246,5
1693,119328,119339,119330,11
1694,119360,119367,119363,7
1695,119475,119478,119475,3
1696,119547,119551,119548,4
1697,119582,119588,119584,6
1698,119784,119817,119784,33
1699,119959,119961,119959,2
1700,120180,120186,120181,6
1701,120272,120278,120272,6
1702,120297,120302,120299,5
1703,120333,120336,120333,3
1704,120417,120420,120417,3
1705,120553,120562,120556,9
1706,120696,120699,120696,3
1707,120759,120764,120759,5
1708,120848,120854,120848,6
1709,120951,120955,120951,4
1710,121014,121019,121014,5
1711,121190,121208,121190,18
1712,121449,121478,121449,29
1713,121479,121490,121479,11
1714,121533,121538,121533,5
1715,121592,121598,121592,6
1716,121628,121635,121630,7
1717,121661,121665,121661,4
1718,121706,121709,121706,3
1719,121825,121827,121825,2
1720,121918,121925,121918,7
1721,121971,121975,121971,4
1722,122028,122036,122028,8
1723,122083,122086,122083,3
1724,122100,122103,122100,3
1725,122135,122144,122135,9
1726,122188,122194,122188,6
1727,122198,122204,122200,6
1728,122370,122374,122371,4
1729,122438,122442,122438,4
1730,122450,122461,122453,11
1731,122505,122510,122507,5
1732,122535,122540,122535,5
1733,122678,122703,122678,25
1734,122822,122825,122822,3
1735,122830,122834,122832,4
1736,122983,122987,122983,4
1737,123001,123007,123003,6
1738,123030,123036,123032,6
1739,123098,123114,123098,16
1740,123130,123133,123130,3
1741,123192,123195,123192,3
1742,123199,123204,123202,5
1743,123261,123264,123261,3
1744,123297,123301,123297,4
1745,123313,123317,123313,4
1746,123346,123349,123346,3
