,Start_blink,End_blink,Blink_frame,No_of_frames
0,20,23,20,3
1,96,230,96,134
2,231,234,231,3
3,273,278,275,5
4,307,319,307,12
5,344,352,344,8
6,511,515,511,4
7,571,576,572,5
8,615,618,615,3
9,655,667,655,12
10,689,705,689,16
11,785,814,785,29
12,815,817,815,2
13,861,867,863,6
14,959,964,961,5
15,985,991,986,6
16,1060,1065,1061,5
17,1071,1074,1071,3
18,1113,1116,1113,3
19,1155,1158,1155,3
20,1252,1259,1252,7
21,1267,1270,1267,3
22,1323,1327,1325,4
23,1396,1400,1398,4
24,1419,1423,1421,4
25,1439,1441,1439,2
26,1477,1482,1477,5
27,1514,1518,1514,4
28,1528,1531,1528,3
29,1591,1596,1593,5
30,1654,1661,1654,7
31,1694,1698,1694,4
32,1716,1718,1716,2
33,1728,1732,1728,4
34,1772,1782,1772,10
35,1815,1819,1815,4
36,1846,1852,1846,6
37,1873,1883,1873,10
38,1907,1913,1907,6
39,1958,1960,1958,2
40,1973,1978,1975,5
41,2048,2054,2048,6
42,2119,2124,2119,5
43,2166,2175,2166,9
44,2216,2223,2216,7
45,2258,2261,2258,3
46,2333,2336,2333,3
47,2388,2395,2388,7
48,2438,2445,2440,7
49,2496,2500,2496,4
50,2554,2562,2554,8
51,2613,2617,2613,4
52,2726,2728,2726,2
53,2768,2771,2770,3
54,2816,2820,2816,4
55,2833,2837,2834,4
56,2857,2861,2857,4
57,2910,2916,2913,6
58,3013,3017,3013,4
59,3052,3056,3052,4
60,3115,3120,3115,5
61,3186,3189,3186,3
62,3254,3262,3254,8
63,3286,3291,3286,5
64,3309,3313,3310,4
65,3328,3332,3328,4
66,3365,3378,3365,13
67,3414,3420,3414,6
68,3493,3496,3493,3
69,3556,3559,3556,3
70,3593,3595,3593,2
71,3623,3628,3625,5
72,3649,3654,3651,5
73,3680,3686,3683,6
74,3689,3695,3692,6
75,3722,3735,3722,13
76,3748,3755,3748,7
77,3775,3780,3777,5
78,3805,3807,3805,2
79,3869,3872,3869,3
80,3887,3891,3887,4
81,3915,3918,3915,3
82,3951,3954,3951,3
83,3990,3994,3990,4
84,4041,4067,4041,26
85,4068,4071,4068,3
86,4089,4095,4091,6
87,4182,4186,4182,4
88,4244,4246,4244,2
89,4274,4276,4274,2
90,4373,4387,4373,14
91,4439,4445,4441,6
92,4502,4505,4502,3
93,4545,4561,4545,16
94,4642,4645,4642,3
95,4713,4722,4713,9
96,4763,4769,4765,6
97,4794,4800,4794,6
98,4836,4841,4838,5
99,4872,4875,4872,3
100,4990,4999,4990,9
101,5043,5047,5043,4
102,5051,5058,5053,7
103,5103,5107,5103,4
104,5163,5207,5163,44
105,5273,5278,5275,5
106,5325,5330,5326,5
107,5410,5413,5410,3
108,5459,5462,5459,3
109,5524,5542,5524,18
110,5608,5612,5608,4
111,5641,5644,5641,3
112,5714,5721,5716,7
113,5766,5782,5766,16
114,5826,5830,5826,4
115,5898,5903,5898,5
116,5912,5916,5912,4
117,5926,5931,5926,5
118,5970,5986,5970,16
119,6036,6049,6036,13
120,6066,6072,6068,6
121,6093,6098,6096,5
122,6112,6114,6112,2
123,6126,6131,6128,5
124,6171,6175,6171,4
125,6201,6206,6203,5
126,6264,6266,6264,2
127,6293,6297,6293,4
128,6336,6339,6336,3
129,6345,6348,6346,3
130,6415,6428,6415,13
131,6461,6466,6463,5
132,6498,6501,6498,3
133,6546,6558,6547,12
134,6588,6591,6588,3
135,6656,6659,6656,3
136,6706,6709,6706,3
137,6736,6741,6736,5
138,6769,6773,6770,4
139,6825,6831,6825,6
140,6857,6871,6857,14
141,6900,6903,6900,3
142,6954,6958,6954,4
143,6989,6995,6989,6
144,7038,7040,7038,2
145,7067,7072,7069,5
146,7101,7103,7101,2
147,7138,7143,7138,5
148,7182,7188,7182,6
149,7210,7215,7211,5
150,7265,7271,7265,6
151,7505,7519,7505,14
152,7535,7537,7535,2
153,7600,7613,7600,13
154,7656,7662,7656,6
155,7682,7694,7682,12
156,7753,7760,7753,7
157,7788,7792,7788,4
158,7835,7838,7835,3
159,7907,7911,7907,4
160,8034,8041,8034,7
161,8102,8107,8102,5
162,8161,8166,8163,5
163,8189,8194,8189,5
164,8229,8233,8229,4
165,8274,8280,8277,6
166,8429,8433,8430,4
167,8472,8481,8472,9
168,8530,8539,8530,9
169,8540,8543,8540,3
170,8600,8605,8600,5
171,8624,8630,8626,6
172,8665,8669,8667,4
173,8713,8722,8716,9
174,8765,8769,8765,4
175,8773,8778,8776,5
176,8811,8816,8811,5
177,8935,8941,8935,6
178,9029,9031,9029,2
179,9137,9140,9137,3
180,9161,9240,9161,79
181,9241,9250,9241,9
182,9291,9293,9291,2
183,9348,9350,9348,2
184,9367,9393,9367,26
185,9412,9415,9412,3
186,9444,9447,9444,3
187,9499,9514,9499,15
188,9564,9567,9564,3
189,9585,9589,9585,4
190,9673,9678,9673,5
191,9732,9734,9732,2
192,9783,9788,9783,5
193,9853,9857,9853,4
194,9887,9907,9887,20
195,9919,9926,9921,7
196,9956,9960,9956,4
197,9968,9971,9968,3
198,10018,10036,10018,18
199,10293,10299,10293,6
200,10462,10466,10462,4
201,10487,10491,10487,4
202,10549,10554,10549,5
203,10656,10661,10658,5
204,10703,10722,10703,19
205,10723,10726,10723,3
206,10855,10858,10855,3
207,10884,10888,10884,4
208,10987,10997,10987,10
209,11057,11062,11059,5
210,11095,11124,11095,29
211,11167,11180,11167,13
212,11221,11224,11221,3
213,11248,11270,11248,22
214,11291,11299,11291,8
215,11407,11410,11407,3
216,11494,11499,11496,5
217,11786,11791,11786,5
218,12246,12303,12246,57
219,12304,12308,12304,4
220,12559,12578,12559,19
221,12655,12663,12655,8
222,12681,12685,12681,4
223,12875,12887,12875,12
224,13005,13020,13005,15
225,13138,13144,13138,6
226,13371,13376,13371,5
227,13431,13441,13434,10
228,13469,13474,13469,5
229,13612,13617,13612,5
230,13627,13631,13627,4
231,13674,13679,13676,5
232,13782,13789,13782,7
233,13844,13851,13846,7
234,13875,13878,13875,3
235,13944,13950,13946,6
236,14018,14023,14021,5
237,14129,14133,14129,4
238,14203,14208,14205,5
239,14384,14387,14384,3
240,14520,14525,14523,5
241,14585,14590,14588,5
242,14607,14611,14607,4
243,14651,14655,14651,4
244,14792,14795,14792,3
245,14863,14866,14863,3
246,14888,14893,14888,5
247,15001,15009,15002,8
248,15050,15054,15051,4
249,15090,15094,15091,4
250,15140,15145,15142,5
251,15219,15225,15219,6
252,15268,15273,15268,5
253,15295,15298,15295,3
254,15309,15315,15309,6
255,15414,15418,15414,4
256,15660,15668,15660,8
257,15715,15725,15715,10
258,15726,15732,15726,6
259,15866,15871,15866,5
260,15877,15880,15877,3
261,15925,15928,15925,3
262,15984,15986,15984,2
263,16016,16030,16016,14
264,16056,16064,16058,8
265,16105,16108,16105,3
266,16196,16222,16196,26
267,16227,16230,16227,3
268,16258,16272,16258,14
269,16310,16322,16310,12
270,16355,16359,16355,4
271,16365,16368,16365,3
272,16410,16414,16410,4
273,16458,16460,16458,2
274,16487,16491,16487,4
275,16498,16500,16498,2
276,16559,16562,16559,3
277,16590,16594,16590,4
278,16708,16712,16708,4
279,16717,16721,16719,4
280,16836,16839,16836,3
281,16913,16918,16913,5
282,16951,16972,16951,21
283,17021,17028,17021,7
284,17037,17043,17038,6
285,17108,17112,17108,4
286,17153,17156,17153,3
287,17197,17200,17197,3
288,17323,17328,17323,5
289,17345,17348,17345,3
290,17546,17549,17546,3
291,17588,17594,17590,6
292,17639,17641,17639,2
293,17676,17681,17676,5
294,17756,17761,17756,5
295,17897,17907,17897,10
296,17997,18000,17997,3
297,18058,18061,18058,3
298,18192,18197,18192,5
299,18315,18320,18315,5
300,18409,18412,18409,3
301,18538,18546,18538,8
302,18551,18553,18551,2
303,18627,18631,18627,4
304,18763,18765,18763,2
305,18806,18809,18806,3
306,18839,18842,18839,3
307,18865,18872,18865,7
308,18946,18950,18946,4
309,19052,19055,19052,3
310,19098,19102,19099,4
311,19156,19162,19156,6
312,19185,19192,19187,7
313,19224,19228,19225,4
314,19276,19279,19276,3
315,19433,19439,19433,6
316,19618,19627,19618,9
317,19808,19835,19808,27
318,19975,19984,19975,9
319,20036,20056,20036,20
320,20079,20086,20079,7
321,20142,20159,20142,17
322,20251,20254,20251,3
323,20265,20272,20267,7
324,20294,20297,20294,3
325,20451,20457,20451,6
326,20496,20501,20496,5
327,20509,20513,20509,4
328,20569,20574,20571,5
329,20786,20795,20786,9
330,20840,20844,20840,4
331,20874,20880,20876,6
332,20937,20940,20937,3
333,20973,20976,20974,3
334,20984,20987,20984,3
335,21041,21044,21041,3
336,21081,21090,21081,9
337,21221,21230,21221,9
338,21284,21287,21284,3
339,21554,21571,21554,17
340,21614,21618,21614,4
341,21650,21655,21653,5
342,21768,21772,21768,4
343,21854,21856,21854,2
344,22039,22045,22041,6
345,22285,22288,22285,3
346,22312,22324,22312,12
347,22443,22449,22443,6
348,22515,22526,22516,11
349,22527,22529,22527,2
350,22594,22601,22594,7
351,22627,22631,22627,4
352,22662,22666,22662,4
353,22685,22689,22685,4
354,22740,22745,22740,5
355,22754,22757,22754,3
356,22834,22837,22834,3
357,22913,22930,22913,17
358,23082,23087,23082,5
359,23150,23158,23150,8
360,23196,23199,23196,3
361,23212,23216,23214,4
362,23225,23231,23226,6
363,23284,23288,23285,4
364,23363,23374,23363,11
365,23434,23438,23434,4
366,23665,23692,23665,27
367,23727,23732,23728,5
368,23826,23829,23826,3
369,23967,23976,23970,9
370,23982,23986,23984,4
371,24092,24097,24094,5
372,24200,24206,24200,6
373,24327,24332,24329,5
374,24367,24371,24367,4
375,24472,24480,24474,8
376,24549,24553,24549,4
377,24558,24561,24558,3
378,24631,24634,24631,3
379,24765,24772,24765,7
380,24785,24791,24785,6
381,24833,24839,24835,6
382,24847,24852,24849,5
383,24915,24923,24915,8
384,24924,24928,24924,4
385,24966,24970,24966,4
386,25087,25092,25087,5
387,25126,25129,25126,3
388,25168,25176,25170,8
389,25191,25196,25194,5
390,25232,25243,25233,11
391,25244,25247,25244,3
392,25362,25368,25364,6
393,25389,25391,25389,2
394,25453,25456,25453,3
395,25489,25496,25492,7
396,25526,25532,25526,6
397,25584,25591,25586,7
398,25641,25656,25641,15
399,25657,25659,25657,2
400,25706,25710,25706,4
401,25734,25740,25734,6
402,25746,25751,25748,5
403,25874,25879,25874,5
404,25960,25963,25960,3
405,26041,26044,26041,3
406,26171,26192,26171,21
407,26245,26250,26247,5
408,26323,26327,26323,4
409,26367,26371,26367,4
410,26550,26557,26550,7
411,26719,26723,26719,4
412,26728,26731,26728,3
413,26834,26837,26834,3
414,26848,26851,26848,3
415,26972,26977,26972,5
416,27115,27136,27115,21
417,27193,27196,27193,3
418,27266,27268,27266,2
419,27316,27319,27316,3
420,27344,27348,27344,4
421,27405,27414,27406,9
422,27511,27517,27511,6
423,27768,27772,27768,4
424,27777,27779,27777,2
425,27822,27825,27822,3
426,27854,27877,27854,23
427,27997,28000,27997,3
428,28124,28131,28124,7
429,28173,28176,28173,3
430,28182,28184,28182,2
431,28309,28313,28309,4
432,28398,28401,28398,3
433,28456,28460,28456,4
434,28496,28499,28496,3
435,28562,28567,28564,5
436,28604,28608,28604,4
437,28647,28652,28650,5
438,28676,28679,28676,3
439,28768,28772,28768,4
440,28851,28854,28851,3
441,28918,28921,28918,3
442,28971,28975,28973,4
443,29031,29034,29031,3
444,29103,29107,29103,4
445,29263,29355,29263,92
446,29356,29359,29356,3
447,29523,29526,29523,3
448,29724,29731,29724,7
449,29889,29892,29889,3
450,29915,29923,29915,8
451,29924,29927,29924,3
452,30089,30095,30089,6
453,30210,30222,30213,12
454,30270,30275,30272,5
455,30309,30313,30310,4
456,30360,30365,30361,5
457,30395,30401,30397,6
458,30547,30553,30549,6
459,30636,30644,30637,8
460,30801,30810,30801,9
461,30860,30864,30860,4
462,30929,30933,30929,4
463,30950,30954,30950,4
464,31140,31145,31140,5
465,31199,31205,31201,6
466,31270,31273,31270,3
467,31292,31296,31294,4
468,31309,31458,31309,149
469,31459,31464,31459,5
470,31575,31579,31577,4
471,31593,31648,31593,55
472,31676,31681,31677,5
473,31777,31784,31779,7
474,31819,31829,31822,10
475,31840,31845,31843,5
476,31855,31860,31857,5
477,31959,31963,31959,4
478,32001,32016,32001,15
479,32017,32020,32017,3
480,32083,32090,32083,7
481,32109,32114,32109,5
482,32158,32200,32158,42
483,32201,32235,32201,34
484,32314,32332,32314,18
485,32375,32380,32375,5
486,32419,32424,32420,5
487,32469,32472,32469,3
488,32526,32530,32527,4
489,32607,32612,32607,5
490,32618,32620,32618,2
491,32706,32709,32706,3
492,32760,32767,32762,7
493,32879,32891,32879,12
494,32996,33004,32998,8
495,33058,33078,33058,20
496,33109,33115,33111,6
497,33159,33163,33159,4
498,33190,33197,33192,7
499,33353,33356,33353,3
500,33421,33424,33421,3
501,33431,33434,33431,3
502,33444,33446,33444,2
503,33502,33513,33503,11
504,33514,33517,33514,3
505,33573,33576,33573,3
506,33593,33595,33593,2
507,33649,33652,33649,3
508,33688,33696,33690,8
509,33720,33725,33720,5
510,33764,33769,33766,5
511,33811,33815,33811,4
512,33861,33865,33861,4
513,33883,33888,33885,5
514,33899,33901,33899,2
515,34034,34038,34034,4
516,34142,34156,34142,14
517,34325,34328,34325,3
518,34385,34388,34385,3
519,34530,34534,34530,4
520,34555,34561,34555,6
521,34612,34619,34612,7
522,34666,34669,34666,3
523,34727,34732,34727,5
524,34801,34826,34803,25
525,34877,34880,34877,3
526,34998,35002,34998,4
527,35044,35048,35044,4
528,35117,35120,35117,3
529,35162,35166,35164,4
530,35331,35334,35331,3
531,35472,35484,35472,12
532,35588,35592,35588,4
533,35649,35653,35649,4
534,35774,35779,35774,5
535,35921,35925,35923,4
536,35953,35956,35953,3
537,36065,36072,36065,7
538,36081,36084,36081,3
539,36093,36098,36093,5
540,36206,36209,36206,3
541,36486,36491,36487,5
542,36531,36536,36531,5
543,36598,36606,36598,8
544,36634,36637,36634,3
545,36673,36676,36673,3
546,36706,36710,36706,4
547,36716,36720,36717,4
548,36842,36847,36842,5
549,36894,36898,36894,4
550,36943,36947,36943,4
551,36974,36977,36974,3
552,37059,37063,37059,4
553,37114,37118,37116,4
554,37171,37174,37171,3
555,37213,37219,37213,6
556,37224,37227,37224,3
557,37321,37325,37321,4
558,37380,37383,37380,3
559,37392,37397,37394,5
560,37410,37414,37412,4
561,37489,37495,37489,6
562,37568,37575,37568,7
563,37647,37650,37647,3
564,37930,37936,37930,6
565,38031,38039,38031,8
566,38048,38070,38048,22
567,38071,38106,38071,35
568,38119,38123,38121,4
569,38174,38179,38176,5
570,38184,38189,38186,5
571,38351,38353,38351,2
572,38420,38429,38421,9
573,38483,38512,38483,29
574,38622,38638,38622,16
575,38682,38689,38683,7
576,38736,38742,38738,6
577,38814,38821,38817,7
578,38864,38872,38867,8
579,38884,38893,38887,9
580,38932,38939,38935,7
581,38943,38951,38946,8
582,38986,38990,38987,4
583,39026,39029,39026,3
584,39072,39078,39075,6
585,39111,39117,39113,6
586,39123,39128,39125,5
587,39189,39202,39189,13
588,39226,39232,39228,6
589,39277,39283,39280,6
590,39312,39321,39315,9
591,39360,39366,39362,6
592,39476,39479,39476,3
593,39530,39535,39532,5
594,39569,39574,39572,5
595,39685,39705,39687,20
596,39775,39784,39778,9
597,39829,39835,39832,6
598,39931,39938,39934,7
599,39984,39990,39986,6
600,40040,40045,40040,5
601,40099,40102,40099,3
602,40148,40156,40150,8
603,40231,40235,40231,4
604,40315,40318,40315,3
605,40380,40384,40380,4
606,40456,40461,40457,5
607,40478,40485,40478,7
608,40569,40575,40571,6
609,40608,40619,40608,11
610,40673,40677,40673,4
611,40733,40737,40733,4
612,40843,40846,40843,3
613,40881,40884,40881,3
614,40942,40945,40942,3
615,40979,40987,40979,8
616,41043,41051,41043,8
617,41101,41113,41101,12
618,41117,41125,41120,8
619,41145,41150,41147,5
620,41194,41198,41194,4
621,41235,41252,41235,17
622,41253,41259,41253,6
623,41399,41404,41401,5
624,41449,41520,41449,71
625,41538,41600,41538,62
626,41696,41707,41696,11
627,41734,41742,41737,8
628,41910,41921,41912,11
629,41960,41964,41960,4
630,42032,42037,42033,5
631,42056,42064,42056,8
632,42089,42093,42091,4
633,42233,42237,42234,4
634,42270,42272,42270,2
635,42335,42338,42335,3
636,42392,42397,42392,5
637,42451,42454,42451,3
638,42537,42540,42537,3
639,42583,42585,42583,2
640,42632,42637,42634,5
641,42641,42646,42644,5
642,42755,42759,42757,4
643,42823,42842,42823,19
644,42843,42846,42843,3
645,42940,42968,42942,28
646,43026,43030,43026,4
647,43062,43066,43062,4
648,43123,43128,43125,5
649,43174,43181,43174,7
650,43345,43351,43347,6
651,43416,43434,43416,18
652,43492,43497,43494,5
653,43501,43507,43504,6
654,43579,43585,43582,6
655,43698,43703,43701,5
656,43756,43760,43756,4
657,43795,43801,43797,6
658,43885,43902,43885,17
659,44102,44109,44102,7
660,44430,44438,44430,8
661,44480,44483,44480,3
662,44530,44535,44532,5
663,44625,44628,44625,3
664,44698,44702,44698,4
665,44797,44803,44797,6
666,44944,44967,44947,23
667,45090,45095,45093,5
668,45194,45201,45197,7
669,45263,45268,45265,5
670,45348,45360,45351,12
671,45366,45376,45368,10
672,45428,45433,45428,5
673,45478,45482,45479,4
674,45511,45516,45513,5
675,45570,45575,45572,5
676,45634,45643,45637,9
677,45712,45719,45714,7
678,45746,45754,45746,8
679,45808,45814,45810,6
680,45896,45915,45896,19
681,46006,46019,46007,13
682,46066,46069,46066,3
683,46083,46110,46083,27
684,46134,46138,46136,4
685,46219,46238,46220,19
686,46294,46316,46294,22
687,46449,46454,46449,5
688,46558,46564,46558,6
689,46574,46578,46574,4
690,46596,46599,46596,3
691,46645,46650,46645,5
692,46682,46688,46682,6
693,46696,46699,46696,3
694,46735,46741,46735,6
695,46747,46751,46748,4
696,46814,46817,46814,3
697,46867,46870,46867,3
698,46943,46948,46943,5
699,47025,47033,47025,8
700,47042,47045,47042,3
701,47215,47220,47215,5
702,47282,47285,47282,3
703,47315,47320,47317,5
704,47383,47387,47385,4
705,47638,47641,47638,3
706,47740,47747,47741,7
707,47820,47824,47820,4
708,47988,47991,47988,3
709,48032,48041,48032,9
710,48048,48050,48048,2
711,48144,48149,48146,5
712,48183,48190,48183,7
713,48215,48218,48215,3
714,48263,48266,48263,3
715,48332,48347,48334,15
716,48375,48382,48378,7
717,48451,48466,48451,15
718,48467,48470,48467,3
719,48516,48521,48519,5
720,48590,48596,48592,6
721,48725,48730,48727,5
722,48881,48898,48881,17
723,48899,48902,48899,3
724,48965,48971,48965,6
725,49076,49078,49076,2
726,49094,49099,49095,5
727,49171,49180,49172,9
728,49185,49191,49186,6
729,49197,49199,49197,2
730,49258,49261,49258,3
731,49357,49365,49357,8
732,49497,49509,49497,12
733,49546,49552,49546,6
734,49609,49613,49609,4
735,49964,49982,49965,18
736,50115,50125,50115,10
737,50126,50128,50126,2
738,50182,50193,50182,11
739,50212,50215,50212,3
740,50412,50415,50412,3
741,50469,50478,50471,9
742,50529,50536,50531,7
743,50569,50574,50571,5
744,50605,50609,50605,4
745,50646,50651,50648,5
746,50665,50671,50665,6
747,50722,50725,50722,3
748,50805,50812,50808,7
749,50936,50939,50936,3
750,50957,50960,50957,3
751,51040,51049,51042,9
752,51097,51107,51097,10
753,51234,51238,51234,4
754,51342,51350,51342,8
755,51423,51426,51423,3
756,51480,51485,51480,5
757,51507,51511,51507,4
758,51560,51562,51560,2
759,51637,51640,51637,3
760,51680,51684,51680,4
761,51784,51788,51784,4
762,51805,51808,51806,3
763,51828,51831,51828,3
764,51894,51898,51894,4
765,51980,51984,51980,4
766,52028,52031,52028,3
767,52071,52073,52071,2
768,52104,52107,52104,3
769,52111,52118,52114,7
770,52177,52190,52177,13
771,52227,52231,52228,4
772,52285,52287,52285,2
773,52347,52351,52347,4
774,52357,52362,52357,5
775,52395,52398,52395,3
776,52422,52440,52423,18
777,52558,52561,52558,3
778,52569,52572,52569,3
779,52613,52616,52613,3
780,52659,52663,52659,4
781,52677,52679,52677,2
782,52714,52717,52714,3
783,52726,52730,52727,4
784,52793,52797,52793,4
785,52887,52891,52888,4
786,52926,52928,52926,2
787,52938,52941,52938,3
788,52990,52993,52990,3
789,53004,53009,53004,5
790,53026,53029,53026,3
791,53085,53087,53085,2
792,53161,53167,53163,6
793,53214,53218,53214,4
794,53252,53257,53254,5
795,53384,53388,53386,4
796,53550,53562,53550,12
797,53678,53683,53681,5
798,53774,53781,53776,7
799,53807,53839,53807,32
800,53840,53845,53840,5
801,53946,53949,53946,3
802,54097,54102,54099,5
803,54228,54232,54228,4
804,54319,54322,54319,3
805,54368,54372,54369,4
806,54656,54661,54658,5
807,54767,54771,54767,4
808,54833,54844,54833,11
809,54931,54934,54931,3
810,54955,54960,54957,5
811,55016,55017,55016,1
812,55075,55079,55075,4
813,55146,55150,55146,4
814,55198,55202,55198,4
815,55327,55357,55327,30
816,55358,55361,55358,3
817,55371,55426,55371,55
818,55598,55631,55598,33
819,55685,55689,55687,4
820,55825,55828,55825,3
821,55945,55951,55948,6
822,56076,56082,56076,6
823,56139,56200,56139,61
824,56256,56263,56256,7
825,56364,56368,56364,4
826,56654,56667,56654,13
827,56980,56995,56980,15
828,57009,57013,57009,4
829,57135,57137,57135,2
830,57156,57161,57156,5
831,57217,57223,57220,6
832,57379,57383,57379,4
833,57614,57618,57616,4
834,57628,57637,57631,9
835,57787,57798,57787,11
836,57845,57850,57847,5
837,57862,57873,57865,11
838,57978,58006,57978,28
839,58037,58042,58039,5
840,58150,58157,58153,7
841,58202,58205,58202,3
842,58286,58294,58288,8
843,58337,58342,58339,5
844,58371,58373,58371,2
845,58384,58387,58384,3
846,58401,58404,58401,3
847,58420,58422,58420,2
848,58443,58448,58445,5
849,58515,58520,58516,5
850,58562,58566,58562,4
851,58601,58607,58603,6
852,58620,58624,58620,4
853,58654,58660,58654,6
854,58696,58702,58699,6
855,58737,58752,58737,15
856,58784,58793,58786,9
857,58815,58819,58817,4
858,58848,58851,58848,3
859,58890,58895,58892,5
860,58918,58923,58918,5
861,58978,58982,58978,4
862,59008,59010,59008,2
863,59051,59056,59053,5
864,59065,59070,59068,5
865,59104,59109,59106,5
866,59143,59145,59143,2
867,59197,59201,59197,4
868,59320,59326,59323,6
869,59387,59392,59387,5
870,59413,59418,59413,5
871,59444,59448,59444,4
872,59507,59511,59507,4
873,59547,59552,59547,5
874,59592,59597,59594,5
875,59664,59670,59664,6
876,59730,59733,59730,3
877,59763,59770,59763,7
878,59780,59783,59780,3
879,59827,59830,59827,3
880,59864,59866,59864,2
881,59895,59900,59895,5
882,59914,59919,59914,5
883,59951,59961,59951,10
884,59997,60002,59997,5
885,60028,60032,60028,4
886,60106,60113,60106,7
887,60121,60125,60121,4
888,60167,60186,60167,19
889,60216,60221,60218,5
890,60232,60234,60232,2
891,60289,60292,60289,3
892,60336,60344,60336,8
893,60406,60409,60406,3
894,60420,60424,60420,4
895,60475,60478,60475,3
896,60536,60544,60536,8
897,60568,60572,60568,4
898,60617,60620,60617,3
899,60769,60773,60769,4
900,60844,60846,60844,2
901,60864,60867,60864,3
902,60948,60953,60949,5
903,60996,61000,60996,4
904,61015,61019,61017,4
905,61025,61029,61027,4
906,61123,61126,61123,3
907,61141,61144,61141,3
908,61192,61197,61194,5
909,61233,61236,61233,3
910,61245,61248,61245,3
911,61307,61311,61307,4
912,61350,61352,61350,2
913,61422,61425,61422,3
914,61614,61617,61614,3
915,61675,61679,61675,4
916,61713,61717,61713,4
917,61721,61727,61723,6
918,61803,61815,61803,12
919,61816,61821,61816,5
920,61859,61862,61859,3
921,61983,61986,61983,3
922,62022,62033,62022,11
923,62099,62104,62101,5
924,62153,62175,62153,22
925,62201,62206,62201,5
926,62271,62277,62274,6
927,62300,62304,62301,4
928,62366,62369,62366,3
929,62394,62397,62394,3
930,62404,62409,62406,5
931,62479,62483,62479,4
932,62529,62532,62529,3
933,62544,62548,62544,4
934,62553,62558,62556,5
935,62590,62593,62590,3
936,62646,62652,62646,6
937,62681,62687,62681,6
938,62723,62726,62723,3
939,62737,62740,62737,3
940,62822,62826,62822,4
941,62867,62875,62867,8
942,62891,62896,62893,5
943,62992,62997,62994,5
944,63110,63123,63110,13
945,63134,63137,63134,3
946,63317,63320,63317,3
947,63378,63382,63378,4
948,63431,63436,63433,5
949,63517,63520,63517,3
950,63573,63578,63573,5
951,63677,63679,63677,2
952,63732,63736,63732,4
953,63817,63824,63817,7
954,63962,63968,63964,6
955,64031,64036,64033,5
956,64099,64103,64099,4
957,64131,64134,64131,3
958,64177,64191,64177,14
959,64252,64257,64254,5
960,64362,64366,64362,4
961,64410,64416,64412,6
962,64434,64439,64436,5
963,64447,64450,64447,3
964,64560,64562,64560,2
965,64584,64589,64584,5
966,64592,64598,64595,6
967,64646,64649,64646,3
968,64715,64718,64715,3
969,64726,64732,64728,6
970,64778,64784,64779,6
971,64805,64808,64805,3
972,64835,64838,64835,3
973,64870,64874,64870,4
974,64880,64882,64880,2
975,64938,64941,64938,3
976,65032,65042,65032,10
977,65043,65046,65043,3
978,65194,65197,65194,3
979,65310,65313,65310,3
980,65498,65503,65498,5
981,65697,65700,65697,3
982,65735,65743,65735,8
983,65810,65816,65810,6
984,65874,65877,65874,3
985,65940,65942,65940,2
986,66022,66026,66024,4
987,66076,66081,66078,5
988,66132,66363,66132,231
989,66364,66369,66364,5
990,66469,66478,66469,9
991,66560,66564,66560,4
992,66736,66741,66738,5
993,66879,66883,66879,4
994,66952,66958,66954,6
995,66999,67003,66999,4
996,67084,67088,67084,4
997,67146,67155,67148,9
998,67200,67203,67200,3
999,67247,67249,67247,2
1000,67343,67346,67343,3
1001,67382,67385,67382,3
1002,67389,67395,67391,6
1003,67435,67441,67435,6
1004,67527,67532,67529,5
1005,67689,67693,67690,4
1006,67746,67749,67746,3
1007,67861,67870,67861,9
1008,67871,67875,67871,4
1009,67996,68001,67996,5
1010,68041,68045,68041,4
1011,68093,68097,68094,4
1012,68144,68147,68144,3
1013,68225,68227,68225,2
1014,68270,68274,68270,4
1015,68323,68326,68323,3
1016,68366,68368,68366,2
1017,68435,68445,68435,10
1018,68469,68483,68469,14
1019,68520,68522,68520,2
1020,68556,68562,68556,6
1021,68577,68582,68578,5
1022,68642,68645,68642,3
1023,68702,68705,68702,3
1024,68758,68762,68758,4
1025,68830,68836,68830,6
1026,68858,68863,68858,5
1027,68908,68946,68908,38
1028,69022,69024,69022,2
1029,69071,69075,69071,4
1030,69126,69142,69126,16
1031,69173,69181,69173,8
1032,69284,69287,69284,3
1033,69306,69312,69309,6
1034,69416,69431,69417,15
1035,69439,69446,69442,7
1036,69472,69476,69472,4
1037,69541,69547,69541,6
1038,69586,69595,69589,9
1039,69627,69632,69629,5
1040,69725,69738,69727,13
1041,69767,69777,69770,10
1042,69799,69801,69799,2
1043,69909,69915,69909,6
1044,69973,69978,69973,5
1045,70042,70048,70042,6
1046,70073,70076,70073,3
1047,70288,70296,70288,8
1048,70324,70332,70324,8
1049,70361,70370,70361,9
1050,70446,70451,70446,5
1051,70473,70488,70473,15
1052,70509,70520,70509,11
1053,70558,70561,70558,3
1054,70600,70605,70600,5
1055,70662,70668,70662,6
1056,70718,70721,70718,3
1057,70778,70783,70778,5
1058,70848,70853,70848,5
1059,70906,70910,70906,4
1060,70927,70932,70927,5
1061,71064,71070,71066,6
1062,71134,71142,71134,8
1063,71273,71278,71273,5
1064,71318,71325,71318,7
1065,71391,71396,71391,5
1066,71418,71425,71418,7
1067,71430,71434,71430,4
1068,71508,71517,71508,9
1069,71643,71655,71643,12
1070,71687,71733,71687,46
1071,71897,71902,71897,5
1072,71962,71965,71962,3
1073,72057,72061,72057,4
1074,72079,72088,72079,9
1075,72137,72144,72137,7
1076,72248,72265,72248,17
1077,72304,72319,72304,15
1078,72615,72635,72615,20
1079,72694,72701,72697,7
1080,72736,72758,72736,22
1081,72905,72908,72905,3
1082,72919,72922,72919,3
1083,72928,72933,72928,5
1084,72937,72954,72940,17
1085,73021,73070,73021,49
1086,73219,73223,73219,4
1087,73242,73246,73242,4
1088,73254,73258,73256,4
1089,73267,73273,73270,6
1090,73285,73290,73287,5
1091,73320,73326,73322,6
1092,73351,73355,73351,4
1093,73381,73389,73381,8
1094,73529,73533,73529,4
1095,73559,73564,73559,5
1096,73709,73752,73709,43
1097,73935,73941,73937,6
1098,73955,74053,73955,98
1099,74054,74057,74054,3
1100,74170,74176,74170,6
1101,74321,74328,74321,7
1102,74414,74432,74414,18
1103,74482,74486,74482,4
1104,74548,74558,74548,10
1105,74631,74636,74631,5
1106,74798,74811,74798,13
1107,74974,74977,74974,3
1108,75069,75129,75069,60
1109,75171,75176,75171,5
1110,75305,75350,75305,45
1111,75464,75471,75464,7
1112,75563,75568,75563,5
1113,75609,75614,75609,5
1114,75662,75668,75662,6
1115,75676,75679,75676,3
1116,75794,75798,75794,4
1117,75805,75807,75805,2
1118,75869,75873,75869,4
1119,76055,76071,76055,16
1120,76108,76116,76108,8
1121,76240,76244,76240,4
1122,76371,76374,76371,3
1123,76420,76425,76423,5
1124,76501,76508,76501,7
1125,76575,76615,76575,40
1126,76616,76620,76616,4
1127,76715,76716,76715,1
1128,76814,76821,76815,7
1129,76866,76888,76866,22
1130,76943,76946,76943,3
1131,76997,77001,76997,4
1132,77116,77133,77116,17
1133,77191,77208,77191,17
1134,77256,77296,77256,40
1135,77471,77490,77474,19
1136,77740,77745,77743,5
1137,77782,77787,77782,5
1138,77880,77885,77880,5
1139,77928,77937,77931,9
1140,78028,78042,78028,14
1141,78070,78075,78070,5
1142,78236,78268,78236,32
1143,78288,78295,78290,7
1144,78371,78379,78371,8
1145,78447,78453,78448,6
1146,78520,78534,78520,14
1147,78552,78562,78552,10
1148,78637,78642,78637,5
1149,78694,78718,78694,24
1150,78726,78730,78726,4
1151,78785,78788,78785,3
1152,78817,78821,78817,4
1153,78858,78863,78858,5
1154,78889,78893,78889,4
1155,78928,78932,78928,4
1156,79030,79033,79030,3
1157,79050,79053,79050,3
1158,79091,79095,79091,4
1159,79263,79270,79263,7
1160,79347,79352,79347,5
1161,79526,79530,79526,4
1162,79558,79568,79558,10
1163,79652,79667,79652,15
1164,79679,79691,79679,12
1165,79748,79752,79748,4
1166,79798,79804,79798,6
1167,79846,79852,79847,6
1168,79973,79977,79973,4
1169,79986,79995,79987,9
1170,80056,80062,80056,6
1171,80089,80095,80091,6
1172,80123,80130,80123,7
1173,80194,80197,80194,3
1174,80263,80268,80263,5
1175,80276,80282,80277,6
1176,80343,80347,80343,4
1177,80402,80406,80402,4
1178,80436,80453,80436,17
1179,80592,80597,80592,5
1180,80625,80631,80627,6
1181,80647,80653,80649,6
1182,80690,80697,80690,7
1183,80762,80766,80762,4
1184,80808,80814,80811,6
1185,80845,80849,80845,4
1186,80957,80963,80957,6
1187,80985,80989,80986,4
1188,81012,81017,81012,5
1189,81081,81085,81081,4
1190,81133,81137,81133,4
1191,81190,81212,81192,22
1192,81267,81281,81270,14
1193,81354,81363,81357,9
1194,81387,81393,81390,6
1195,81438,81445,81441,7
1196,81477,81479,81477,2
1197,81590,81611,81590,21
1198,81637,81641,81637,4
1199,81692,81698,81692,6
1200,81722,81728,81725,6
1201,81781,81784,81781,3
1202,81915,81921,81917,6
1203,82103,82107,82103,4
1204,82282,82287,82284,5
1205,82300,82303,82300,3
1206,82353,82357,82355,4
1207,82406,82421,82407,15
1208,82462,82601,82462,139
1209,82602,82606,82602,4
1210,82683,82688,82685,5
1211,82888,82902,82888,14
1212,82903,82906,82903,3
1213,82964,82970,82966,6
1214,83041,83044,83041,3
1215,83190,83194,83190,4
1216,83249,83252,83249,3
1217,83296,83302,83298,6
1218,83360,83364,83360,4
1219,83414,83418,83414,4
1220,83444,83447,83444,3
1221,83492,83496,83492,4
1222,83507,83513,83507,6
1223,83584,83588,83584,4
1224,83601,83604,83601,3
1225,83630,83634,83630,4
1226,83697,83700,83697,3
1227,83711,83714,83711,3
1228,83747,83752,83748,5
1229,83809,83814,83809,5
1230,83870,83875,83872,5
1231,83986,83989,83986,3
1232,84078,84096,84078,18
1233,84157,84161,84157,4
1234,84190,84195,84190,5
1235,84229,84233,84230,4
1236,84451,84461,84451,10
1237,84572,84578,84574,6
1238,84643,84648,84644,5
1239,84684,84692,84687,8
1240,84771,84779,84773,8
1241,84825,84839,84827,14
1242,84897,84910,84897,13
1243,85026,85030,85026,4
1244,85100,85105,85100,5
1245,85184,85194,85185,10
1246,85246,85250,85246,4
1247,85287,85316,85287,29
1248,85429,85436,85431,7
1249,85500,85504,85500,4
1250,85535,85543,85538,8
1251,85601,85623,85603,22
1252,85682,85686,85682,4
1253,85692,85699,85693,7
1254,85729,85732,85729,3
1255,85778,85783,85778,5
1256,85924,85929,85927,5
1257,86027,86033,86030,6
1258,86076,86086,86079,10
1259,86116,86121,86116,5
1260,86153,86166,86153,13
1261,86204,86206,86204,2
1262,86261,86265,86261,4
1263,86277,86288,86278,11
1264,86438,86444,86441,6
1265,86465,86467,86465,2
1266,86495,86500,86497,5
1267,86510,86515,86513,5
1268,86538,86541,86538,3
1269,86570,86572,86570,2
1270,86616,86632,86619,16
1271,86736,86764,86738,28
1272,86771,86775,86773,4
1273,86801,86871,86801,70
1274,86872,86891,86872,19
1275,86970,86975,86972,5
1276,87010,87014,87012,4
1277,87053,87106,87053,53
1278,87107,87112,87107,5
1279,87126,87130,87128,4
1280,87218,87228,87221,10
1281,87292,87302,87294,10
1282,87373,87385,87373,12
1283,87457,87466,87460,9
1284,87573,87578,87574,5
1285,87604,87618,87604,14
1286,87673,87677,87673,4
1287,87805,87815,87805,10
1288,87847,87855,87850,8
1289,87891,87898,87892,7
1290,88118,88235,88118,117
1291,88236,88239,88236,3
1292,88391,88438,88391,47
1293,88439,88442,88439,3
1294,88555,88561,88557,6
1295,88643,88653,88643,10
1296,88689,88698,88692,9
1297,88736,88741,88738,5
1298,88809,88814,88811,5
1299,89072,89073,89072,1
1300,89084,89183,89084,99
1301,89184,89187,89184,3
1302,89244,89249,89246,5
1303,89293,89299,89294,6
1304,89333,89339,89336,6
1305,89368,89373,89370,5
1306,89441,89446,89441,5
1307,89489,89497,89491,8
1308,89537,89545,89537,8
1309,89643,89649,89645,6
1310,89699,89733,89699,34
1311,89748,89758,89748,10
1312,89769,89772,89769,3
1313,89810,89816,89810,6
1314,89876,89943,89876,67
1315,89944,89952,89944,8
1316,90031,90036,90034,5
1317,90049,90055,90051,6
1318,90067,90075,90070,8
1319,90121,90129,90121,8
1320,90197,90203,90199,6
1321,90261,90268,90261,7
1322,90318,90324,90321,6
1323,90419,90456,90419,37
1324,90573,90578,90573,5
1325,91162,91164,91162,2
1326,91236,91254,91236,18
1327,91255,91257,91255,2
1328,91330,91436,91330,106
1329,91604,91611,91604,7
1330,91619,91641,91622,22
1331,91748,91762,91748,14
