,Start_blink,End_blink,Blink_frame,No_of_frames
0,29,32,30,3
1,87,91,88,4
2,150,157,153,7
3,201,204,202,3
4,349,352,350,3
5,564,565,564,1
6,622,625,624,3
7,775,776,775,1
8,818,821,819,3
9,927,930,928,3
10,1068,1071,1069,3
11,1169,1172,1170,3
12,1291,1322,1295,31
13,1334,1339,1336,5
14,1355,1358,1356,3
15,1370,1373,1371,3
16,1544,1547,1545,3
17,2429,2433,2430,4
18,2573,2574,2573,1
19,2643,2646,2645,3
20,2863,2865,2864,2
21,2927,2935,2930,8
22,3066,3068,3066,2
23,3868,3873,3869,5
24,3999,4003,4001,4
25,4121,4124,4122,3
26,5041,5046,5042,5
27,5177,5191,5179,14
28,5250,5255,5253,5
29,5288,5291,5289,3
30,5297,5299,5298,2
31,5325,5351,5326,26
32,5403,5462,5405,59
33,5481,5484,5482,3
34,5606,5609,5607,3
35,5746,5748,5747,2
36,5762,5768,5766,6
37,5890,5891,5890,1
38,5954,5956,5955,2
39,6485,6505,6488,20
40,6568,6573,6569,5
41,6633,6635,6634,2
42,6710,6713,6711,3
43,7186,7188,7187,2
44,7247,7249,7248,2
45,7258,7264,7259,6
46,8003,8006,8004,3
47,8370,8380,8371,10
48,8610,8613,8612,3
49,8677,8680,8679,3
50,8725,8726,8725,1
51,8777,8780,8778,3
52,9046,9050,9047,4
53,9183,9185,9183,2
54,9195,9203,9197,8
55,9270,9272,9270,2
56,9373,9375,9374,2
57,9561,9565,9562,4
58,9662,9664,9663,2
59,9746,9749,9747,3
60,9926,9929,9927,3
61,10019,10020,10019,1
62,10037,10039,10037,2
63,10279,10282,10280,3
64,10319,10322,10320,3
65,10382,10384,10382,2
66,10504,10506,10504,2
67,10518,10521,10519,3
68,10679,10681,10680,2
69,10739,10747,10742,8
70,10871,10879,10872,8
71,10976,10978,10976,2
72,10991,10995,10994,4
73,11117,11118,11117,1
74,11238,11241,11239,3
75,11409,11412,11410,3
76,11568,11570,11569,2
77,11624,11626,11624,2
78,11791,11794,11792,3
79,11959,11969,11963,10
80,12087,12088,12087,1
81,12100,12102,12100,2
82,12282,12283,12282,1
83,12336,12339,12337,3
84,12386,12388,12386,2
85,12572,12574,12572,2
86,12592,12595,12593,3
87,12652,12654,12653,2
88,12691,12695,12691,4
89,12699,12703,12701,4
90,12748,12751,12749,3
91,12798,12801,12799,3
92,12812,12816,12813,4
93,12863,12866,12864,3
94,12906,12909,12907,3
95,12947,12950,12949,3
96,13034,13036,13035,2
97,13051,13053,13052,2
98,13097,13099,13098,2
99,13142,13144,13143,2
100,13175,13177,13176,2
101,13278,13280,13279,2
102,13344,13348,13347,4
103,13411,13415,13412,4
104,13477,13480,13478,3
105,13575,13578,13576,3
106,13587,13595,13590,8
107,13664,13674,13665,10
108,13703,13717,13707,14
109,13754,13759,13756,5
110,13788,13795,13789,7
111,13812,13823,13813,11
112,13863,13873,13865,10
113,13911,13918,13913,7
114,13940,13943,13941,3
115,13959,13965,13962,6
116,14023,14027,14024,4
117,14044,14047,14045,3
118,14095,14098,14096,3
119,14121,14124,14122,3
120,14153,14157,14154,4
121,14198,14201,14199,3
122,14265,14280,14265,15
123,14428,14430,14429,2
124,14546,14550,14547,4
125,14621,14625,14623,4
126,14690,14692,14691,2
127,14699,14703,14702,4
128,14784,14786,14785,2
129,14813,14815,14814,2
130,14844,14846,14845,2
131,14865,14869,14868,4
132,14924,14927,14925,3
133,14970,14972,14971,2
134,14986,14988,14987,2
135,15076,15078,15077,2
136,15114,15116,15114,2
137,15159,15162,15160,3
138,15200,15203,15202,3
139,15284,15286,15285,2
140,15323,15325,15323,2
141,15371,15373,15372,2
142,15406,15409,15407,3
143,15428,15432,15430,4
144,15497,15499,15498,2
145,15559,15563,15561,4
146,15644,15647,15645,3
147,15722,15724,15722,2
148,15769,15773,15772,4
149,15871,15874,15872,3
150,15951,15953,15952,2
151,15993,15997,15994,4
152,16007,16009,16008,2
153,16069,16071,16070,2
154,16105,16109,16107,4
155,16167,16171,16168,4
156,16205,16209,16206,4
157,16215,16220,16216,5
158,16293,16294,16293,1
159,16303,16306,16304,3
160,16330,16333,16332,3
161,16354,16356,16355,2
162,16372,16375,16374,3
163,16420,16422,16420,2
164,16459,16462,16460,3
165,16473,16476,16474,3
166,16588,16589,16588,1
167,16611,16615,16612,4
168,16704,16706,16704,2
169,16713,16715,16714,2
170,16783,16785,16783,2
171,16829,16832,16830,3
172,17044,17046,17045,2
173,17069,17072,17070,3
174,17139,17141,17140,2
175,17236,17239,17237,3
176,17392,17396,17393,4
177,17434,17436,17435,2
178,17482,17485,17483,3
179,17493,17496,17495,3
180,17682,17685,17684,3
181,17708,17710,17709,2
182,17724,17727,17725,3
183,17872,17875,17873,3
184,17892,17895,17893,3
185,17948,17950,17949,2
186,18036,18040,18038,4
187,18110,18114,18111,4
188,18119,18123,18120,4
189,18181,18184,18182,3
190,18246,18250,18247,4
191,18280,18283,18281,3
192,18291,18293,18292,2
193,18352,18356,18353,4
194,18391,18394,18393,3
195,18440,18443,18441,3
196,18487,18489,18488,2
197,18519,18521,18520,2
198,18605,18608,18606,3
199,18661,18663,18661,2
200,18811,18815,18813,4
201,18976,18980,18977,4
202,19064,19066,19064,2
203,19087,19089,19088,2
204,19117,19121,19118,4
205,19177,19180,19179,3
206,19225,19227,19226,2
207,19241,19244,19243,3
208,19309,19314,19311,5
209,19367,19370,19368,3
210,19376,19379,19377,3
211,19473,19478,19476,5
212,19503,19506,19504,3
213,19579,19581,19580,2
214,19656,19659,19657,3
215,19710,19712,19711,2
216,19845,19849,19847,4
217,19890,19894,19891,4
218,19970,19972,19971,2
219,20054,20060,20055,6
220,20114,20117,20115,3
221,20128,20130,20128,2
222,20196,20199,20197,3
223,20206,20208,20206,2
224,20218,20221,20219,3
225,20274,20277,20275,3
226,20360,20362,20360,2
227,20369,20372,20369,3
228,20470,20472,20471,2
229,20518,20520,20519,2
230,20627,20632,20629,5
231,20738,20741,20739,3
232,20792,20795,20793,3
233,20858,20862,20860,4
234,20886,20889,20887,3
235,21088,21092,21091,4
236,21168,21172,21169,4
237,21198,21200,21199,2
238,21216,21219,21217,3
239,21249,21252,21251,3
240,21338,21340,21339,2
241,21386,21389,21387,3
242,21422,21425,21422,3
243,21461,21463,21462,2
244,21507,21510,21508,3
245,21605,21608,21606,3
246,21822,21823,21822,1
247,21878,21879,21878,1
248,21910,21912,21910,2
249,21921,21924,21921,3
250,21940,21944,21940,4
251,21961,21962,21961,1
252,21998,22001,21998,3
253,22127,22130,22128,3
254,22182,22184,22182,2
255,22359,22360,22359,1
256,22370,22373,22371,3
257,22380,22383,22380,3
258,22414,22415,22414,1
259,22425,22428,22427,3
260,22453,22455,22453,2
261,22466,22468,22467,2
262,22608,22611,22609,3
263,22619,22623,22621,4
264,22658,22662,22659,4
265,22680,22682,22680,2
266,22742,22746,22744,4
267,22788,22791,22789,3
268,22867,22870,22867,3
269,22910,22913,22910,3
270,22920,22923,22921,3
271,22976,22979,22977,3
272,23097,23101,23100,4
273,23225,23227,23225,2
274,23337,23341,23338,4
275,23372,23375,23374,3
276,23389,23391,23389,2
277,23439,23442,23440,3
278,23549,23551,23549,2
279,23602,23604,23603,2
280,23670,23674,23671,4
281,23681,23683,23681,2
282,23716,23719,23718,3
283,23751,23752,23751,1
284,23763,23766,23763,3
285,23803,23806,23803,3
286,23892,23896,23893,4
287,23962,23967,23964,5
288,24001,24004,24002,3
289,24053,24056,24053,3
290,24103,24107,24104,4
291,24156,24159,24157,3
292,24201,24203,24201,2
293,24265,24268,24266,3
294,24275,24278,24276,3
295,24309,24312,24309,3
296,24325,24328,24325,3
297,24384,24390,24385,6
298,24430,24435,24432,5
299,24548,24550,24548,2
300,24614,24618,24615,4
301,24647,24652,24649,5
302,24662,24667,24663,5
303,24714,24716,24715,2
304,24772,24776,24774,4
305,24794,24798,24794,4
306,24903,24905,24903,2
307,25037,25038,25037,1
308,25066,25070,25067,4
309,25075,25079,25077,4
310,25180,25184,25182,4
311,25248,25250,25249,2
312,25676,25679,25676,3
313,26068,26071,26068,3
314,26247,26248,26247,1
315,26274,26276,26275,2
316,26330,26332,26331,2
317,26373,26375,26373,2
318,26576,26578,26577,2
319,26594,26597,26594,3
320,26621,26626,26625,5
321,26637,26642,26638,5
322,26673,26677,26674,4
323,26767,26771,26769,4
324,26779,26783,26780,4
325,26887,26890,26887,3
326,26964,26968,26967,4
327,27141,27143,27141,2
328,27215,27218,27216,3
329,27259,27261,27260,2
330,27310,27315,27311,5
331,27363,27365,27364,2
332,27371,27376,27375,5
333,27511,27515,27514,4
334,27605,27608,27606,3
335,27655,27658,27656,3
336,27688,27690,27689,2
337,27756,27759,27758,3
338,27792,27796,27793,4
339,27856,27859,27857,3
340,27871,27874,27872,3
341,27898,27903,27900,5
342,27973,27977,27974,4
343,28070,28074,28071,4
344,28209,28212,28210,3
345,28230,28231,28230,1
346,28309,28313,28310,4
347,28522,28524,28522,2
348,28554,28557,28554,3
349,28562,28566,28563,4
350,28598,28601,28599,3
351,28663,28667,28664,4
352,28681,28683,28681,2
353,28727,28729,28727,2
354,28759,28761,28759,2
355,28854,28856,28854,2
356,28944,28945,28944,1
357,28972,28976,28974,4
358,28990,28995,28992,5
359,29068,29072,29071,4
360,29133,29136,29133,3
361,29188,29191,29189,3
362,29198,29204,29199,6
363,29330,29333,29331,3
364,29342,29347,29343,5
365,29546,29547,29546,1
366,29630,29633,29630,3
367,29734,29736,29735,2
368,29768,29771,29769,3
369,29929,29932,29931,3
370,29973,29977,29975,4
371,29997,30000,29998,3
372,30020,30024,30022,4
373,30037,30040,30039,3
374,30099,30101,30100,2
375,30170,30172,30171,2
376,30358,30362,30359,4
377,30396,30397,30396,1
378,30491,30493,30491,2
379,30617,30621,30618,4
380,30895,30897,30895,2
381,30929,30931,30929,2
382,30981,30983,30981,2
383,31007,31009,31008,2
384,31050,31053,31051,3
385,31087,31090,31089,3
386,31147,31151,31148,4
387,31255,31258,31256,3
388,31285,31289,31287,4
389,31328,31331,31329,3
390,31407,31409,31408,2
391,31454,31457,31455,3
392,31488,31491,31489,3
393,31517,31520,31518,3
394,31542,31546,31545,4
395,31586,31588,31586,2
396,31620,31625,31623,5
397,31651,31653,31651,2
398,31683,31686,31684,3
399,31764,31769,31765,5
400,31813,31816,31813,3
401,31850,31851,31850,1
402,31888,31889,31888,1
403,31926,31930,31927,4
404,31962,31967,31964,5
405,32026,32030,32027,4
406,32063,32067,32065,4
407,32086,32089,32087,3
408,32195,32197,32196,2
409,32207,32209,32208,2
410,32255,32259,32257,4
411,32367,32370,32369,3
412,32410,32413,32411,3
413,32513,32517,32515,4
414,32575,32577,32576,2
415,32717,32720,32718,3
416,32771,32773,32772,2
417,32816,32820,32818,4
418,32894,32898,32896,4
419,32907,32911,32909,4
420,32942,32944,32943,2
421,32970,32973,32971,3
422,32986,32990,32988,4
423,33025,33026,33025,1
424,33077,33080,33079,3
425,33121,33123,33121,2
426,33262,33267,33265,5
427,33336,33339,33337,3
428,33354,33357,33355,3
429,33411,33416,33413,5
430,33502,33505,33503,3
431,33579,33582,33581,3
432,33702,33705,33704,3
433,33750,33753,33751,3
434,33794,33798,33794,4
435,34132,34133,34132,1
436,34252,34254,34253,2
437,34439,34442,34440,3
438,34501,34504,34501,3
439,34587,34589,34587,2
440,34605,34609,34605,4
441,34653,34657,34654,4
442,34680,34684,34681,4
443,34709,34714,34711,5
444,34776,34779,34777,3
445,34826,34829,34827,3
446,34899,34902,34900,3
447,34952,34956,34954,4
448,34977,34981,34978,4
449,35098,35102,35099,4
450,35115,35119,35116,4
451,35219,35221,35220,2
452,35250,35252,35251,2
453,35375,35378,35376,3
454,35436,35440,35438,4
455,35506,35510,35508,4
456,35548,35553,35549,5
457,35582,35584,35582,2
458,35620,35624,35621,4
459,35652,35655,35653,3
460,35722,35725,35722,3
461,35814,35816,35814,2
462,35967,35969,35968,2
463,36113,36114,36113,1
464,36180,36181,36180,1
465,36216,36220,36218,4
466,36234,36240,36237,6
467,36253,36255,36253,2
468,36303,36308,36306,5
469,36446,36449,36447,3
470,36499,36504,36501,5
471,36569,36571,36570,2
472,36597,36614,36600,17
473,36655,36662,36657,7
474,36784,36786,36785,2
475,36794,36797,36795,3
476,37096,37099,37097,3
477,37194,37197,37195,3
478,37366,37369,37366,3
479,37463,37465,37463,2
480,37547,37549,37547,2
481,37715,37719,37716,4
482,37921,37923,37921,2
483,37994,38000,37996,6
484,38073,38076,38074,3
485,38092,38095,38093,3
486,38160,38164,38162,4
487,38208,38211,38210,3
488,38240,38244,38241,4
489,38254,38257,38255,3
490,38366,38368,38367,2
491,38405,38409,38406,4
492,38472,38475,38473,3
493,38619,38623,38620,4
494,38631,38634,38632,3
495,38659,38660,38659,1
496,38689,38691,38690,2
497,38701,38703,38702,2
498,38738,38742,38740,4
499,38815,38817,38815,2
500,38869,38873,38871,4
501,38926,38929,38926,3
502,38953,38954,38953,1
503,39122,39123,39122,1
504,39184,39187,39184,3
505,39248,39251,39248,3
506,39266,39269,39266,3
507,39474,39476,39475,2
508,39529,39532,39530,3
509,39595,39597,39596,2
510,39633,39635,39634,2
511,39717,39721,39718,4
512,39765,39767,39765,2
513,39846,39848,39847,2
514,39952,39956,39953,4
515,39986,39989,39987,3
516,40036,40039,40037,3
517,40077,40091,40077,14
518,40141,40144,40142,3
519,40181,40184,40182,3
520,40222,40226,40224,4
521,40267,40270,40269,3
522,40338,40344,40339,6
523,40357,40361,40359,4
524,40451,40455,40453,4
525,40463,40466,40464,3
526,40485,40489,40486,4
527,40540,40543,40541,3
528,40684,40690,40686,6
529,40780,40783,40781,3
530,40840,40843,40841,3
531,40965,40968,40965,3
532,41015,41018,41017,3
533,41161,41165,41162,4
534,41170,41174,41171,4
535,41230,41235,41230,5
536,41336,41339,41338,3
537,41404,41409,41405,5
538,41470,41474,41472,4
539,41943,41945,41943,2
540,42019,42021,42019,2
541,42086,42089,42087,3
542,42341,42343,42342,2
543,42583,42586,42584,3
544,42698,42699,42698,1
545,42707,42711,42708,4
546,42717,42721,42719,4
547,42766,42769,42768,3
548,42903,42906,42903,3
549,42972,42974,42972,2
550,43082,43083,43082,1
551,43124,43127,43125,3
552,43157,43159,43158,2
553,43167,43170,43169,3
554,43180,43183,43182,3
555,43251,43253,43251,2
556,43352,43356,43352,4
557,43487,43490,43489,3
558,43545,43547,43546,2
559,43555,43559,43556,4
560,43717,43721,43718,4
561,43927,43930,43928,3
562,43942,43945,43944,3
563,44156,44159,44157,3
564,44247,44250,44248,3
565,44344,44345,44344,1
566,44478,44480,44479,2
567,44487,44490,44488,3
568,44582,44584,44583,2
569,44650,44654,44651,4
570,44710,44713,44711,3
571,44722,44725,44724,3
572,44827,44830,44828,3
573,44845,44848,44846,3
574,44997,45000,44999,3
575,45022,45023,45022,1
576,45104,45106,45104,2
577,45117,45120,45118,3
578,45238,45240,45239,2
579,45310,45313,45311,3
580,45351,45353,45351,2
581,45361,45364,45362,3
582,45487,45490,45488,3
583,45525,45528,45526,3
584,45558,45561,45560,3
585,45597,45600,45598,3
586,45748,45751,45749,3
587,45894,45896,45895,2
588,45907,45909,45908,2
589,46014,46017,46016,3
590,46038,46041,46039,3
591,46072,46075,46073,3
592,46132,46134,46133,2
593,46189,46192,46189,3
594,46223,46225,46223,2
595,46310,46313,46311,3
596,46344,46347,46345,3
597,46399,46402,46400,3
598,46494,46497,46495,3
599,46531,46533,46531,2
600,46585,46588,46586,3
601,46622,46624,46623,2
602,46690,46692,46691,2
603,46724,46727,46725,3
604,46760,46762,46760,2
605,46863,46866,46864,3
606,46882,46884,46883,2
607,46994,46997,46995,3
608,47002,47006,47004,4
609,47122,47125,47123,3
610,47179,47184,47181,5
611,47305,47310,47307,5
612,47316,47321,47317,5
613,47375,47378,47376,3
614,47428,47432,47431,4
615,47459,47463,47461,4
616,47495,47499,47496,4
617,47595,47596,47595,1
618,47651,47654,47652,3
619,47707,47709,47707,2
620,47770,47773,47771,3
621,47814,47818,47816,4
622,47897,47899,47898,2
623,47930,47933,47930,3
624,48028,48030,48028,2
625,48039,48041,48040,2
626,48150,48152,48150,2
627,48208,48213,48208,5
628,48238,48244,48239,6
629,48297,48299,48297,2
630,48305,48308,48306,3
631,48332,48342,48335,10
632,48348,48352,48349,4
633,48411,48415,48412,4
634,48447,48450,48448,3
635,48479,48483,48480,4
636,48490,48492,48491,2
637,48534,48537,48534,3
638,48566,48571,48568,5
639,48607,48612,48610,5
640,48620,48624,48621,4
641,48656,48659,48657,3
642,48666,48671,48668,5
643,48724,48728,48725,4
644,48761,48766,48764,5
645,48831,48833,48832,2
646,48882,48884,48882,2
647,48995,49000,48996,5
648,49040,49045,49043,5
649,49096,49100,49099,4
650,49136,49142,49138,6
651,49150,49153,49150,3
652,49190,49193,49191,3
653,49217,49222,49219,5
654,49272,49275,49273,3
655,49284,49288,49285,4
656,49329,49332,49330,3
657,49384,49389,49388,5
658,49399,49403,49401,4
659,49475,49479,49476,4
660,49497,49501,49499,4
661,49555,49560,49559,5
662,49604,49608,49606,4
663,49672,49675,49673,3
664,49734,49737,49735,3
665,49778,49782,49779,4
666,49790,49794,49792,4
667,49824,49828,49826,4
668,49868,49871,49869,3
669,49887,49892,49889,5
670,49954,49958,49956,4
671,50016,50020,50018,4
672,50052,50056,50053,4
673,50090,50093,50092,3
674,50100,50105,50101,5
675,50133,50136,50134,3
676,50161,50166,50163,5
677,50195,50199,50197,4
678,50231,50236,50232,5
679,50277,50281,50277,4
680,50312,50317,50315,5
681,50345,50350,50348,5
682,50364,50369,50365,5
683,50424,50428,50425,4
684,50472,50477,50473,5
685,50494,50498,50496,4
686,50528,50533,50531,5
687,50568,50573,50570,5
688,50621,50625,50622,4
689,50653,50657,50656,4
690,50685,50690,50688,5
691,50709,50714,50712,5
692,50749,50754,50750,5
693,50874,50879,50877,5
694,50918,50921,50919,3
695,50931,50935,50933,4
696,51002,51006,51004,4
697,51016,51020,51017,4
698,51051,51056,51052,5
699,51152,51156,51153,4
700,51196,51200,51198,4
701,51211,51215,51214,4
702,51279,51282,51280,3
703,51337,51338,51337,1
704,51382,51386,51383,4
705,51509,51513,51511,4
706,51526,51531,51530,5
707,51617,51627,51618,10
708,51682,51689,51685,7
709,51730,51733,51731,3
710,51749,51753,51750,4
711,51812,51821,51815,9
712,51847,51851,51850,4
713,51933,51940,51934,7
714,51976,51984,51978,8
715,52158,52159,52158,1
716,52176,52181,52177,5
717,52360,52364,52362,4
718,52584,52602,52586,18
719,52637,52642,52639,5
720,52694,52706,52694,12
721,52763,52765,52763,2
722,52946,52950,52948,4
723,52964,52968,52965,4
724,53001,53004,53002,3
725,53041,53054,53042,13
726,53126,53137,53127,11
727,53283,53285,53283,2
728,53319,53322,53320,3
729,53422,53426,53424,4
730,53541,53542,53541,1
731,53604,53607,53604,3
732,53639,53644,53640,5
733,53673,53678,53674,5
734,53725,53728,53726,3
735,53809,53815,53809,6
736,53918,53923,53919,5
737,53951,53954,53952,3
738,53989,53992,53990,3
739,54050,54053,54051,3
740,54060,54063,54060,3
741,54121,54125,54122,4
742,54199,54202,54200,3
743,54225,54229,54226,4
744,54286,54291,54288,5
745,54307,54309,54307,2
746,54377,54381,54377,4
747,54415,54419,54415,4
748,54430,54435,54432,5
749,54543,54549,54545,6
750,54576,54579,54577,3
751,54673,54675,54674,2
752,54735,54737,54736,2
753,54744,54747,54746,3
754,54804,54808,54806,4
755,54835,54839,54836,4
756,54943,54946,54943,3
757,54966,54969,54967,3
758,55027,55031,55030,4
759,55099,55103,55101,4
760,55218,55220,55218,2
761,55270,55274,55271,4
762,55360,55365,55362,5
763,55388,55392,55390,4
764,55444,55449,55444,5
765,55481,55486,55482,5
766,55508,55512,55510,4
767,55533,55536,55534,3
768,55584,55587,55586,3
769,55703,55705,55704,2
770,55714,55718,55715,4
771,55723,55728,55725,5
772,55759,55763,55761,4
773,55776,55778,55777,2
774,55988,55991,55988,3
775,56099,56100,56099,1
776,56167,56168,56167,1
777,56177,56181,56179,4
778,56237,56243,56239,6
779,56250,56254,56251,4
780,56297,56301,56297,4
781,56339,56343,56339,4
782,56423,56428,56425,5
783,56536,56539,56537,3
784,56649,56652,56649,3
785,56700,56702,56701,2
786,56776,56780,56778,4
787,56815,56820,56816,5
788,56934,56937,56934,3
789,56968,56972,56971,4
790,57000,57003,57001,3
791,57027,57031,57029,4
792,57037,57041,57039,4
793,57076,57080,57079,4
794,57125,57128,57126,3
795,57136,57139,57137,3
796,57200,57202,57200,2
797,57211,57213,57211,2
798,57252,57256,57253,4
799,57261,57266,57263,5
800,57305,57307,57305,2
801,57332,57337,57333,5
802,57341,57346,57343,5
803,57363,57368,57365,5
804,57400,57414,57402,14
805,57596,57599,57597,3
806,57612,57616,57613,4
807,57709,57713,57711,4
808,57719,57722,57720,3
809,57753,57757,57754,4
810,57790,57795,57791,5
811,57848,57850,57848,2
812,57896,57898,57897,2
813,57952,57954,57953,2
814,57963,57965,57964,2
815,57999,58006,58003,7
816,58016,58021,58018,5
817,58096,58100,58097,4
818,58119,58124,58122,5
819,58157,58160,58158,3
820,58196,58200,58197,4
821,58228,58232,58229,4
822,58306,58309,58306,3
823,58323,58328,58325,5
824,58358,58363,58358,5
825,58696,58699,58696,3
826,58746,58750,58747,4
827,58804,58809,58806,5
828,58814,58819,58816,5
829,58892,58896,58893,4
830,58935,58939,58937,4
831,59136,59139,59137,3
832,59358,59364,59360,6
833,59490,59494,59491,4
834,59582,59587,59585,5
835,59598,59608,59600,10
836,59681,59684,59683,3
837,59726,59731,59727,5
838,59844,59846,59845,2
839,59852,59855,59854,3
840,59902,59908,59905,6
841,60009,60012,60010,3
842,60067,60069,60068,2
843,60096,60101,60097,5
844,60173,60176,60174,3
845,60237,60240,60238,3
846,60247,60250,60248,3
847,60281,60284,60282,3
848,60620,60624,60621,4
849,60680,60684,60681,4
850,60956,60962,60956,6
851,61090,61092,61091,2
852,61120,61136,61122,16
853,61222,61224,61223,2
854,61368,61372,61371,4
855,61401,61405,61402,4
856,61499,61502,61500,3
857,61580,61583,61581,3
858,61725,61728,61726,3
859,61957,61971,61959,14
860,61982,61999,61984,17
861,62000,62001,62000,1
862,62017,62022,62019,5
863,62053,62054,62053,1
864,62066,62069,62067,3
865,62169,62174,62172,5
866,62270,62274,62271,4
867,62337,62340,62338,3
868,62364,62367,62364,3
869,62493,62516,62494,23
870,62593,62599,62595,6
871,62660,62666,62662,6
872,62745,62747,62746,2
873,62774,62778,62775,4
874,62843,62845,62843,2
875,62919,62922,62920,3
876,62975,62978,62976,3
877,63060,63063,63062,3
878,63256,63258,63256,2
879,63329,63346,63333,17
880,63404,63406,63404,2
881,63443,63451,63444,8
882,63506,63510,63507,4
883,63539,63540,63539,1
884,63587,63589,63588,2
885,63620,63623,63621,3
886,63639,63643,63640,4
887,63694,63697,63695,3
888,63716,63720,63718,4
889,63768,63774,63772,6
890,63812,63816,63813,4
891,63841,63846,63843,5
892,63863,63866,63864,3
893,63982,63986,63983,4
894,64263,64265,64264,2
895,64328,64332,64330,4
896,64415,64418,64415,3
897,64558,64561,64558,3
898,64569,64571,64569,2
899,64606,64609,64607,3
900,64615,64619,64616,4
901,64730,64732,64731,2
902,64768,64770,64768,2
903,64828,64830,64828,2
904,64853,64855,64854,2
905,64901,64904,64902,3
906,64976,64979,64976,3
907,65026,65027,65026,1
908,65050,65053,65052,3
909,65060,65062,65061,2
910,65124,65126,65124,2
911,65186,65190,65188,4
912,65229,65232,65230,3
913,65292,65296,65293,4
914,65305,65308,65306,3
915,65360,65363,65362,3
916,65396,65400,65399,4
917,65421,65424,65421,3
918,65483,65484,65483,1
919,65535,65539,65537,4
920,65572,65574,65573,2
921,65600,65603,65601,3
922,65652,65654,65653,2
923,65709,65713,65711,4
924,65797,65800,65797,3
925,65806,65808,65806,2
926,65838,65842,65840,4
927,65896,65899,65897,3
928,65926,65929,65927,3
929,65962,65966,65963,4
930,65995,65998,65995,3
931,66034,66035,66034,1
932,66055,66059,66057,4
933,66101,66103,66102,2
934,66111,66116,66113,5
935,66143,66147,66144,4
936,66171,66176,66172,5
937,66191,66193,66192,2
938,66308,66312,66311,4
939,66428,66430,66429,2
940,66515,66519,66517,4
941,66533,66536,66533,3
942,66635,66638,66636,3
943,66646,66649,66646,3
944,66694,66698,66697,4
945,66708,66713,66710,5
946,66751,66755,66753,4
947,66805,66811,66809,6
948,66835,66838,66835,3
949,66881,66883,66882,2
950,66916,66920,66917,4
951,67009,67013,67010,4
952,67061,67065,67063,4
953,67089,67094,67092,5
954,67112,67114,67113,2
955,67187,67193,67190,6
956,67244,67248,67245,4
957,67295,67300,67296,5
958,67351,67356,67352,5
959,67368,67373,67370,5
960,67448,67450,67449,2
961,67465,67470,67466,5
962,67593,67595,67594,2
963,67613,67621,67617,8
964,67832,67834,67833,2
965,67879,67883,67882,4
966,68087,68092,68089,5
967,68117,68121,68118,4
968,68170,68172,68170,2
969,68184,68186,68184,2
970,68209,68213,68209,4
971,68243,68245,68244,2
972,68255,68258,68256,3
973,68313,68315,68314,2
974,68343,68347,68343,4
975,68381,68384,68382,3
976,68420,68424,68422,4
977,68498,68501,68498,3
978,68525,68528,68525,3
979,68554,68558,68555,4
980,68573,68576,68574,3
981,68601,68605,68602,4
982,68727,68728,68727,1
983,68764,68767,68765,3
984,68816,68819,68817,3
985,68862,68865,68863,3
986,69170,69172,69171,2
987,69187,69189,69187,2
988,69267,69269,69267,2
989,69313,69316,69313,3
990,69336,69338,69337,2
991,69349,69353,69351,4
992,69373,69375,69374,2
993,69420,69422,69420,2
994,69445,69447,69446,2
995,69479,69483,69481,4
996,69518,69522,69520,4
997,69596,69600,69597,4
998,69643,69647,69645,4
999,69675,69678,69677,3
1000,69714,69719,69716,5
1001,69794,69796,69794,2
1002,69885,69889,69887,4
1003,69953,69956,69954,3
1004,70056,70059,70058,3
1005,70113,70115,70114,2
1006,70194,70196,70195,2
1007,70206,70209,70208,3
1008,70235,70238,70237,3
1009,70255,70258,70256,3
1010,70308,70311,70310,3
1011,70325,70327,70326,2
1012,70344,70348,70347,4
1013,70375,70379,70376,4
1014,70420,70423,70420,3
1015,70444,70446,70445,2
1016,70479,70481,70480,2
1017,70493,70497,70495,4
1018,70528,70531,70529,3
1019,70557,70561,70558,4
1020,70668,70672,70671,4
1021,70737,70740,70738,3
1022,70774,70780,70778,6
1023,70855,70858,70856,3
1024,70869,70872,70869,3
1025,70944,70947,70945,3
1026,71109,71111,71110,2
1027,71153,71156,71155,3
1028,71190,71194,71193,4
1029,71218,71221,71220,3
1030,71263,71267,71264,4
1031,71292,71294,71293,2
1032,71324,71326,71325,2
1033,71428,71432,71429,4
1034,71438,71441,71439,3
1035,71588,71590,71589,2
1036,71654,71656,71655,2
1037,71734,71736,71735,2
1038,71768,71770,71769,2
1039,71778,71779,71778,1
1040,72007,72008,72007,1
1041,72113,72115,72113,2
1042,72149,72152,72150,3
1043,72208,72212,72210,4
1044,72235,72238,72237,3
1045,72245,72249,72246,4
1046,72305,72308,72306,3
1047,72329,72335,72330,6
1048,72369,72372,72370,3
1049,72391,72397,72393,6
1050,72421,72424,72421,3
1051,72446,72450,72447,4
1052,72522,72525,72522,3
1053,72683,72686,72684,3
1054,72711,72713,72712,2
1055,72808,72810,72809,2
1056,72859,72862,72860,3
1057,72920,72923,72921,3
1058,73025,73027,73025,2
1059,73071,73072,73071,1
1060,73184,73186,73184,2
1061,73317,73320,73318,3
1062,73378,73380,73378,2
1063,73391,73395,73391,4
1064,73433,73435,73434,2
1065,73526,73529,73527,3
1066,73536,73542,73537,6
1067,73862,73866,73864,4
1068,74002,74006,74002,4
1069,74090,74093,74090,3
1070,74316,74320,74317,4
1071,74353,74355,74354,2
1072,74451,74453,74452,2
1073,74626,74628,74627,2
1074,74682,74685,74683,3
1075,74716,74722,74719,6
1076,74728,74732,74729,4
1077,74802,74806,74803,4
1078,74934,74937,74934,3
1079,75047,75051,75048,4
1080,75091,75095,75091,4
1081,75114,75120,75115,6
1082,75231,75234,75231,3
1083,75257,75285,75258,28
1084,75443,75444,75443,1
1085,75492,75495,75492,3
1086,75573,75575,75574,2
1087,75721,75733,75724,12
1088,75780,75791,75781,11
1089,75833,75838,75834,5
1090,76060,76064,76062,4
1091,76226,76229,76226,3
1092,76248,76251,76248,3
1093,76328,76331,76329,3
1094,76484,76488,76484,4
1095,76668,76673,76669,5
1096,76750,76754,76750,4
1097,76956,76960,76958,4
1098,77058,77063,77060,5
1099,77122,77127,77123,5
1100,77131,77135,77133,4
1101,77152,77159,77153,7
1102,77338,77339,77338,1
1103,77369,77371,77370,2
1104,77379,77392,77382,13
1105,77399,77405,77400,6
1106,77483,77487,77484,4
1107,77560,77562,77561,2
1108,77631,77635,77634,4
1109,77648,77651,77649,3
1110,77807,77809,77808,2
1111,77820,77824,77821,4
1112,78064,78066,78065,2
1113,78123,78126,78123,3
1114,78152,78156,78154,4
1115,78199,78202,78201,3
1116,78275,78277,78276,2
1117,78312,78318,78314,6
1118,78375,78380,78377,5
1119,78409,78413,78410,4
1120,78465,78470,78466,5
1121,78504,78507,78505,3
1122,78528,78533,78529,5
1123,78564,78567,78565,3
1124,78608,78612,78609,4
1125,78619,78622,78620,3
1126,78665,78672,78666,7
1127,78707,78708,78707,1
1128,78779,78783,78780,4
1129,78826,78830,78827,4
1130,78878,78881,78880,3
1131,78939,78942,78940,3
1132,78977,78980,78978,3
1133,79036,79039,79037,3
1134,79080,79084,79081,4
1135,79127,79132,79128,5
1136,79149,79152,79150,3
1137,79182,79185,79184,3
1138,79262,79265,79263,3
1139,79322,79326,79323,4
1140,79363,79368,79364,5
1141,79393,79395,79393,2
1142,79425,79426,79425,1
1143,79467,79469,79468,2
1144,79489,79493,79490,4
1145,79522,79525,79524,3
1146,79565,79567,79565,2
1147,79685,79689,79688,4
1148,79754,79757,79755,3
1149,79876,79880,79878,4
1150,80001,80002,80001,1
1151,80012,80015,80013,3
1152,80074,80081,80076,7
1153,80112,80115,80112,3
1154,80170,80172,80171,2
1155,80273,80275,80274,2
1156,80297,80298,80297,1
1157,80385,80387,80385,2
1158,80433,80436,80434,3
1159,80500,80503,80502,3
1160,80519,80521,80520,2
1161,80544,80557,80544,13
1162,80601,80604,80602,3
1163,80629,80633,80631,4
1164,80653,80660,80655,7
1165,80724,80726,80725,2
1166,80743,80749,80745,6
1167,80810,80813,80812,3
1168,80835,80839,80838,4
1169,80860,80864,80862,4
1170,80886,80889,80887,3
1171,80909,80912,80911,3
1172,80926,80929,80927,3
1173,80981,80984,80982,3
1174,81023,81026,81024,3
1175,81070,81073,81071,3
1176,81087,81089,81088,2
1177,81130,81133,81131,3
1178,81177,81180,81178,3
1179,81292,81299,81295,7
1180,81305,81307,81306,2
1181,81335,81339,81336,4
1182,81352,81356,81353,4
1183,81404,81408,81406,4
1184,81432,81438,81434,6
1185,81480,81484,81480,4
1186,81510,81514,81511,4
1187,81527,81539,81529,12
1188,81554,81557,81555,3
1189,81572,81576,81572,4
1190,81619,81620,81619,1
1191,81640,81643,81641,3
1192,81696,81699,81697,3
1193,81726,81729,81727,3
1194,81735,81738,81736,3
1195,81765,81768,81765,3
1196,81791,81793,81792,2
1197,81839,81842,81840,3
1198,81861,81866,81863,5
1199,81908,81914,81909,6
1200,81955,81959,81956,4
1201,81964,81969,81967,5
1202,81995,81999,81996,4
1203,82065,82067,82065,2
1204,82074,82078,82075,4
1205,82112,82116,82114,4
1206,82285,82287,82286,2
1207,82455,82460,82456,5
1208,82485,82491,82486,6
1209,82498,82502,82499,4
1210,82578,82584,82581,6
1211,82677,82679,82678,2
1212,82718,82722,82719,4
1213,82837,82842,82838,5
1214,82855,82861,82857,6
1215,82963,82985,82965,22
1216,82999,83022,83000,23
1217,83071,83091,83075,20
1218,83111,83117,83112,6
1219,83156,83159,83156,3
1220,83187,83209,83187,22
1221,83223,83227,83225,4
1222,83264,83279,83266,15
1223,83324,83329,83326,5
1224,83364,83374,83366,10
1225,83382,83385,83383,3
1226,83393,83398,83396,5
1227,83428,83432,83429,4
1228,83437,83441,83438,4
1229,83473,83479,83474,6
1230,83521,83525,83522,4
1231,83549,83555,83551,6
1232,83560,83568,83563,8
1233,83884,83888,83885,4
1234,83926,83931,83929,5
1235,83983,83988,83987,5
1236,84035,84038,84036,3
1237,84089,84092,84090,3
1238,84157,84161,84159,4
1239,84205,84210,84208,5
1240,84283,84285,84284,2
1241,84331,84335,84332,4
1242,84342,84349,84343,7
1243,84434,84440,84437,6
1244,84530,84533,84532,3
1245,84560,84564,84562,4
1246,84689,84694,84690,5
1247,84930,84933,84931,3
1248,84986,84992,84989,6
1249,84997,85003,85000,6
1250,85184,85188,85185,4
1251,85239,85241,85240,2
1252,85290,85295,85293,5
1253,85312,85317,85313,5
1254,85335,85339,85336,4
1255,85348,85353,85349,5
1256,85418,85422,85419,4
1257,85428,85432,85429,4
1258,85464,85465,85464,1
1259,85592,85595,85593,3
1260,85693,85698,85693,5
1261,85747,85751,85748,4
1262,85765,85769,85768,4
1263,85813,85815,85813,2
1264,85874,85877,85875,3
1265,85933,85936,85934,3
1266,86017,86020,86017,3
1267,86065,86069,86066,4
1268,86108,86112,86109,4
1269,86119,86122,86120,3
1270,86196,86200,86198,4
1271,86242,86246,86242,4
1272,86283,86286,86284,3
1273,86330,86335,86331,5
1274,86338,86343,86342,5
1275,86358,86361,86360,3
1276,86395,86398,86396,3
1277,86408,86412,86409,4
1278,86445,86450,86448,5
1279,86496,86499,86497,3
1280,86511,86515,86514,4
1281,86583,86587,86583,4
1282,86680,86684,86681,4
1283,86852,86859,86855,7
1284,86888,86890,86889,2
1285,86945,86949,86947,4
1286,86981,86985,86983,4
1287,87000,87003,87001,3
1288,87106,87108,87107,2
1289,87283,87287,87285,4
1290,87553,87558,87553,5
1291,87676,87680,87678,4
1292,87721,87727,87723,6
1293,87768,87772,87770,4
1294,87807,87812,87810,5
1295,87852,87858,87854,6
1296,87929,87930,87929,1
1297,87950,87955,87952,5
1298,88014,88020,88015,6
1299,88024,88030,88025,6
1300,88062,88068,88065,6
1301,88104,88105,88104,1
1302,88124,88126,88125,2
1303,88211,88214,88212,3
1304,88252,88257,88254,5
1305,88263,88267,88265,4
1306,88299,88303,88300,4
1307,88350,88355,88353,5
1308,88392,88395,88393,3
1309,88401,88405,88402,4
1310,88447,88451,88449,4
1311,88464,88467,88466,3
1312,88492,88495,88493,3
1313,88536,88538,88537,2
1314,88578,88579,88578,1
1315,88586,88590,88588,4
1316,88610,88612,88611,2
1317,88630,88634,88632,4
1318,88662,88665,88664,3
1319,88703,88707,88705,4
1320,88755,88759,88756,4
1321,88828,88831,88830,3
1322,88921,88925,88922,4
1323,88935,88940,88936,5
1324,88944,88950,88947,6
1325,88988,88992,88990,4
1326,89013,89017,89016,4
1327,89024,89029,89027,5
1328,89035,89039,89037,4
1329,89052,89056,89054,4
1330,89137,89142,89138,5
1331,89153,89158,89155,5
1332,89177,89182,89181,5
1333,89211,89215,89211,4
1334,89234,89237,89235,3
1335,89351,89354,89352,3
1336,89399,89401,89400,2
1337,89595,89599,89596,4
1338,89642,89645,89643,3
1339,89652,89654,89653,2
1340,89703,89705,89704,2
1341,89714,89717,89715,3
1342,89767,89778,89768,11
1343,89835,89840,89837,5
1344,89895,89899,89896,4
1345,89943,89948,89945,5
1346,89952,89957,89954,5
1347,90176,90179,90178,3
1348,90341,90345,90342,4
1349,90350,90353,90352,3
1350,90366,90368,90367,2
1351,90391,90395,90393,4
1352,90418,90419,90418,1
1353,90443,90447,90445,4
1354,90475,90479,90476,4
1355,90503,90506,90504,3
1356,90519,90523,90521,4
1357,90545,90549,90547,4
1358,90613,90615,90614,2
1359,90633,90636,90634,3
1360,90647,90649,90648,2
1361,90716,90718,90717,2
1362,90813,90818,90814,5
1363,90848,90851,90850,3
1364,90890,90893,90891,3
1365,90921,90923,90921,2
1366,90997,91000,90998,3
1367,91084,91086,91085,2
1368,91273,91276,91273,3
1369,91342,91343,91342,1
1370,91407,91409,91408,2
1371,91470,91473,91471,3
1372,91599,91602,91600,3
1373,91610,91614,91611,4
1374,91664,91669,91667,5
1375,91754,91758,91754,4
1376,91762,91766,91763,4
1377,91815,91817,91816,2
1378,91862,91865,91863,3
1379,91900,91904,91902,4
1380,91916,91920,91918,4
1381,91990,91995,91992,5
1382,92047,92051,92048,4
1383,92083,92086,92083,3
1384,92112,92116,92115,4
1385,92150,92152,92151,2
1386,92193,92195,92194,2
1387,92221,92224,92222,3
1388,92240,92243,92242,3
1389,92255,92261,92256,6
1390,92279,92282,92280,3
1391,92292,92293,92292,1
1392,92326,92331,92328,5
1393,92354,92358,92354,4
1394,92388,92390,92389,2
1395,92431,92434,92433,3
1396,92526,92528,92527,2
1397,92548,92551,92549,3
1398,92592,92596,92593,4
1399,92701,92705,92702,4
1400,92755,92758,92756,3
1401,92838,92839,92838,1
1402,92903,92906,92905,3
1403,92926,92930,92928,4
1404,92974,92977,92975,3
1405,92997,92999,92998,2
1406,93055,93058,93056,3
1407,93081,93083,93082,2
1408,93147,93148,93147,1
1409,93178,93183,93180,5
1410,93225,93227,93226,2
1411,93310,93315,93310,5
1412,93409,93411,93410,2
1413,93568,93569,93568,1
1414,93639,93644,93641,5
1415,93649,93654,93650,5
1416,93688,93692,93691,4
1417,93721,93725,93724,4
1418,93740,93744,93742,4
1419,93751,93755,93752,4
1420,93785,93789,93787,4
1421,93913,93915,93914,2
1422,93997,93999,93997,2
1423,94134,94136,94134,2
1424,94179,94183,94182,4
1425,94449,94454,94451,5
1426,94506,94510,94507,4
1427,94555,94559,94556,4
1428,94572,94587,94574,15
1429,94642,94658,94644,16
1430,94684,94704,94684,20
1431,94732,94734,94733,2
1432,94854,94862,94854,8
1433,94881,94896,94882,15
1434,94924,94927,94925,3
1435,94981,94985,94982,4
1436,95022,95027,95023,5
1437,95111,95114,95112,3
1438,95154,95159,95156,5
1439,95189,95205,95192,16
1440,95315,95318,95315,3
1441,95380,95383,95380,3
1442,95672,95681,95672,9
1443,95719,95722,95720,3
1444,95750,95753,95750,3
1445,95778,95785,95779,7
1446,95790,95794,95791,4
1447,95844,95848,95845,4
1448,95924,95927,95926,3
1449,96016,96020,96017,4
1450,96066,96071,96069,5
1451,96116,96118,96117,2
1452,96156,96159,96157,3
1453,96165,96169,96166,4
1454,96286,96293,96288,7
1455,96305,96311,96307,6
1456,96370,96375,96373,5
1457,96406,96413,96409,7
1458,96515,96518,96516,3
1459,96556,96559,96556,3
1460,96643,96648,96645,5
1461,96784,96785,96784,1
1462,96848,96851,96849,3
1463,96900,96905,96903,5
1464,96936,96940,96937,4
1465,97032,97035,97032,3
1466,97220,97225,97220,5
1467,97705,97708,97705,3
1468,98094,98099,98094,5
1469,98127,98129,98127,2
1470,98217,98220,98218,3
1471,98440,98441,98440,1
1472,99095,99098,99096,3
1473,99166,99168,99166,2
1474,99225,99229,99226,4
1475,99366,99367,99366,1
1476,99471,99474,99473,3
1477,99482,99487,99483,5
1478,99557,99558,99557,1
1479,99587,99590,99587,3
1480,99613,99615,99614,2
1481,99737,99741,99738,4
1482,99818,99823,99818,5
1483,99913,99918,99913,5
1484,99947,99952,99950,5
1485,100098,100105,100099,7
1486,100162,100163,100162,1
1487,100446,100447,100446,1
1488,100547,100553,100549,6
1489,100686,100689,100687,3
1490,100695,100697,100696,2
1491,100750,100755,100751,5
1492,100798,100801,100798,3
1493,101031,101036,101034,5
1494,101139,101143,101140,4
1495,101297,101300,101297,3
1496,101319,101322,101320,3
1497,101364,101370,101365,6
1498,101421,101429,101422,8
1499,101473,101479,101475,6
1500,101693,101697,101694,4
1501,101740,101746,101743,6
1502,101760,101761,101760,1
1503,101790,101793,101791,3
1504,101830,101833,101830,3
1505,101915,101920,101915,5
1506,101932,101935,101934,3
1507,101984,101987,101986,3
1508,102618,102623,102621,5
1509,102727,102729,102727,2
1510,102869,102872,102870,3
1511,102917,102921,102919,4
1512,102971,102973,102971,2
1513,102981,102983,102982,2
1514,103058,103063,103059,5
1515,103088,103090,103089,2
1516,103177,103181,103179,4
1517,103331,103336,103333,5
1518,103341,103346,103342,5
1519,103376,103379,103377,3
1520,103415,103419,103416,4
1521,103431,103436,103433,5
1522,103461,103467,103462,6
1523,103530,103535,103531,5
1524,103704,103710,103705,6
1525,103722,103728,103723,6
1526,103818,103820,103818,2
1527,103883,103887,103884,4
1528,103943,103949,103944,6
1529,104014,104019,104015,5
1530,104036,104043,104038,7
1531,104097,104099,104098,2
1532,104133,104136,104135,3
1533,104149,104153,104152,4
1534,104514,104517,104516,3
1535,104619,104621,104619,2
1536,104647,104652,104649,5
1537,104743,104747,104744,4
1538,104801,104803,104801,2
1539,104866,104879,104867,13
1540,104925,104927,104926,2
1541,104963,104966,104964,3
1542,105003,105008,105004,5
1543,105015,105019,105016,4
1544,105311,105314,105313,3
1545,105331,105335,105334,4
1546,105376,105387,105377,11
1547,105433,105436,105434,3
1548,105452,105461,105455,9
1549,105473,105475,105473,2
1550,105511,105514,105511,3
1551,105538,105542,105540,4
1552,105573,105579,105573,6
1553,105619,105621,105620,2
1554,105753,105759,105756,6
1555,105765,105767,105766,2
1556,105823,105828,105825,5
1557,105857,105863,105858,6
1558,105868,105874,105870,6
1559,105953,105956,105955,3
1560,106012,106017,106014,5
1561,106048,106051,106049,3
1562,106094,106098,106096,4
1563,106152,106156,106153,4
1564,106210,106213,106212,3
1565,106344,106347,106345,3
1566,106382,106386,106384,4
1567,106478,106488,106480,10
1568,106599,106602,106600,3
1569,106615,106620,106617,5
1570,106692,106697,106694,5
1571,106702,106708,106703,6
1572,106767,106772,106769,5
1573,106824,106829,106826,5
1574,106865,106870,106869,5
1575,106919,106922,106920,3
1576,106948,106949,106948,1
1577,106960,106963,106961,3
1578,107029,107033,107030,4
1579,107055,107059,107057,4
1580,107066,107069,107067,3
1581,107098,107106,107099,8
1582,107160,107163,107161,3
1583,107292,107296,107294,4
1584,107354,107356,107354,2
1585,107385,107389,107386,4
1586,107414,107417,107416,3
1587,107477,107481,107480,4
1588,107522,107525,107523,3
1589,107569,107573,107571,4
1590,107681,107708,107682,27
1591,107823,107840,107825,17
1592,107994,107999,107997,5
1593,108026,108030,108028,4
1594,108171,108178,108173,7
1595,108275,108278,108276,3
1596,108315,108317,108316,2
1597,108358,108364,108360,6
1598,108453,108458,108455,5
1599,108495,108501,108498,6
1600,108527,108532,108530,5
1601,108644,108647,108645,3
1602,108713,108719,108716,6
1603,108741,108743,108742,2
1604,108851,108854,108853,3
1605,108904,108909,108907,5
1606,108963,108967,108964,4
1607,109002,109006,109004,4
1608,109088,109092,109089,4
1609,109142,109144,109143,2
1610,109272,109274,109273,2
1611,109286,109290,109287,4
1612,109313,109316,109314,3
1613,109395,109398,109396,3
1614,109405,109409,109407,4
1615,109485,109489,109486,4
1616,109497,109501,109499,4
1617,109552,109557,109554,5
1618,109611,109616,109613,5
1619,109632,109638,109633,6
1620,109686,109690,109689,4
1621,109723,109726,109725,3
1622,109736,109742,109738,6
1623,109763,109767,109764,4
1624,109852,109856,109853,4
1625,109910,109914,109911,4
1626,109991,109994,109992,3
1627,110001,110006,110004,5
1628,110074,110077,110075,3
1629,110222,110226,110224,4
1630,110304,110309,110307,5
1631,110451,110453,110452,2
1632,110479,110485,110479,6
1633,110520,110526,110522,6
1634,110583,110588,110584,5
1635,110667,110672,110669,5
1636,110723,110728,110725,5
1637,110806,110810,110808,4
1638,110867,110870,110868,3
1639,110876,110882,110878,6
1640,110963,110966,110964,3
1641,110973,110977,110975,4
1642,111000,111009,111004,9
1643,111036,111041,111038,5
1644,111098,111103,111100,5
1645,111154,111158,111157,4
1646,111258,111262,111259,4
1647,111418,111420,111419,2
1648,111459,111462,111461,3
1649,111490,111493,111491,3
1650,111508,111512,111509,4
1651,111588,111590,111589,2
1652,111702,111704,111703,2
1653,111712,111717,111714,5
1654,111721,111726,111723,5
1655,111742,111747,111743,5
1656,111793,111797,111796,4
1657,111874,111876,111875,2
1658,111926,111930,111928,4
1659,111960,111962,111961,2
1660,111973,111978,111975,5
1661,111986,111990,111988,4
1662,112061,112064,112062,3
1663,112070,112075,112072,5
1664,112124,112127,112125,3
1665,112180,112185,112181,5
1666,112240,112243,112241,3
1667,112305,112310,112307,5
1668,112335,112340,112336,5
1669,112364,112368,112367,4
1670,112402,112407,112403,5
1671,112516,112519,112517,3
1672,112562,112565,112563,3
1673,112628,112632,112629,4
1674,112640,112644,112641,4
1675,112689,112694,112691,5
1676,112746,112750,112747,4
1677,112757,112761,112758,4
1678,112816,112838,112816,22
1679,112890,112895,112892,5
1680,112945,112949,112946,4
1681,113005,113008,113006,3
1682,113049,113053,113051,4
1683,113064,113068,113065,4
1684,113105,113109,113107,4
1685,113165,113169,113166,4
1686,113210,113213,113211,3
1687,113220,113238,113223,18
1688,113272,113278,113273,6
1689,113320,113323,113322,3
1690,113385,113390,113385,5
1691,113439,113442,113440,3
1692,113476,113478,113477,2
1693,113551,113556,113553,5
1694,113677,113682,113678,5
1695,113766,113769,113768,3
1696,113796,113797,113796,1
1697,113825,113829,113826,4
1698,113857,113862,113860,5
1699,113899,113902,113901,3
1700,113982,113985,113983,3
1701,114030,114034,114031,4
1702,114057,114059,114058,2
1703,114066,114069,114068,3
1704,114108,114112,114111,4
1705,114165,114171,114167,6
1706,114223,114228,114225,5
1707,114303,114305,114304,2
1708,114361,114365,114363,4
1709,114413,114416,114415,3
1710,114454,114456,114454,2
1711,114481,114484,114482,3
1712,114531,114535,114533,4
1713,114568,114572,114570,4
1714,114641,114645,114642,4
1715,114651,114655,114653,4
1716,114687,114691,114687,4
1717,114732,114736,114733,4
1718,114785,114790,114789,5
1719,114800,114803,114802,3
1720,114870,114874,114873,4
1721,114940,114942,114941,2
1722,114978,114983,114980,5
1723,114994,114999,114997,5
1724,115047,115048,115047,1
1725,115059,115063,115060,4
1726,115097,115099,115098,2
1727,115110,115133,115112,23
1728,115171,115173,115172,2
1729,115183,115186,115184,3
1730,115199,115203,115201,4
1731,115285,115290,115285,5
1732,115293,115295,115294,2
1733,115305,115307,115306,2
1734,115341,115344,115342,3
1735,115351,115353,115352,2
1736,115412,115417,115413,5
1737,115457,115461,115458,4
1738,115466,115471,115467,5
1739,115485,115489,115486,4
1740,115524,115527,115525,3
1741,115557,115561,115558,4
1742,115672,115675,115672,3
1743,115761,115762,115761,1
1744,115810,115812,115810,2
1745,115874,115877,115875,3
1746,115942,115947,115945,5
1747,115991,115992,115991,1
1748,116104,116107,116105,3
1749,116119,116122,116120,3
1750,116176,116180,116179,4
1751,116196,116216,116198,20
1752,116255,116256,116255,1
1753,116263,116265,116264,2
1754,116350,116354,116353,4
1755,116474,116476,116474,2
1756,116533,116535,116533,2
1757,116600,116604,116601,4
1758,116630,116634,116631,4
1759,116707,116709,116707,2
1760,116755,116759,116757,4
1761,117013,117015,117013,2
1762,117088,117090,117089,2
1763,117136,117140,117137,4
1764,117242,117244,117242,2
1765,117300,117302,117300,2
1766,117440,117442,117441,2
1767,117547,117550,117548,3
1768,117580,117583,117582,3
1769,117623,117625,117623,2
1770,117657,117662,117659,5
1771,117672,117676,117673,4
1772,117690,117694,117692,4
1773,117747,117750,117748,3
1774,117845,117847,117846,2
1775,117857,117860,117857,3
1776,117884,117887,117885,3
1777,117893,117899,117894,6
1778,117977,117978,117977,1
1779,118005,118009,118006,4
1780,118060,118062,118061,2
1781,118077,118080,118078,3
1782,118096,118098,118097,2
1783,118169,118172,118170,3
1784,118182,118186,118183,4
1785,118194,118198,118196,4
1786,118211,118215,118213,4
1787,118326,118328,118327,2
1788,118360,118362,118360,2
1789,118399,118402,118401,3
1790,118431,118435,118433,4
1791,118486,118489,118488,3
1792,118529,118532,118529,3
1793,118543,118547,118543,4
1794,118583,118588,118584,5
1795,118605,118609,118606,4
1796,118614,118618,118615,4
1797,118669,118674,118672,5
1798,118713,118716,118714,3
1799,118774,118777,118776,3
1800,118840,118842,118840,2
1801,118887,118890,118887,3
1802,118990,118993,118991,3
1803,119040,119041,119040,1
1804,119085,119087,119086,2
1805,119103,119106,119103,3
1806,119172,119175,119173,3
1807,119248,119251,119249,3
1808,119355,119360,119358,5
1809,119410,119412,119411,2
1810,119516,119519,119518,3
1811,119550,119554,119552,4
1812,119740,119743,119742,3
1813,119846,119850,119847,4
1814,119904,119907,119905,3
1815,119919,119921,119920,2
1816,119977,119979,119978,2
1817,120014,120016,120015,2
1818,120040,120043,120041,3
1819,120080,120083,120081,3
1820,120131,120133,120132,2
1821,120185,120187,120186,2
1822,120235,120238,120236,3
1823,120316,120319,120316,3
1824,120414,120419,120417,5
1825,120454,120459,120456,5
1826,120502,120504,120503,2
1827,120562,120564,120563,2
1828,120586,120590,120588,4
1829,120597,120599,120598,2
1830,120641,120645,120644,4
1831,120663,120666,120664,3
1832,120712,120715,120714,3
1833,120767,120770,120768,3
1834,120838,120842,120840,4
1835,120898,120901,120899,3
1836,120929,120932,120930,3
1837,120952,120957,120953,5
1838,121049,121052,121051,3
1839,121315,121317,121316,2
1840,121401,121403,121402,2
1841,121461,121464,121461,3
1842,121528,121533,121529,5
1843,121553,121558,121555,5
1844,121623,121626,121624,3
1845,121689,121694,121692,5
1846,121740,121742,121741,2
1847,121755,121761,121756,6
1848,121816,121820,121817,4
1849,121834,121836,121835,2
1850,121845,121849,121847,4
1851,121890,121893,121892,3
1852,122043,122049,122045,6
1853,122086,122094,122087,8
1854,122137,122140,122138,3
1855,122182,122191,122185,9
1856,122283,122288,122287,5
1857,122303,122311,122305,8
1858,122417,122421,122418,4
1859,122552,122559,122556,7
1860,122576,122580,122578,4
1861,122689,122694,122691,5
1862,122707,122713,122710,6
1863,122727,122734,122731,7
1864,122766,122773,122769,7
1865,122802,122806,122804,4
1866,122824,122828,122826,4
1867,122835,122839,122837,4
1868,122886,122901,122889,15
1869,122970,122974,122971,4
1870,123042,123053,123044,11
1871,123107,123111,123108,4
1872,123124,123135,123124,11
1873,123190,123192,123191,2
1874,123214,123221,123215,7
1875,123279,123284,123281,5
1876,123291,123296,123292,5
1877,123430,123436,123431,6
1878,123473,123476,123475,3
1879,123485,123487,123486,2
1880,123548,123550,123549,2
1881,123600,123614,123601,14
1882,123702,123705,123703,3
1883,123722,123729,123723,7
1884,123787,123800,123789,13
1885,123846,123850,123847,4
1886,123937,123938,123937,1
1887,123976,123984,123976,8
1888,124000,124006,124003,6
1889,124067,124073,124069,6
1890,124103,124108,124106,5
1891,124143,124149,124145,6
1892,124168,124172,124170,4
1893,124213,124217,124215,4
1894,124269,124273,124270,4
1895,124327,124332,124329,5
1896,124398,124401,124398,3
1897,124444,124446,124444,2
1898,124492,124495,124493,3
1899,124510,124518,124513,8
1900,124529,124531,124529,2
1901,124632,124637,124634,5
1902,124659,124663,124661,4
1903,124684,124685,124684,1
1904,124718,124720,124719,2
1905,124728,124732,124730,4
1906,124761,124772,124765,11
1907,124798,124803,124799,5
1908,124851,124855,124853,4
1909,124879,124882,124880,3
1910,124917,124921,124918,4
1911,124933,124937,124935,4
1912,124943,124946,124945,3
1913,125007,125011,125008,4
1914,125060,125064,125063,4
1915,125083,125086,125085,3
1916,125111,125115,125112,4
1917,125121,125129,125123,8
1918,125193,125199,125194,6
1919,125295,125300,125297,5
1920,125322,125325,125322,3
1921,125365,125368,125366,3
1922,125394,125397,125395,3
1923,125438,125442,125439,4
1924,125494,125498,125496,4
1925,125506,125512,125507,6
1926,125562,125565,125562,3
1927,125585,125589,125586,4
1928,125650,125653,125652,3
1929,125662,125667,125664,5
1930,125687,125689,125687,2
1931,125704,125706,125705,2
1932,125778,125781,125779,3
1933,125874,125879,125875,5
1934,125908,125912,125911,4
1935,125928,125931,125930,3
1936,125995,125998,125996,3
1937,126028,126032,126030,4
1938,126084,126089,126087,5
1939,126159,126161,126160,2
1940,126169,126171,126170,2
1941,126209,126212,126210,3
1942,126234,126238,126236,4
1943,126261,126267,126262,6
1944,126307,126309,126308,2
1945,126333,126337,126334,4
1946,126368,126372,126369,4
1947,126416,126420,126418,4
1948,126466,126471,126467,5
1949,126484,126485,126484,1
1950,126527,126529,126528,2
1951,126541,126544,126542,3
1952,126594,126596,126595,2
1953,126629,126632,126631,3
1954,126665,126670,126666,5
1955,126693,126697,126694,4
1956,126767,126771,126768,4
1957,126802,126806,126803,4
1958,126847,126851,126848,4
1959,126922,126926,126924,4
1960,126937,126940,126937,3
1961,126946,126949,126948,3
1962,126987,126990,126988,3
1963,127025,127028,127026,3
1964,127071,127074,127072,3
1965,127121,127123,127121,2
1966,127153,127156,127154,3
1967,127177,127179,127178,2
1968,127186,127189,127188,3
1969,127264,127267,127265,3
1970,127340,127341,127340,1
1971,127354,127358,127355,4
1972,127451,127454,127452,3
1973,127464,127466,127465,2
1974,127508,127510,127509,2
1975,127518,127520,127518,2
1976,127550,127553,127551,3
1977,127611,127613,127612,2
1978,127634,127636,127634,2
1979,127647,127649,127648,2
1980,127753,127756,127754,3
1981,127831,127834,127832,3
1982,127849,127851,127850,2
1983,128087,128091,128089,4
1984,128109,128113,128110,4
1985,128163,128168,128163,5
1986,128172,128176,128173,4
1987,128228,128231,128229,3
1988,128293,128297,128294,4
1989,128313,128317,128314,4
1990,128322,128325,128323,3
1991,128409,128411,128409,2
1992,128460,128463,128461,3
1993,128534,128539,128535,5
1994,128647,128649,128647,2
1995,128664,128668,128666,4
1996,128835,128838,128837,3
1997,128899,128903,128901,4
1998,128947,128951,128948,4
1999,128970,128981,128971,11
2000,129015,129020,129018,5
2001,129027,129032,129028,5
2002,129194,129198,129195,4
2003,129239,129243,129240,4
2004,129310,129314,129311,4
2005,129379,129383,129382,4
2006,129486,129488,129487,2
2007,129496,129500,129498,4
2008,129547,129551,129549,4
2009,129558,129561,129559,3
2010,129620,129622,129621,2
2011,129688,129690,129688,2
2012,129699,129701,129699,2
2013,129765,129767,129766,2
2014,129801,129804,129802,3
2015,129934,129937,129935,3
2016,129992,129996,129994,4
2017,130027,130030,130027,3
2018,130086,130088,130086,2
2019,130110,130112,130110,2
2020,130138,130142,130139,4
2021,130209,130211,130210,2
2022,130266,130269,130268,3
2023,130360,130363,130360,3
2024,130370,130373,130370,3
2025,130482,130485,130483,3
2026,130507,130510,130508,3
2027,130729,130732,130730,3
2028,130788,130792,130790,4
2029,130822,130825,130823,3
2030,130871,130874,130872,3
2031,130891,130895,130893,4
2032,130953,130957,130954,4
2033,130983,130984,130983,1
2034,131002,131004,131003,2
2035,131056,131060,131057,4
2036,131103,131107,131105,4
2037,131216,131221,131217,5
2038,131248,131251,131249,3
2039,131424,131427,131426,3
2040,131497,131499,131497,2
2041,131724,131727,131725,3
2042,131740,131743,131741,3
2043,131776,131778,131777,2
2044,131828,131830,131829,2
2045,131908,131911,131910,3
2046,131947,131951,131948,4
2047,131979,131981,131979,2
2048,132008,132010,132008,2
2049,132109,132113,132110,4
2050,132124,132128,132126,4
2051,132244,132246,132245,2
2052,132386,132388,132387,2
2053,132423,132425,132424,2
2054,132629,132632,132630,3
2055,132751,132754,132752,3
2056,132768,132771,132769,3
2057,132904,132907,132905,3
2058,132982,132984,132982,2
2059,132991,132995,132992,4
2060,133032,133035,133033,3
2061,133041,133043,133042,2
2062,133118,133120,133119,2
2063,133199,133201,133200,2
2064,133438,133441,133439,3
2065,133462,133465,133464,3
2066,133483,133487,133484,4
2067,133570,133573,133572,3
2068,133601,133603,133601,2
2069,133610,133613,133611,3
2070,133722,133725,133724,3
2071,133736,133738,133736,2
2072,133825,133828,133826,3
2073,133837,133840,133838,3
2074,133951,133954,133952,3
2075,134020,134023,134021,3
2076,134148,134150,134149,2
2077,134210,134212,134210,2
2078,134223,134224,134223,1
2079,134278,134279,134278,1
2080,134299,134301,134300,2
2081,134336,134340,134338,4
2082,134347,134351,134348,4
2083,134427,134428,134427,1
2084,134490,134493,134491,3
2085,134529,134531,134530,2
2086,134629,134631,134630,2
2087,134690,134692,134691,2
2088,134704,134706,134705,2
2089,134762,134764,134763,2
2090,134802,134803,134802,1
2091,134888,134890,134889,2
2092,135006,135007,135006,1
2093,135072,135075,135073,3
2094,135110,135112,135110,2
2095,135135,135138,135136,3
2096,135225,135228,135226,3
2097,135277,135280,135278,3
2098,135412,135414,135413,2
2099,135550,135552,135550,2
2100,135568,135570,135569,2
2101,135579,135582,135580,3
2102,135707,135708,135707,1
2103,135861,135864,135862,3
2104,135930,135931,135930,1
2105,136005,136008,136005,3
2106,136063,136067,136065,4
2107,136123,136125,136123,2
2108,136162,136164,136162,2
2109,136439,136441,136440,2
2110,136456,136458,136457,2
2111,136586,136589,136586,3
2112,136978,136981,136980,3
2113,137033,137035,137034,2
2114,137127,137130,137128,3
2115,137161,137162,137161,1
2116,137211,137214,137212,3
2117,137384,137386,137384,2
2118,137563,137568,137564,5
2119,137646,137648,137646,2
2120,137833,137835,137833,2
2121,137855,137858,137855,3
2122,137900,137903,137901,3
2123,137937,137940,137938,3
2124,137968,137970,137969,2
2125,138025,138027,138025,2
2126,138135,138138,138136,3
2127,138198,138200,138199,2
2128,138239,138241,138240,2
2129,138439,138443,138440,4
2130,138488,138491,138490,3
2131,138586,138589,138587,3
2132,138607,138614,138608,7
2133,138696,138698,138697,2
2134,138737,138739,138738,2
2135,138779,138782,138780,3
2136,138949,138953,138952,4
2137,139046,139049,139047,3
2138,139065,139066,139065,1
2139,139138,139141,139140,3
2140,139155,139156,139155,1
2141,139218,139221,139219,3
2142,139247,139248,139247,1
2143,139320,139321,139320,1
2144,139353,139355,139354,2
2145,139395,139398,139396,3
2146,139472,139473,139472,1
2147,139495,139500,139497,5
2148,139581,139585,139583,4
2149,139599,139603,139602,4
2150,139672,139675,139673,3
2151,139744,139747,139744,3
2152,139842,139844,139842,2
2153,139881,139884,139883,3
2154,139958,139960,139959,2
2155,139970,139971,139970,1
2156,140014,140016,140014,2
2157,140064,140068,140066,4
2158,140121,140124,140122,3
2159,140178,140181,140179,3
2160,140237,140239,140238,2
2161,140350,140353,140351,3
2162,140394,140398,140395,4
2163,140438,140443,140441,5
2164,140458,140460,140459,2
2165,140481,140484,140482,3
2166,140536,140541,140537,5
2167,140588,140589,140588,1
2168,140640,140641,140640,1
2169,140675,140680,140676,5
2170,140740,140743,140740,3
2171,140809,140813,140810,4
2172,140880,140881,140880,1
2173,140909,140913,140910,4
2174,140936,140938,140937,2
2175,140952,140954,140953,2
2176,140995,140999,140997,4
2177,141118,141120,141119,2
2178,141179,141182,141180,3
2179,141218,141220,141219,2
2180,141248,141253,141250,5
2181,141275,141279,141276,4
2182,141315,141320,141317,5
2183,141373,141377,141373,4
2184,141401,141405,141402,4
2185,141421,141423,141422,2
2186,141430,141433,141431,3
2187,141495,141496,141495,1
2188,141511,141514,141512,3
2189,141538,141542,141539,4
2190,141574,141578,141576,4
2191,141614,141617,141615,3
2192,141689,141696,141692,7
2193,141715,141719,141716,4
2194,141809,141810,141809,1
2195,141868,141871,141869,3
2196,141900,141902,141900,2
2197,141999,142001,141999,2
2198,142066,142069,142067,3
2199,142126,142130,142127,4
2200,142168,142173,142169,5
2201,142266,142269,142267,3
2202,142339,142341,142339,2
2203,142389,142393,142391,4
2204,142417,142420,142419,3
2205,142462,142466,142465,4
2206,142495,142497,142496,2
2207,142615,142617,142615,2
2208,142635,142638,142636,3
2209,142666,142670,142668,4
2210,142677,142681,142678,4
2211,142727,142730,142728,3
2212,142788,142792,142789,4
2213,142899,142903,142900,4
2214,142952,142954,142953,2
2215,143041,143044,143042,3
2216,143083,143087,143084,4
2217,143147,143151,143148,4
2218,143155,143160,143157,5
2219,143233,143235,143234,2
2220,143265,143267,143266,2
2221,143341,143344,143342,3
2222,143391,143394,143392,3
2223,143400,143404,143401,4
2224,143450,143453,143451,3
2225,143523,143525,143524,2
2226,143538,143540,143538,2
2227,143550,143553,143551,3
2228,143603,143605,143604,2
2229,143661,143663,143662,2
2230,143692,143696,143693,4
2231,143720,143724,143721,4
2232,143736,143739,143737,3
2233,143752,143756,143754,4
2234,143795,143798,143797,3
2235,143827,143831,143828,4
2236,143836,143839,143837,3
2237,143887,143891,143888,4
2238,143926,143929,143927,3
2239,143960,143964,143961,4
2240,143971,143974,143971,3
2241,144040,144043,144040,3
2242,144087,144091,144090,4
2243,144121,144124,144122,3
2244,144170,144182,144170,12
2245,144213,144215,144214,2
2246,144279,144283,144280,4
2247,144288,144290,144289,2
2248,144332,144334,144332,2
2249,144360,144363,144362,3
2250,144396,144398,144397,2
2251,144449,144452,144450,3
2252,144489,144494,144490,5
2253,144524,144526,144525,2
2254,144578,144581,144579,3
2255,144614,144617,144614,3
2256,144662,144664,144663,2
2257,144694,144697,144695,3
2258,144724,144727,144725,3
2259,144764,144765,144764,1
2260,144834,144837,144835,3
2261,144890,144892,144890,2
2262,145130,145131,145130,1
2263,145158,145160,145159,2
2264,145225,145228,145225,3
2265,145257,145261,145258,4
2266,145306,145310,145308,4
2267,145376,145380,145377,4
2268,145411,145415,145412,4
2269,145460,145463,145461,3
2270,145530,145535,145533,5
2271,145659,145661,145660,2
2272,145728,145730,145728,2
2273,145786,145791,145787,5
2274,145811,145815,145812,4
2275,145853,145855,145854,2
2276,145898,145907,145899,9
2277,146056,146058,146057,2
2278,146095,146098,146096,3
2279,146165,146168,146165,3
2280,146224,146227,146225,3
2281,146249,146254,146252,5
2282,146291,146295,146293,4
2283,146339,146347,146341,8
2284,146398,146404,146400,6
2285,146438,146439,146438,1
2286,146485,146487,146485,2
2287,146561,146563,146561,2
2288,146652,146655,146653,3
2289,146762,146765,146762,3
2290,146867,146868,146867,1
2291,146915,146918,146916,3
2292,146971,146974,146972,3
2293,147036,147039,147037,3
2294,147045,147048,147046,3
2295,147067,147069,147068,2
2296,147122,147125,147124,3
2297,147132,147135,147134,3
2298,147187,147192,147188,5
2299,147212,147213,147212,1
2300,147298,147301,147298,3
2301,147355,147359,147356,4
2302,147478,147481,147478,3
2303,147546,147549,147548,3
2304,147581,147582,147581,1
2305,147592,147595,147594,3
2306,147641,147645,147642,4
2307,147917,147919,147918,2
2308,148086,148089,148086,3
2309,148174,148176,148174,2
2310,148281,148286,148282,5
2311,148288,148295,148291,7
2312,148327,148336,148327,9
2313,148347,148351,148349,4
2314,148478,148482,148481,4
2315,148508,148511,148509,3
2316,148519,148522,148519,3
2317,148611,148614,148612,3
2318,148620,148622,148621,2
2319,148677,148689,148679,12
2320,148719,148722,148720,3
2321,148845,148848,148846,3
2322,148872,148876,148873,4
2323,148914,148918,148916,4
2324,148963,148964,148963,1
2325,149029,149034,149032,5
2326,149059,149060,149059,1
2327,149120,149124,149122,4
2328,149279,149280,149279,1
2329,149409,149413,149411,4
2330,149805,149807,149806,2
2331,149928,149932,149931,4
2332,150141,150144,150142,3
2333,150186,150187,150186,1
2334,150217,150221,150218,4
2335,150245,150248,150246,3
2336,150279,150282,150281,3
2337,150305,150308,150306,3
2338,150358,150361,150359,3
2339,150442,150445,150443,3
2340,150629,150633,150630,4
2341,150638,150641,150639,3
2342,150762,150765,150763,3
2343,150907,150908,150907,1
2344,150994,150998,150996,4
2345,151055,151066,151056,11
2346,151093,151095,151094,2
2347,151237,151239,151238,2
2348,151251,151255,151252,4
2349,151301,151304,151302,3
2350,151406,151409,151407,3
2351,151471,151474,151472,3
2352,151498,151502,151499,4
2353,151571,151575,151572,4
2354,151584,151589,151585,5
2355,151643,151649,151645,6
2356,151753,151756,151754,3
2357,151829,151833,151830,4
2358,152007,152011,152008,4
2359,152146,152151,152148,5
2360,152211,152216,152213,5
2361,152229,152234,152231,5
2362,152275,152278,152276,3
2363,152416,152419,152418,3
2364,152487,152490,152488,3
2365,152514,152516,152514,2
2366,152677,152679,152678,2
2367,152717,152719,152718,2
2368,152766,152770,152768,4
2369,152842,152845,152844,3
2370,152890,152895,152892,5
2371,152919,152921,152920,2
2372,152933,152935,152934,2
2373,153040,153042,153040,2
2374,153286,153287,153286,1
2375,153340,153343,153341,3
2376,153350,153355,153351,5
2377,153489,153492,153490,3
2378,153501,153504,153503,3
2379,153549,153552,153551,3
2380,153607,153611,153609,4
2381,153640,153643,153641,3
2382,153650,153652,153651,2
2383,153682,153686,153683,4
2384,153691,153694,153692,3
2385,153729,153733,153730,4
2386,153830,153833,153830,3
2387,153851,153855,153852,4
2388,153934,153938,153935,4
2389,153979,153982,153980,3
2390,153988,153993,153989,5
2391,154034,154037,154035,3
2392,154081,154085,154083,4
2393,154112,154114,154113,2
2394,154121,154126,154123,5
2395,154185,154187,154185,2
2396,154214,154216,154215,2
2397,154331,154336,154334,5
2398,154343,154347,154344,4
2399,154537,154541,154538,4
2400,154575,154578,154575,3
2401,154645,154649,154646,4
2402,154664,154666,154665,2
2403,154731,154735,154733,4
2404,154779,154781,154779,2
2405,154820,154824,154823,4
2406,154949,154951,154949,2
2407,154968,154971,154969,3
2408,155161,155163,155162,2
2409,155170,155173,155171,3
2410,155214,155218,155217,4
2411,155262,155266,155264,4
2412,155300,155302,155301,2
2413,155346,155348,155346,2
2414,155360,155362,155360,2
2415,155383,155384,155383,1
2416,155623,155625,155623,2
2417,155683,155684,155683,1
2418,155817,155819,155817,2
2419,155941,155943,155941,2
2420,156034,156036,156035,2
2421,156162,156164,156163,2
2422,156175,156178,156176,3
2423,156250,156254,156251,4
2424,156389,156391,156389,2
2425,156463,156467,156464,4
2426,156489,156496,156489,7
2427,156571,156574,156571,3
2428,156676,156679,156677,3
2429,156723,156727,156724,4
2430,156781,156785,156781,4
2431,156812,156815,156813,3
2432,156851,156853,156852,2
2433,156898,156903,156899,5
2434,157059,157060,157059,1
2435,157067,157070,157068,3
2436,157659,157668,157660,9
2437,157704,157707,157704,3
2438,157720,157722,157720,2
2439,157875,157878,157876,3
2440,157892,157895,157894,3
2441,157919,157922,157919,3
2442,157983,157985,157983,2
2443,158077,158078,158077,1
2444,158121,158123,158122,2
2445,158131,158136,158133,5
2446,158158,158161,158158,3
2447,158194,158199,158196,5
2448,158410,158413,158412,3
2449,158463,158468,158464,5
2450,158500,158504,158503,4
2451,158560,158564,158563,4
2452,158610,158611,158610,1
2453,158665,158667,158666,2
2454,158704,158709,158707,5
2455,158846,158848,158847,2
2456,158908,158912,158909,4
2457,159179,159181,159179,2
2458,159188,159190,159189,2
2459,159238,159241,159239,3
2460,159277,159281,159278,4
2461,159286,159288,159287,2
2462,159316,159317,159316,1
2463,159392,159394,159393,2
2464,159439,159440,159439,1
2465,159479,159482,159480,3
2466,159606,159608,159607,2
2467,159665,159669,159666,4
2468,159908,159912,159910,4
2469,160067,160069,160068,2
2470,160142,160144,160143,2
2471,160151,160154,160152,3
2472,160251,160254,160252,3
2473,160289,160290,160289,1
2474,160309,160312,160310,3
2475,160365,160367,160365,2
2476,160379,160381,160380,2
2477,160459,160462,160460,3
2478,160536,160546,160537,10
2479,160706,160711,160707,5
2480,160774,160777,160775,3
2481,160821,160823,160822,2
2482,160838,160842,160841,4
2483,160849,160852,160851,3
2484,160911,160913,160912,2
2485,160988,160990,160989,2
2486,161059,161061,161060,2
2487,161289,161292,161290,3
2488,161354,161356,161355,2
2489,161449,161452,161451,3
2490,161459,161462,161460,3
2491,161593,161598,161594,5
2492,161608,161613,161609,5
2493,161718,161722,161719,4
2494,161824,161827,161826,3
2495,161954,161957,161955,3
2496,161987,161989,161988,2
2497,162000,162004,162002,4
2498,162099,162102,162101,3
2499,162173,162177,162174,4
2500,162182,162185,162183,3
2501,162390,162393,162390,3
2502,162410,162411,162410,1
2503,162422,162424,162422,2
2504,162459,162463,162461,4
2505,162473,162477,162475,4
2506,162549,162552,162550,3
2507,162591,162594,162591,3
2508,162697,162699,162698,2
2509,162711,162715,162713,4
2510,162723,162725,162723,2
2511,162749,162753,162750,4
2512,162794,162798,162796,4
2513,162819,162822,162820,3
2514,162868,162872,162869,4
2515,162988,162992,162989,4
2516,163014,163016,163015,2
2517,163075,163080,163079,5
2518,163113,163121,163116,8
2519,163151,163153,163152,2
2520,163210,163214,163212,4
2521,163266,163268,163266,2
2522,163280,163285,163283,5
2523,163329,163333,163331,4
2524,163359,163361,163360,2
2525,163371,163376,163373,5
2526,163498,163501,163499,3
2527,163584,163588,163585,4
2528,163665,163668,163666,3
2529,163797,163799,163797,2
2530,163871,163875,163872,4
2531,163947,163950,163948,3
2532,163957,163960,163958,3
2533,163991,163993,163992,2
2534,164043,164045,164044,2
2535,164176,164178,164176,2
2536,164352,164354,164353,2
2537,164457,164461,164459,4
2538,164472,164476,164473,4
2539,164597,164599,164598,2
2540,164826,164828,164827,2
2541,164881,164885,164883,4
2542,164893,164894,164893,1
2543,164938,164943,164941,5
2544,164966,164971,164970,5
2545,164981,164983,164982,2
2546,165032,165034,165033,2
2547,165136,165139,165137,3
2548,165402,165404,165402,2
2549,165447,165450,165447,3
2550,165479,165481,165479,2
2551,165488,165490,165489,2
2552,165621,165625,165622,4
2553,165796,165801,165797,5
2554,165806,165810,165808,4
2555,165933,165937,165935,4
2556,166024,166026,166024,2
2557,166123,166124,166123,1
2558,166189,166192,166190,3
2559,166230,166232,166230,2
2560,166273,166278,166275,5
2561,166301,166304,166302,3
2562,166393,166395,166394,2
2563,166475,166478,166476,3
2564,166542,166545,166543,3
2565,166597,166601,166600,4
2566,166656,166658,166657,2
2567,166727,166730,166729,3
2568,166981,166984,166981,3
2569,167073,167074,167073,1
2570,167147,167150,167148,3
2571,167349,167351,167350,2
2572,167514,167517,167515,3
2573,167539,167541,167540,2
2574,167548,167552,167551,4
2575,167713,167716,167714,3
2576,167792,167794,167793,2
2577,167835,167841,167836,6
2578,167896,167900,167898,4
2579,167936,167938,167937,2
2580,167987,167989,167988,2
2581,168021,168025,168024,4
2582,168173,168177,168176,4
2583,168262,168265,168264,3
2584,168320,168321,168320,1
2585,168425,168428,168427,3
2586,168484,168487,168485,3
2587,168553,168556,168554,3
2588,168573,168577,168574,4
2589,168764,168767,168765,3
2590,168826,168829,168827,3
2591,168893,168898,168895,5
2592,168916,168922,168919,6
2593,168933,168936,168934,3
2594,168973,168975,168974,2
2595,169004,169007,169006,3
2596,169083,169086,169085,3
2597,169191,169195,169192,4
2598,169201,169205,169203,4
2599,169216,169220,169218,4
2600,169239,169241,169240,2
2601,169283,169285,169284,2
2602,169302,169305,169304,3
2603,169404,169407,169406,3
2604,169445,169450,169446,5
2605,169467,169471,169468,4
2606,169482,169485,169483,3
2607,169583,169586,169584,3
2608,169641,169645,169642,4
2609,169706,169709,169707,3
2610,169735,169737,169735,2
2611,169938,169941,169939,3
2612,169998,170002,170000,4
2613,170046,170048,170047,2
2614,170093,170095,170094,2
2615,170152,170155,170154,3
2616,170231,170235,170232,4
2617,170241,170246,170242,5
2618,170329,170333,170330,4
2619,170385,170390,170388,5
2620,170504,170506,170505,2
2621,170543,170545,170543,2
2622,170621,170626,170624,5
2623,170648,170650,170649,2
2624,170680,170684,170682,4
2625,170735,170739,170737,4
2626,170783,170787,170784,4
2627,170817,170820,170818,3
2628,170829,170832,170830,3
2629,170931,170932,170931,1
2630,170977,170980,170978,3
2631,171045,171048,171047,3
2632,171055,171058,171056,3
2633,171068,171071,171069,3
2634,171137,171141,171139,4
2635,171198,171201,171199,3
2636,171217,171219,171218,2
2637,171272,171275,171273,3
2638,171315,171318,171317,3
2639,171346,171348,171346,2
2640,171390,171394,171391,4
2641,171435,171438,171436,3
2642,171486,171489,171486,3
2643,171510,171513,171511,3
2644,171523,171526,171524,3
2645,171658,171660,171659,2
2646,171765,171770,171766,5
2647,171949,171952,171951,3
2648,172009,172011,172010,2
2649,172155,172158,172155,3
2650,172238,172240,172238,2
2651,172291,172293,172291,2
2652,172427,172431,172429,4
2653,172501,172503,172502,2
2654,172542,172544,172543,2
2655,172622,172624,172623,2
2656,172669,172671,172670,2
2657,172739,172744,172742,5
2658,172789,172792,172790,3
2659,172953,172957,172955,4
2660,173096,173099,173097,3
2661,173211,173214,173213,3
2662,173272,173275,173274,3
2663,173398,173400,173399,2
2664,173417,173419,173418,2
2665,173468,173470,173468,2
2666,173548,173551,173549,3
2667,173576,173580,173578,4
2668,173692,173693,173692,1
2669,173706,173708,173707,2
2670,173717,173720,173718,3
2671,173830,173834,173831,4
2672,174113,174115,174114,2
2673,174156,174159,174157,3
2674,174220,174224,174222,4
2675,174257,174262,174260,5
2676,174299,174301,174299,2
2677,174333,174334,174333,1
2678,174343,174345,174344,2
2679,174388,174390,174389,2
2680,174519,174522,174519,3
2681,174567,174570,174568,3
2682,174599,174602,174599,3
2683,174684,174687,174685,3
2684,174696,174697,174696,1
2685,174741,174744,174742,3
2686,174796,174798,174797,2
2687,174837,174840,174838,3
2688,174851,174852,174851,1
2689,174944,174947,174946,3
2690,175002,175007,175006,5
2691,175018,175022,175019,4
2692,175035,175040,175038,5
2693,175113,175117,175114,4
2694,175194,175196,175194,2
2695,175271,175273,175272,2
2696,175468,175471,175469,3
2697,175554,175557,175555,3
2698,175694,175699,175696,5
2699,175744,175750,175745,6
2700,175800,175804,175801,4
2701,175811,175814,175812,3
2702,175974,175979,175975,5
2703,176108,176112,176108,4
2704,176210,176216,176211,6
2705,176246,176252,176248,6
2706,176256,176259,176257,3
2707,176309,176311,176310,2
2708,176361,176366,176365,5
2709,176440,176445,176441,5
2710,176450,176455,176452,5
2711,176490,176496,176492,6
2712,176510,176516,176512,6
2713,176559,176563,176560,4
2714,176569,176576,176571,7
2715,176609,176615,176611,6
2716,176649,176653,176651,4
2717,176698,176703,176700,5
2718,176738,176741,176740,3
2719,176750,176753,176752,3
2720,176852,176856,176854,4
2721,176861,176865,176863,4
2722,176902,176908,176905,6
2723,176937,176943,176939,6
2724,176985,176990,176986,5
2725,177100,177103,177101,3
2726,177156,177162,177157,6
2727,177197,177200,177198,3
2728,177401,177408,177404,7
2729,177415,177416,177415,1
2730,177427,177431,177428,4
2731,177452,177462,177454,10
2732,177557,177563,177559,6
2733,177610,177614,177611,4
2734,177665,177667,177666,2
2735,177720,177727,177723,7
2736,177829,177832,177830,3
2737,177855,177859,177856,4
2738,178005,178007,178006,2
2739,178083,178085,178084,2
2740,178103,178106,178103,3
2741,178194,178199,178197,5
2742,178232,178242,178232,10
2743,178297,178300,178298,3
2744,178358,178360,178358,2
2745,178466,178470,178468,4
2746,178506,178509,178507,3
2747,178567,178569,178567,2
2748,178603,178610,178603,7
2749,178667,178670,178668,3
2750,178687,178695,178687,8
2751,178725,178728,178726,3
2752,178743,178748,178744,5
2753,178771,178775,178774,4
2754,178819,178822,178819,3
2755,178877,178881,178878,4
2756,179025,179029,179027,4
2757,179041,179042,179041,1
2758,179162,179163,179162,1
2759,179320,179324,179320,4
2760,179361,179365,179362,4
2761,179418,179421,179419,3
2762,179537,179540,179538,3
2763,179584,179587,179585,3
2764,179648,179649,179648,1
2765,179659,179661,179660,2
2766,179680,179687,179681,7
2767,179715,179719,179718,4
2768,179841,179843,179842,2
2769,179858,179860,179859,2
2770,179893,179897,179895,4
2771,179962,179963,179962,1
2772,180016,180020,180017,4
2773,180074,180078,180076,4
2774,180162,180165,180162,3
2775,180207,180210,180209,3
2776,180268,180272,180271,4
2777,180381,180385,180382,4
2778,180466,180470,180469,4
2779,180515,180518,180516,3
2780,180566,180570,180567,4
2781,180650,180654,180651,4
2782,180687,180690,180688,3
2783,180749,180753,180750,4
2784,180799,180801,180799,2
2785,180969,180975,180971,6
2786,181040,181042,181041,2
2787,181126,181132,181128,6
2788,181203,181210,181207,7
2789,181324,181329,181326,5
2790,181420,181425,181421,5
2791,181727,181730,181728,3
2792,181816,181817,181816,1
2793,182054,182057,182055,3
2794,182104,182106,182105,2
2795,182165,182168,182166,3
2796,182249,182252,182251,3
2797,182322,182326,182323,4
2798,182420,182423,182422,3
2799,182440,182442,182441,2
2800,182451,182453,182452,2
2801,182523,182525,182524,2
2802,182569,182575,182571,6
2803,182607,182609,182608,2
2804,182716,182721,182718,5
2805,182820,182825,182821,5
2806,182889,182893,182891,4
2807,182911,182913,182911,2
2808,182974,182979,182975,5
2809,182993,182998,182994,5
2810,183053,183055,183054,2
2811,183102,183105,183104,3
2812,183118,183119,183118,1
2813,183137,183141,183138,4
2814,183196,183200,183199,4
2815,183260,183268,183261,8
2816,183338,183342,183339,4
2817,183371,183376,183372,5
2818,183433,183438,183436,5
2819,183519,183522,183521,3
2820,183630,183632,183631,2
2821,183691,183694,183692,3
2822,183707,183711,183708,4
2823,183760,183764,183761,4
2824,183843,183845,183844,2
2825,183924,183926,183925,2
2826,184008,184010,184009,2
2827,184038,184042,184039,4
2828,184074,184077,184075,3
2829,184184,184185,184184,1
2830,184200,184202,184200,2
2831,184220,184222,184221,2
2832,184270,184273,184271,3
2833,184320,184322,184321,2
2834,184359,184362,184360,3
2835,184373,184376,184375,3
2836,184440,184442,184440,2
2837,184491,184494,184491,3
2838,184568,184571,184569,3
2839,184650,184653,184650,3
2840,184666,184669,184667,3
2841,184740,184743,184741,3
2842,184838,184841,184840,3
2843,184904,184908,184907,4
2844,184941,184945,184942,4
2845,185009,185013,185011,4
2846,185260,185267,185261,7
2847,185367,185369,185368,2
2848,185444,185447,185445,3
2849,185613,185615,185613,2
2850,185674,185676,185674,2
2851,185770,185774,185771,4
2852,185809,185811,185809,2
2853,185839,185842,185840,3
2854,185888,185890,185888,2
2855,185905,185906,185905,1
2856,185958,185962,185959,4
2857,186002,186006,186004,4
2858,186093,186095,186094,2
2859,186142,186147,186143,5
2860,186206,186208,186207,2
2861,186217,186220,186218,3
2862,186341,186345,186342,4
2863,186351,186355,186352,4
2864,186361,186364,186362,3
2865,186459,186460,186459,1
2866,186521,186527,186523,6
2867,186588,186592,186589,4
2868,186699,186703,186701,4
2869,186719,186723,186722,4
2870,186811,186817,186811,6
2871,186821,186824,186823,3
2872,186881,186885,186882,4
2873,187169,187173,187170,4
2874,187233,187237,187233,4
2875,187591,187604,187592,13
2876,187739,187742,187740,3
2877,187749,187753,187750,4
2878,187806,187809,187807,3
2879,187835,187838,187837,3
2880,187905,187908,187906,3
2881,187944,187946,187945,2
2882,187954,187956,187955,2
2883,187994,187997,187996,3
2884,188036,188039,188037,3
2885,188095,188099,188097,4
2886,188155,188159,188156,4
2887,188195,188199,188197,4
2888,188228,188233,188229,5
2889,188259,188261,188260,2
2890,188272,188276,188274,4
2891,188289,188292,188290,3
2892,188349,188350,188349,1
2893,188374,188377,188375,3
2894,188431,188437,188434,6
2895,188560,188562,188561,2
2896,188581,188584,188582,3
2897,188667,188670,188668,3
2898,188720,188725,188722,5
2899,188769,188771,188770,2
2900,188858,188861,188859,3
2901,188966,188968,188967,2
2902,189048,189050,189049,2
2903,189106,189108,189106,2
2904,189130,189134,189132,4
2905,189183,189186,189185,3
2906,189194,189196,189194,2
2907,189259,189264,189261,5
2908,189305,189308,189306,3
2909,189408,189411,189409,3
2910,189429,189434,189430,5
2911,189452,189455,189453,3
2912,189521,189522,189521,1
2913,189604,189606,189605,2
2914,189655,189656,189655,1
2915,189693,189698,189697,5
2916,189728,189731,189729,3
2917,189738,189743,189739,5
2918,189801,189803,189802,2
2919,189854,189856,189855,2
2920,189909,189912,189910,3
2921,189971,189973,189972,2
2922,189984,189985,189984,1
2923,190019,190022,190020,3
2924,190029,190032,190030,3
2925,190046,190051,190048,5
2926,190056,190058,190057,2
2927,190183,190186,190184,3
2928,190192,190196,190194,4
2929,190237,190240,190238,3
2930,190283,190286,190284,3
2931,190301,190304,190302,3
2932,190337,190340,190338,3
2933,190353,190355,190354,2
2934,190417,190419,190418,2
2935,190513,190516,190515,3
2936,190561,190564,190562,3
2937,190650,190652,190651,2
2938,190710,190712,190710,2
2939,190787,190791,190789,4
2940,190837,190840,190838,3
2941,190878,190882,190880,4
2942,191001,191004,191002,3
2943,191010,191014,191011,4
2944,191073,191078,191074,5
2945,191174,191177,191175,3
2946,191304,191309,191306,5
2947,191401,191404,191402,3
2948,191465,191467,191466,2
2949,191569,191573,191571,4
2950,191724,191727,191725,3
2951,191751,191754,191752,3
2952,191853,191856,191854,3
2953,191944,191946,191945,2
2954,191995,191997,191996,2
2955,192282,192286,192284,4
2956,192392,192394,192393,2
2957,192457,192459,192458,2
2958,192555,192558,192556,3
2959,192581,192585,192584,4
2960,192640,192642,192641,2
2961,192769,192772,192770,3
2962,192784,192787,192784,3
2963,192821,192825,192823,4
2964,192909,192912,192910,3
2965,192951,192953,192952,2
2966,192982,192986,192984,4
2967,192994,192996,192995,2
2968,193222,193225,193224,3
2969,193233,193236,193235,3
2970,193312,193315,193313,3
2971,193448,193451,193449,3
2972,193564,193568,193566,4
2973,193700,193702,193701,2
2974,193879,193882,193880,3
2975,193986,193991,193989,5
2976,194601,194602,194601,1
2977,194633,194636,194635,3
2978,194757,194762,194761,5
2979,194779,194782,194780,3
2980,194841,194848,194843,7
2981,195004,195007,195004,3
2982,195238,195244,195242,6
2983,195253,195259,195257,6
2984,195410,195414,195411,4
2985,195471,195475,195472,4
2986,195486,195496,195489,10
2987,195662,195668,195663,6
2988,195774,195782,195777,8
2989,195824,195829,195825,5
2990,195911,195916,195914,5
2991,195961,195967,195965,6
2992,195993,195999,195997,6
2993,196008,196011,196010,3
2994,196026,196029,196026,3
2995,196044,196046,196045,2
2996,196068,196073,196072,5
2997,196083,196085,196083,2
2998,196137,196142,196140,5
2999,196187,196189,196188,2
3000,196227,196231,196228,4
3001,196245,196247,196246,2
3002,196276,196281,196278,5
3003,196322,196327,196324,5
3004,196361,196365,196361,4
3005,196410,196414,196413,4
3006,196440,196445,196443,5
3007,196471,196476,196473,5
3008,196516,196520,196517,4
3009,196541,196544,196542,3
3010,196603,196605,196604,2
3011,196631,196635,196633,4
3012,196677,196681,196678,4
3013,196691,196696,196693,5
3014,196729,196734,196732,5
3015,196765,196771,196769,6
3016,196821,196824,196822,3
3017,196946,196951,196947,5
3018,197011,197013,197012,2
3019,197036,197038,197037,2
3020,197068,197070,197069,2
3021,197131,197135,197132,4
3022,197171,197174,197172,3
3023,197217,197222,197218,5
3024,197287,197291,197288,4
3025,197353,197357,197356,4
3026,197389,197391,197389,2
3027,197404,197408,197405,4
3028,197450,197454,197453,4
3029,197539,197542,197540,3
3030,197575,197577,197576,2
3031,197654,197656,197654,2
3032,197745,197747,197746,2
3033,197789,197795,197792,6
3034,197842,197846,197844,4
3035,197856,197858,197857,2
3036,197911,197915,197913,4
3037,197958,197966,197959,8
3038,198030,198032,198031,2
3039,198044,198048,198045,4
3040,198099,198102,198100,3
3041,198160,198163,198161,3
3042,198192,198195,198193,3
3043,198241,198244,198242,3
3044,198301,198303,198302,2
3045,198394,198396,198395,2
3046,198467,198470,198469,3
3047,198488,198491,198489,3
3048,198575,198577,198576,2
3049,198620,198622,198621,2
3050,198641,198645,198642,4
3051,198651,198655,198654,4
3052,198688,198689,198688,1
3053,198748,198751,198748,3
3054,198764,198767,198765,3
3055,198817,198822,198820,5
3056,198857,198859,198858,2
3057,198869,198872,198870,3
3058,198973,198977,198975,4
3059,199045,199049,199046,4
3060,199142,199144,199143,2
3061,199239,199241,199240,2
3062,199299,199302,199300,3
3063,199338,199340,199338,2
3064,199347,199351,199348,4
3065,199362,199364,199362,2
3066,199482,199485,199483,3
3067,199539,199541,199540,2
3068,199590,199591,199590,1
3069,199608,199610,199609,2
3070,199644,199649,199645,5
3071,199652,199656,199654,4
3072,199725,199729,199727,4
3073,199776,199781,199778,5
3074,199825,199828,199826,3
3075,199898,199902,199901,4
3076,199912,199914,199913,2
3077,199924,199927,199925,3
3078,199990,199994,199991,4
3079,200018,200022,200020,4
3080,200031,200034,200033,3
3081,200103,200107,200105,4
3082,200155,200156,200155,1
3083,200168,200171,200170,3
3084,200179,200184,200180,5
3085,200213,200217,200214,4
3086,200348,200351,200349,3
3087,200361,200363,200362,2
3088,200447,200449,200448,2
3089,200490,200500,200491,10
3090,200518,200522,200519,4
3091,200618,200622,200620,4
3092,200666,200667,200666,1
3093,200735,200737,200736,2
3094,200758,200761,200759,3
3095,200929,200931,200929,2
3096,200941,200945,200941,4
3097,201003,201005,201004,2
3098,201056,201061,201057,5
3099,201066,201070,201068,4
3100,201141,201144,201143,3
3101,201300,201304,201302,4
3102,201357,201359,201357,2
3103,201442,201445,201443,3
3104,201554,201555,201554,1
3105,201589,201593,201590,4
3106,201657,201661,201659,4
3107,201723,201726,201724,3
3108,201754,201757,201755,3
3109,201800,201805,201803,5
3110,201879,201882,201880,3
3111,201987,201990,201988,3
3112,202036,202040,202037,4
3113,202059,202064,202061,5
3114,202071,202074,202073,3
3115,202181,202187,202184,6
3116,202207,202211,202210,4
3117,202219,202223,202220,4
3118,202270,202274,202271,4
3119,202338,202342,202340,4
3120,202352,202356,202353,4
3121,202402,202407,202403,5
3122,202428,202432,202430,4
3123,202460,202463,202460,3
3124,202505,202507,202506,2
3125,202655,202660,202658,5
3126,202666,202672,202668,6
3127,202819,202822,202819,3
3128,202934,202937,202936,3
3129,203124,203126,203124,2
3130,203320,203325,203323,5
3131,203360,203364,203361,4
3132,203434,203437,203435,3
3133,203498,203501,203499,3
3134,203563,203567,203565,4
3135,203648,203652,203649,4
3136,203702,203706,203703,4
3137,203988,203992,203991,4
3138,204093,204095,204094,2
3139,204184,204186,204185,2
3140,204362,204366,204364,4
3141,204505,204507,204505,2
3142,204579,204582,204580,3
3143,204623,204626,204624,3
3144,204708,204712,204709,4
3145,204757,204759,204758,2
3146,204773,204776,204774,3
3147,204798,204800,204799,2
3148,204823,204827,204824,4
3149,204832,204834,204833,2
3150,204870,204874,204871,4
3151,204916,204918,204917,2
3152,204967,204969,204968,2
3153,205005,205009,205008,4
3154,205016,205019,205017,3
3155,205060,205063,205061,3
3156,205153,205157,205155,4
3157,205308,205310,205308,2
3158,205370,205373,205372,3
3159,205485,205488,205486,3
3160,205495,205498,205496,3
3161,205555,205557,205556,2
3162,205620,205623,205621,3
3163,205665,205668,205666,3
3164,205720,205722,205721,2
3165,205760,205762,205760,2
3166,205769,205772,205770,3
3167,205849,205852,205850,3
3168,205895,205898,205895,3
3169,205956,205958,205956,2
3170,205990,205993,205991,3
3171,206060,206063,206060,3
3172,206102,206105,206103,3
3173,206142,206148,206146,6
3174,206180,206183,206181,3
3175,206202,206206,206203,4
3176,206265,206270,206266,5
3177,206274,206278,206275,4
3178,206327,206329,206327,2
3179,206381,206386,206382,5
3180,206453,206457,206454,4
3181,206531,206534,206532,3
3182,206596,206600,206596,4
3183,206645,206648,206646,3
3184,206694,206697,206695,3
3185,206748,206751,206750,3
3186,206758,206761,206759,3
3187,206796,206798,206797,2
3188,206908,206911,206909,3
3189,206931,206937,206933,6
3190,207049,207052,207050,3
3191,207065,207071,207066,6
3192,207094,207099,207097,5
3193,207123,207125,207123,2
3194,207164,207167,207165,3
3195,207211,207220,207214,9
3196,207252,207257,207255,5
3197,207349,207355,207351,6
3198,207392,207401,207394,9
3199,207421,207427,207425,6
3200,207533,207537,207535,4
3201,207599,207600,207599,1
3202,207667,207669,207668,2
3203,207696,207700,207697,4
3204,207914,207916,207914,2
3205,208099,208100,208099,1
3206,208134,208136,208135,2
3207,208180,208184,208181,4
3208,208225,208228,208225,3
3209,208287,208290,208287,3
3210,208403,208405,208403,2
3211,208473,208475,208474,2
3212,208484,208488,208484,4
3213,208531,208534,208531,3
3214,208551,208553,208552,2
3215,208691,208694,208692,3
3216,208795,208798,208795,3
3217,208899,208900,208899,1
3218,209016,209018,209016,2
3219,209044,209045,209044,1
3220,209056,209057,209056,1
3221,209134,209135,209134,1
3222,209313,209315,209313,2
3223,209522,209525,209523,3
3224,209588,209590,209588,2
3225,209682,209685,209682,3
3226,209703,209707,209704,4
3227,209762,209766,209762,4
3228,209928,209937,209929,9
3229,210089,210092,210089,3
3230,210319,210325,210321,6
3231,210330,210333,210332,3
3232,210413,210414,210413,1
3233,210531,210533,210531,2
3234,210544,210546,210544,2
3235,210554,210557,210554,3
3236,210563,210568,210565,5
3237,210644,210649,210647,5
3238,210656,210658,210657,2
3239,210879,210884,210881,5
3240,210893,210898,210895,5
3241,210911,210915,210914,4
3242,210946,210950,210947,4
3243,210974,210978,210976,4
3244,211005,211008,211006,3
3245,211082,211086,211083,4
3246,211185,211187,211185,2
3247,211562,211565,211564,3
3248,211579,211581,211580,2
3249,211627,211629,211628,2
3250,211679,211682,211680,3
3251,211795,211797,211796,2
3252,211946,211949,211947,3
3253,212106,212108,212107,2
3254,212172,212175,212174,3
3255,212187,212191,212188,4
3256,212421,212424,212422,3
3257,212597,212601,212598,4
3258,212607,212609,212608,2
3259,212788,212791,212788,3
3260,212796,212799,212797,3
3261,213088,213091,213089,3
3262,213189,213190,213189,1
3263,213233,213237,213233,4
3264,213289,213290,213289,1
3265,213300,213303,213301,3
3266,213417,213421,213419,4
3267,213429,213433,213430,4
3268,213494,213496,213495,2
3269,213863,213866,213864,3
3270,213881,213883,213881,2
3271,213995,213998,213996,3
3272,214047,214051,214048,4
3273,214126,214129,214126,3
3274,214241,214242,214241,1
3275,214280,214281,214280,1
3276,214338,214340,214338,2
3277,214353,214354,214353,1
3278,214440,214445,214440,5
3279,214490,214492,214490,2
3280,214566,214570,214567,4
3281,214621,214624,214622,3
3282,214881,214883,214882,2
3283,215098,215102,215099,4
3284,215365,215371,215367,6
3285,215405,215409,215406,4
3286,215461,215467,215461,6
3287,215503,215508,215504,5
3288,215554,215560,215555,6
3289,215653,215655,215654,2
3290,215695,215698,215696,3
3291,215903,215905,215903,2
3292,215915,215918,215916,3
3293,215995,215999,215996,4
3294,216070,216076,216072,6
3295,216147,216148,216147,1
3296,216175,216178,216176,3
3297,216261,216265,216262,4
3298,216318,216321,216320,3
3299,216349,216352,216350,3
3300,216408,216411,216410,3
3301,216440,216445,216442,5
3302,216483,216485,216484,2
3303,216512,216516,216513,4
3304,216581,216582,216581,1
3305,216656,216658,216656,2
3306,216674,216677,216675,3
3307,216715,216718,216716,3
3308,216888,216891,216888,3
3309,216971,216974,216972,3
3310,217103,217104,217103,1
3311,217150,217153,217151,3
3312,217181,217184,217182,3
3313,217232,217235,217233,3
3314,217275,217278,217276,3
3315,217304,217306,217305,2
3316,217372,217377,217373,5
3317,217421,217425,217422,4
3318,217473,217475,217474,2
3319,217511,217513,217512,2
3320,217598,217601,217598,3
3321,217613,217615,217614,2
3322,217648,217650,217649,2
3323,217680,217684,217681,4
3324,217716,217719,217717,3
3325,217748,217751,217749,3
3326,217819,217821,217820,2
3327,217887,217891,217888,4
3328,217901,217903,217902,2
3329,217968,217972,217968,4
3330,218027,218029,218028,2
3331,218058,218064,218059,6
3332,218066,218069,218068,3
3333,218159,218162,218160,3
3334,218216,218219,218217,3
3335,218251,218255,218253,4
3336,218274,218277,218275,3
3337,218306,218310,218307,4
3338,218315,218320,218316,5
3339,218385,218390,218387,5
3340,218434,218439,218436,5
3341,218471,218473,218471,2
3342,218530,218532,218531,2
3343,218582,218584,218583,2
3344,218608,218614,218610,6
3345,218636,218641,218636,5
3346,218704,218707,218706,3
3347,218757,218760,218758,3
3348,218817,218822,218818,5
3349,218825,218829,218827,4
3350,218901,218905,218902,4
3351,218915,218917,218916,2
3352,218980,218987,218982,7
3353,219012,219018,219015,6
3354,219063,219069,219066,6
3355,219099,219104,219100,5
3356,219260,219265,219262,5
3357,219273,219275,219274,2
3358,219316,219322,219316,6
3359,219348,219353,219349,5
3360,219405,219408,219406,3
3361,219499,219501,219500,2
3362,219540,219542,219541,2
3363,219726,219731,219727,5
3364,219908,219912,219909,4
3365,219923,219927,219925,4
3366,219978,219983,219982,5
3367,220033,220035,220034,2
3368,220226,220230,220227,4
3369,220309,220313,220312,4
3370,220438,220440,220439,2
3371,220513,220516,220514,3
3372,220529,220531,220530,2
3373,220590,220594,220593,4
3374,220664,220668,220666,4
3375,220676,220680,220678,4
3376,220815,220818,220816,3
3377,220873,220876,220875,3
3378,220922,220926,220923,4
3379,220984,220988,220985,4
3380,221039,221042,221039,3
3381,221071,221072,221071,1
3382,221119,221120,221119,1
3383,221131,221137,221131,6
3384,221208,221211,221209,3
3385,221225,221227,221226,2
3386,221254,221256,221255,2
3387,221321,221325,221322,4
3388,221335,221339,221335,4
3389,221374,221376,221375,2
3390,221433,221436,221434,3
3391,221496,221500,221499,4
3392,221610,221614,221610,4
3393,221703,221704,221703,1
3394,221783,221784,221783,1
3395,221816,221818,221816,2
3396,221854,221858,221855,4
3397,221936,221939,221936,3
3398,222075,222081,222076,6
3399,222198,222202,222200,4
3400,222268,222273,222269,5
3401,222310,222317,222310,7
3402,222396,222402,222399,6
3403,222458,222463,222460,5
3404,222519,222523,222521,4
3405,222528,222534,222530,6
3406,222650,222653,222651,3
3407,222725,222728,222726,3
3408,222735,222737,222736,2
3409,222810,222815,222810,5
3410,222871,222873,222872,2
3411,222910,222914,222911,4
3412,223053,223059,223055,6
3413,223161,223167,223164,6
3414,223226,223231,223230,5
3415,223308,223310,223308,2
3416,223318,223322,223318,4
3417,223352,223357,223353,5
3418,223401,223404,223403,3
3419,223522,223525,223523,3
3420,223532,223535,223532,3
3421,223551,223555,223552,4
3422,223563,223565,223564,2
3423,223653,223659,223655,6
3424,223702,223707,223703,5
3425,223741,223743,223742,2
3426,223776,223778,223777,2
3427,223827,223832,223828,5
3428,223884,223889,223887,5
3429,223901,223908,223902,7
3430,224064,224069,224065,5
3431,224088,224092,224091,4
3432,224117,224127,224120,10
3433,224135,224141,224137,6
3434,224161,224166,224163,5
3435,224194,224198,224196,4
3436,224239,224247,224240,8
3437,224362,224366,224364,4
3438,224379,224384,224383,5
3439,224398,224401,224399,3
3440,224495,224498,224497,3
3441,224596,224601,224597,5
3442,224636,224640,224637,4
3443,224676,224680,224676,4
3444,224731,224735,224733,4
3445,224753,224757,224754,4
3446,224840,224855,224841,15
3447,224917,224923,224919,6
3448,224994,224996,224995,2
3449,225081,225091,225084,10
3450,225119,225124,225120,5
3451,225197,225200,225198,3
3452,225228,225231,225229,3
3453,225296,225300,225297,4
3454,225428,225433,225430,5
3455,225474,225479,225475,5
3456,225515,225518,225516,3
3457,225682,225686,225682,4
3458,225742,225743,225742,1
3459,225860,225865,225861,5
3460,226062,226067,226064,5
3461,226151,226153,226152,2
3462,226182,226185,226183,3
3463,226266,226271,226267,5
3464,226316,226320,226317,4
3465,226360,226366,226363,6
3466,226434,226439,226435,5
3467,226697,226699,226698,2
3468,226806,226812,226810,6
3469,226870,226874,226871,4
3470,226918,226922,226919,4
3471,226958,226964,226960,6
3472,226993,226998,226996,5
3473,227064,227069,227065,5
3474,227116,227119,227117,3
3475,227160,227164,227161,4
3476,227269,227273,227270,4
3477,227324,227326,227325,2
3478,227372,227373,227372,1
3479,227395,227399,227395,4
3480,227474,227476,227475,2
3481,227567,227572,227571,5
3482,227658,227662,227659,4
3483,227675,227679,227677,4
3484,227712,227716,227713,4
3485,227746,227749,227747,3
3486,227771,227772,227771,1
3487,227822,227827,227825,5
3488,227944,227949,227945,5
3489,227991,227994,227992,3
3490,228043,228045,228044,2
3491,228197,228200,228198,3
3492,228672,228673,228672,1
3493,228779,228782,228780,3
3494,228881,228883,228882,2
3495,228899,228901,228900,2
3496,229202,229203,229202,1
3497,229227,229230,229228,3
3498,229244,229255,229247,11
3499,229330,229333,229331,3
3500,229371,229375,229372,4
3501,229555,229560,229557,5
3502,229584,229587,229586,3
3503,229604,229608,229607,4
3504,229779,229781,229780,2
3505,229802,229804,229803,2
3506,229831,229834,229832,3
3507,229866,229869,229868,3
3508,229921,229924,229921,3
3509,229976,229980,229979,4
3510,230017,230020,230018,3
3511,230084,230086,230085,2
3512,230117,230119,230117,2
3513,230154,230156,230154,2
3514,230194,230198,230197,4
3515,230233,230236,230235,3
3516,230325,230328,230327,3
3517,230369,230371,230370,2
3518,230424,230427,230425,3
3519,230525,230528,230527,3
3520,230606,230610,230608,4
3521,230721,230725,230723,4
3522,230750,230753,230751,3
3523,230805,230808,230806,3
3524,230851,230854,230852,3
3525,230874,230879,230878,5
3526,230891,230895,230892,4
3527,230904,230907,230905,3
3528,231079,231082,231081,3
3529,231133,231137,231135,4
3530,231201,231209,231202,8
3531,231248,231252,231249,4
3532,231303,231306,231304,3
3533,231387,231390,231389,3
3534,231417,231421,231419,4
3535,231432,231435,231434,3
3536,231462,231466,231464,4
3537,231586,231590,231589,4
3538,231649,231652,231651,3
3539,231717,231720,231718,3
3540,231762,231768,231765,6
3541,231815,231821,231818,6
3542,231898,231903,231899,5
3543,231936,231940,231937,4
3544,232056,232062,232057,6
3545,232145,232148,232146,3
3546,232213,232216,232215,3
3547,232262,232264,232263,2
3548,232365,232369,232366,4
3549,232377,232381,232378,4
3550,232466,232469,232467,3
3551,232505,232508,232507,3
3552,232561,232563,232561,2
3553,232608,232611,232609,3
3554,232662,232666,232663,4
3555,232703,232707,232704,4
3556,232836,232840,232837,4
3557,232897,232900,232898,3
3558,232954,232957,232954,3
3559,233007,233010,233008,3
3560,233023,233025,233024,2
3561,233094,233097,233095,3
3562,233152,233154,233152,2
3563,233225,233229,233226,4
3564,233285,233288,233285,3
3565,233343,233347,233346,4
3566,233409,233411,233410,2
3567,233513,233517,233513,4
3568,233565,233568,233566,3
3569,233632,233637,233634,5
3570,233698,233701,233700,3
3571,233757,233762,233759,5
3572,233779,233781,233780,2
3573,233830,233832,233831,2
3574,233865,233870,233866,5
3575,233915,233921,233918,6
3576,233974,233976,233975,2
3577,234011,234016,234013,5
3578,234074,234077,234075,3
3579,234109,234115,234110,6
3580,234166,234170,234168,4
3581,234181,234184,234183,3
3582,234278,234280,234278,2
3583,234321,234323,234322,2
3584,234368,234370,234369,2
3585,234403,234404,234403,1
3586,234442,234447,234445,5
3587,234526,234529,234527,3
3588,234590,234593,234592,3
3589,234601,234604,234603,3
3590,234675,234679,234676,4
3591,234710,234715,234713,5
3592,234742,234746,234743,4
3593,234778,234780,234779,2
3594,234807,234810,234808,3
3595,234836,234839,234838,3
3596,234930,234932,234931,2
3597,234945,234950,234948,5
3598,235021,235022,235021,1
3599,235035,235038,235035,3
3600,235064,235068,235065,4
3601,235139,235142,235140,3
3602,235201,235204,235202,3
3603,235253,235257,235255,4
3604,235311,235313,235312,2
3605,235357,235361,235359,4
3606,235467,235469,235468,2
3607,235482,235484,235482,2
3608,235536,235539,235537,3
3609,235642,235645,235643,3
3610,235665,235669,235667,4
3611,235699,235701,235700,2
3612,235723,235727,235725,4
3613,235758,235761,235759,3
3614,235772,235775,235773,3
3615,235815,235817,235816,2
3616,235842,235844,235843,2
3617,235899,235900,235899,1
3618,236054,236058,236055,4
3619,236069,236071,236069,2
3620,236120,236123,236121,3
3621,236177,236179,236178,2
3622,236227,236230,236227,3
3623,236255,236257,236255,2
3624,236264,236266,236264,2
3625,236288,236290,236288,2
3626,236297,236300,236297,3
3627,236351,236354,236353,3
3628,236368,236373,236369,5
3629,236397,236400,236397,3
3630,236462,236465,236463,3
3631,236529,236532,236529,3
3632,236640,236643,236641,3
3633,236748,236750,236748,2
3634,236965,236967,236965,2
3635,237099,237102,237100,3
3636,237177,237182,237179,5
3637,237197,237200,237199,3
3638,237261,237264,237262,3
3639,237336,237340,237338,4
3640,237386,237389,237387,3
3641,237416,237420,237417,4
3642,237456,237460,237457,4
3643,237539,237544,237540,5
3644,237580,237591,237583,11
3645,237605,237610,237606,5
3646,237622,237629,237625,7
3647,237637,237641,237638,4
3648,237695,237699,237696,4
3649,237703,237707,237705,4
3650,237758,237762,237759,4
3651,237800,237804,237801,4
3652,237837,237841,237838,4
3653,237906,237911,237908,5
3654,237988,238002,237990,14
3655,238072,238076,238075,4
3656,238102,238106,238103,4
3657,238150,238160,238153,10
3658,238206,238207,238206,1
3659,238243,238245,238243,2
3660,238278,238282,238279,4
3661,238362,238366,238363,4
3662,238439,238444,238441,5
3663,238477,238486,238478,9
3664,238516,238518,238517,2
3665,238527,238528,238527,1
3666,238552,238556,238553,4
3667,238631,238635,238632,4
3668,238640,238644,238642,4
3669,238674,238677,238674,3
3670,238741,238745,238743,4
3671,238794,238797,238795,3
3672,238835,238839,238837,4
3673,238882,238886,238884,4
3674,238925,238928,238926,3
3675,238939,238943,238940,4
3676,238993,238998,238995,5
3677,239042,239046,239043,4
3678,239100,239102,239101,2
3679,239145,239149,239146,4
3680,239184,239188,239187,4
3681,239232,239236,239233,4
3682,239258,239264,239260,6
3683,239270,239274,239271,4
3684,239368,239370,239369,2
3685,239410,239414,239411,4
3686,239457,239460,239458,3
3687,239481,239485,239484,4
3688,239491,239494,239493,3
3689,239539,239543,239542,4
3690,239592,239595,239593,3
3691,239631,239634,239632,3
3692,239665,239669,239666,4
3693,239710,239716,239711,6
3694,239724,239730,239727,6
3695,239760,239763,239761,3
3696,239806,239810,239807,4
3697,239848,239850,239849,2
3698,239933,239936,239934,3
3699,239956,239960,239958,4
3700,240002,240005,240004,3
3701,240033,240035,240033,2
3702,240082,240084,240083,2
3703,240106,240108,240107,2
3704,240173,240177,240174,4
3705,240245,240249,240246,4
3706,240374,240376,240375,2
3707,240478,240480,240479,2
3708,240565,240568,240566,3
3709,240616,240620,240617,4
3710,240710,240714,240711,4
3711,240736,240738,240737,2
3712,240763,240767,240764,4
3713,240779,240782,240780,3
3714,240813,240816,240814,3
3715,240821,240827,240824,6
3716,240866,240870,240867,4
3717,240907,240911,240909,4
3718,240940,240944,240941,4
3719,240951,240954,240952,3
3720,240986,240991,240988,5
3721,241021,241023,241022,2
3722,241030,241034,241031,4
3723,241055,241059,241057,4
3724,241076,241080,241078,4
3725,241150,241153,241151,3
3726,241206,241208,241206,2
3727,241239,241242,241239,3
3728,241269,241274,241273,5
3729,241330,241334,241331,4
3730,241435,241439,241436,4
3731,241480,241482,241480,2
3732,241500,241509,241500,9
3733,241533,241539,241535,6
3734,241559,241562,241560,3
3735,241629,241634,241630,5
3736,241717,241724,241719,7
3737,241755,241759,241756,4
3738,241894,241898,241896,4
3739,241942,241944,241943,2
3740,241979,241983,241980,4
3741,241992,241995,241994,3
3742,242029,242032,242031,3
3743,242099,242101,242099,2
3744,242159,242161,242160,2
3745,242213,242218,242213,5
3746,242246,242251,242247,5
3747,242301,242303,242302,2
3748,242317,242319,242318,2
3749,242388,242395,242389,7
3750,242489,242492,242490,3
3751,242539,242541,242540,2
3752,242563,242565,242564,2
3753,242583,242587,242584,4
3754,242694,242698,242695,4
3755,242726,242731,242729,5
3756,242760,242764,242763,4
3757,242802,242805,242804,3
3758,242878,242881,242880,3
3759,242889,242894,242890,5
3760,242920,242925,242921,5
3761,242991,242994,242992,3
3762,243032,243035,243033,3
3763,243115,243120,243117,5
3764,243156,243159,243157,3
3765,243187,243190,243188,3
3766,243202,243206,243203,4
3767,243213,243218,243215,5
3768,243245,243249,243246,4
3769,243300,243304,243301,4
3770,243350,243356,243353,6
3771,243477,243482,243478,5
3772,243634,243637,243634,3
3773,243690,243694,243692,4
3774,243754,243759,243757,5
3775,243821,243824,243822,3
3776,243890,243895,243891,5
3777,243906,243910,243907,4
3778,243958,243963,243960,5
3779,244127,244133,244130,6
3780,244314,244317,244316,3
3781,244377,244381,244378,4
3782,244449,244452,244450,3
3783,244492,244496,244495,4
3784,244538,244541,244539,3
3785,244610,244617,244613,7
3786,244787,244792,244788,5
3787,244835,244840,244838,5
3788,244893,244898,244894,5
3789,244951,244954,244952,3
3790,244961,244967,244964,6
3791,245025,245027,245026,2
3792,245104,245106,245104,2
3793,245154,245161,245158,7
3794,245261,245266,245264,5
3795,245300,245305,245301,5
3796,245363,245365,245364,2
3797,245373,245376,245375,3
3798,245469,245474,245471,5
3799,245513,245516,245514,3
3800,245574,245578,245576,4
3801,245588,245593,245589,5
3802,245663,245666,245664,3
3803,245699,245702,245701,3
3804,245765,245772,245767,7
3805,245796,245801,245797,5
3806,245844,245851,245845,7
3807,245863,245871,245866,8
3808,245884,245889,245886,5
3809,245895,245900,245896,5
3810,245911,245915,245912,4
3811,245936,245941,245939,5
3812,245964,245970,245966,6
3813,246002,246007,246004,5
3814,246013,246016,246015,3
3815,246059,246062,246060,3
3816,246183,246187,246186,4
3817,246244,246248,246245,4
3818,246287,246290,246289,3
3819,246329,246331,246330,2
3820,246381,246385,246384,4
3821,246418,246422,246419,4
3822,246427,246432,246429,5
3823,246443,246446,246444,3
3824,246481,246487,246483,6
3825,246523,246529,246525,6
3826,246545,246547,246545,2
3827,246586,246590,246588,4
3828,246653,246657,246655,4
3829,246688,246692,246690,4
3830,246706,246710,246707,4
3831,246734,246739,246735,5
3832,246793,246801,246794,8
3833,246891,246897,246893,6
3834,246926,246930,246928,4
3835,246998,247001,247000,3
3836,247070,247072,247071,2
3837,247100,247109,247103,9
3838,247132,247136,247134,4
3839,247268,247271,247270,3
3840,247341,247345,247343,4
3841,247405,247410,247408,5
3842,247434,247440,247435,6
3843,247447,247454,247449,7
3844,247489,247491,247490,2
3845,247518,247522,247519,4
3846,247561,247565,247562,4
3847,247571,247577,247574,6
3848,247626,247628,247627,2
3849,247680,247684,247682,4
3850,247694,247696,247695,2
3851,247778,247781,247779,3
3852,247810,247814,247813,4
3853,247844,247849,247845,5
3854,247891,247894,247892,3
3855,247900,247905,247903,5
3856,247940,247943,247940,3
3857,247996,248000,247998,4
3858,248037,248041,248039,4
3859,248058,248063,248060,5
3860,248114,248118,248115,4
3861,248194,248198,248195,4
3862,248251,248256,248253,5
3863,248268,248273,248270,5
3864,248322,248335,248324,13
3865,248366,248371,248369,5
3866,248433,248436,248435,3
3867,248445,248448,248446,3
3868,248518,248522,248521,4
3869,248604,248607,248605,3
3870,248644,248646,248644,2
3871,248692,248695,248693,3
3872,248763,248766,248763,3
3873,248833,248836,248834,3
3874,249105,249110,249106,5
3875,249251,249254,249251,3
3876,249259,249261,249260,2
3877,249340,249343,249341,3
3878,249356,249363,249356,7
3879,249495,249499,249495,4
3880,249558,249563,249558,5
3881,249590,249593,249590,3
3882,249632,249637,249634,5
3883,249744,249746,249744,2
3884,249817,249822,249820,5
3885,249887,249892,249889,5
3886,249932,249935,249934,3
3887,250048,250049,250048,1
3888,250080,250085,250081,5
3889,250124,250125,250124,1
3890,250222,250226,250222,4
3891,250276,250278,250276,2
3892,250567,250570,250569,3
3893,250589,250595,250592,6
3894,250655,250661,250656,6
3895,250757,250760,250759,3
3896,250802,250809,250804,7
3897,250911,250915,250914,4
3898,250971,250975,250972,4
3899,250994,250999,250997,5
3900,251105,251108,251106,3
3901,251186,251189,251188,3
3902,251245,251250,251246,5
3903,251256,251259,251257,3
3904,251320,251323,251320,3
3905,251354,251359,251355,5
3906,251390,251394,251391,4
3907,251424,251428,251425,4
3908,251544,251548,251545,4
3909,251647,251650,251647,3
3910,251681,251683,251681,2
3911,251790,251791,251790,1
3912,251899,251901,251899,2
3913,251931,251935,251931,4
3914,252044,252045,252044,1
3915,252085,252089,252086,4
3916,252118,252121,252119,3
3917,252190,252193,252191,3
3918,252250,252254,252251,4
3919,252310,252312,252310,2
3920,252465,252467,252466,2
3921,252527,252530,252527,3
3922,252536,252539,252536,3
3923,252562,252565,252562,3
3924,252579,252583,252579,4
3925,252662,252665,252663,3
3926,252766,252767,252766,1
3927,252838,252840,252839,2
3928,252850,252853,252850,3
3929,252942,252946,252943,4
3930,253033,253039,253033,6
3931,253081,253090,253082,9
3932,253133,253139,253137,6
3933,253172,253178,253172,6
3934,253260,253267,253261,7
3935,253315,253320,253317,5
3936,253359,253361,253360,2
3937,253388,253391,253389,3
3938,253439,253446,253443,7
3939,253492,253496,253494,4
3940,253523,253529,253525,6
3941,253586,253590,253587,4
3942,253596,253602,253599,6
3943,253687,253692,253691,5
3944,253770,253774,253771,4
3945,253831,253835,253833,4
3946,253894,253899,253896,5
3947,254000,254003,254001,3
3948,254033,254038,254034,5
3949,254099,254103,254101,4
3950,254130,254133,254132,3
3951,254178,254182,254180,4
3952,254199,254205,254201,6
3953,254255,254260,254256,5
3954,254306,254311,254308,5
3955,254385,254389,254388,4
3956,254409,254412,254410,3
3957,254458,254462,254460,4
3958,254500,254506,254504,6
3959,254512,254517,254513,5
3960,254645,254648,254645,3
3961,254670,254675,254672,5
3962,254760,254766,254760,6
3963,254870,254871,254870,1
3964,254916,254918,254917,2
3965,254972,254976,254973,4
3966,254986,254991,254987,5
3967,255013,255021,255017,8
3968,255070,255075,255071,5
3969,255094,255096,255095,2
3970,255156,255158,255156,2
3971,255193,255197,255194,4
3972,255236,255239,255237,3
3973,255253,255256,255255,3
3974,255322,255327,255326,5
3975,255382,255387,255384,5
3976,255392,255396,255394,4
3977,255451,255453,255452,2
3978,255461,255466,255463,5
3979,255520,255526,255521,6
3980,255553,255557,255554,4
3981,255594,255597,255595,3
3982,255608,255610,255609,2
3983,255623,255626,255625,3
3984,255664,255669,255665,5
3985,255697,255703,255701,6
3986,255814,255817,255815,3
3987,255863,255869,255867,6
3988,255898,255905,255901,7
3989,255980,255986,255982,6
3990,256017,256021,256018,4
3991,256071,256072,256071,1
3992,256105,256108,256106,3
3993,256165,256167,256165,2
3994,256241,256246,256241,5
3995,256253,256256,256255,3
3996,256357,256359,256357,2
3997,256684,256688,256685,4
3998,256780,256782,256781,2
3999,256865,256869,256866,4
4000,257096,257100,257096,4
4001,257129,257130,257129,1
4002,257367,257371,257370,4
4003,257388,257391,257389,3
4004,257434,257440,257434,6
4005,257458,257465,257460,7
4006,257491,257495,257492,4
4007,257537,257542,257538,5
4008,257580,257588,257581,8
4009,257598,257606,257599,8
4010,257686,257690,257687,4
4011,257754,257759,257755,5
4012,257796,257801,257798,5
4013,257838,257842,257839,4
4014,257967,257971,257967,4
4015,258015,258018,258015,3
4016,258080,258087,258081,7
4017,258152,258154,258153,2
4018,258351,258356,258351,5
4019,258377,258381,258379,4
4020,258389,258392,258389,3
4021,258415,258421,258419,6
4022,258469,258471,258470,2
4023,258573,258576,258574,3
4024,258618,258622,258619,4
4025,258666,258669,258668,3
4026,258700,258705,258704,5
4027,258761,258766,258763,5
4028,258795,258800,258797,5
4029,258865,258867,258865,2
4030,258939,258941,258940,2
4031,258968,258969,258968,1
4032,259014,259016,259014,2
4033,259083,259087,259084,4
4034,259174,259175,259174,1
4035,259225,259227,259226,2
4036,259261,259265,259262,4
4037,259310,259312,259311,2
4038,259363,259366,259364,3
4039,259375,259380,259377,5
4040,259435,259439,259437,4
4041,259489,259493,259490,4
4042,259526,259529,259527,3
4043,259579,259584,259580,5
4044,259623,259628,259625,5
4045,259659,259662,259660,3
4046,259688,259692,259689,4
4047,259737,259739,259738,2
4048,259761,259764,259762,3
4049,259802,259806,259804,4
4050,259853,259856,259855,3
4051,259890,259893,259892,3
4052,259977,259981,259979,4
4053,259988,259991,259990,3
4054,260050,260056,260051,6
4055,260098,260100,260099,2
4056,260143,260149,260146,6
4057,260161,260163,260162,2
4058,260209,260214,260210,5
4059,260242,260246,260243,4
4060,260355,260360,260356,5
4061,260372,260374,260373,2
4062,260388,260393,260389,5
4063,260447,260451,260447,4
4064,260484,260488,260486,4
4065,260771,260775,260772,4
4066,260779,260790,260781,11
4067,260872,260876,260873,4
4068,260966,260971,260968,5
4069,261130,261134,261132,4
4070,261203,261206,261204,3
4071,261297,261301,261298,4
4072,261344,261348,261345,4
4073,261384,261386,261385,2
4074,261441,261444,261441,3
4075,261517,261519,261518,2
4076,261534,261539,261537,5
4077,261572,261574,261572,2
4078,261590,261591,261590,1
4079,261624,261626,261624,2
4080,261633,261634,261633,1
4081,261767,261769,261768,2
4082,261782,261786,261783,4
4083,261804,261807,261805,3
4084,261813,261817,261814,4
4085,261855,261859,261857,4
4086,261865,261869,261868,4
4087,261938,261942,261939,4
4088,261985,261990,261987,5
4089,262001,262006,262003,5
4090,262124,262125,262124,1
4091,262137,262141,262138,4
4092,262208,262212,262210,4
4093,262225,262227,262226,2
4094,262268,262271,262270,3
4095,262314,262317,262314,3
4096,262420,262425,262421,5
4097,262431,262437,262432,6
4098,262552,262555,262553,3
4099,262595,262597,262595,2
4100,262616,262620,262617,4
4101,262645,262649,262646,4
4102,262798,262800,262798,2
4103,262807,262810,262807,3
4104,262851,262856,262854,5
4105,262938,262941,262938,3
4106,263033,263036,263033,3
4107,263102,263104,263103,2
4108,263167,263173,263170,6
4109,263226,263229,263226,3
4110,263296,263298,263297,2
4111,263321,263324,263321,3
4112,263398,263403,263401,5
4113,263442,263446,263443,4
4114,263472,263479,263473,7
4115,263587,263591,263587,4
4116,263635,263641,263639,6
4117,263669,263672,263669,3
4118,263691,263694,263692,3
4119,263793,263798,263793,5
4120,263841,263845,263843,4
4121,263903,263908,263904,5
4122,263949,263951,263950,2
4123,264055,264058,264057,3
4124,264132,264135,264133,3
4125,264304,264308,264306,4
4126,264355,264357,264356,2
4127,264384,264395,264385,11
4128,264479,264483,264480,4
4129,264565,264569,264566,4
4130,264598,264603,264599,5
4131,264634,264638,264634,4
4132,264704,264706,264705,2
4133,264795,264799,264796,4
4134,264820,264823,264820,3
4135,264875,264878,264876,3
4136,264904,264911,264906,7
4137,264939,264942,264939,3
4138,264976,264981,264977,5
4139,265036,265040,265037,4
4140,265087,265091,265089,4
4141,265417,265421,265418,4
4142,265427,265428,265427,1
4143,265555,265558,265555,3
4144,265647,265649,265647,2
4145,265671,265673,265672,2
4146,265712,265714,265712,2
4147,265780,265785,265781,5
4148,265790,265793,265791,3
4149,265853,265857,265854,4
4150,266061,266064,266061,3
4151,266070,266074,266071,4
4152,266099,266104,266100,5
4153,266161,266165,266162,4
4154,266204,266209,266204,5
4155,266325,266328,266325,3
4156,266372,266375,266373,3
4157,266566,266569,266568,3
4158,266616,266619,266618,3
4159,266633,266635,266634,2
4160,266683,266684,266683,1
4161,266733,266736,266734,3
4162,266755,266758,266756,3
4163,266799,266802,266800,3
4164,266809,266811,266810,2
4165,266847,266851,266849,4
4166,266901,266904,266903,3
4167,266981,266986,266983,5
4168,266991,266996,266994,5
4169,267007,267009,267008,2
4170,267098,267102,267098,4
4171,267126,267129,267127,3
4172,267135,267140,267136,5
4173,267171,267174,267173,3
4174,267209,267212,267210,3
4175,267261,267265,267262,4
4176,267317,267319,267318,2
4177,267387,267389,267388,2
4178,267484,267487,267484,3
4179,267609,267611,267609,2
4180,267729,267732,267730,3
4181,267743,267746,267743,3
4182,267789,267791,267789,2
4183,267848,267854,267851,6
4184,267860,267866,267861,6
4185,267982,267983,267982,1
4186,268003,268007,268003,4
4187,268068,268072,268068,4
4188,268109,268114,268109,5
4189,268160,268163,268161,3
4190,268220,268224,268222,4
4191,268233,268235,268234,2
4192,268288,268290,268289,2
4193,268317,268322,268318,5
4194,268355,268357,268356,2
4195,268420,268423,268421,3
4196,268443,268446,268444,3
4197,268461,268465,268462,4
4198,268516,268520,268518,4
4199,268565,268569,268567,4
4200,268609,268612,268609,3
4201,268693,268703,268693,10
4202,268723,268728,268725,5
4203,268774,268776,268775,2
4204,268869,268874,268871,5
4205,268960,268965,268961,5
4206,269025,269029,269026,4
4207,269047,269052,269048,5
4208,269122,269125,269123,3
4209,269225,269228,269227,3
4210,269264,269266,269264,2
4211,269308,269309,269308,1
4212,269341,269345,269343,4
4213,269391,269394,269393,3
4214,269471,269473,269472,2
4215,269507,269511,269508,4
4216,269525,269528,269525,3
4217,269570,269574,269573,4
4218,269605,269610,269607,5
4219,269649,269653,269650,4
4220,269658,269663,269660,5
4221,269714,269718,269715,4
4222,269727,269729,269728,2
4223,269741,269761,269741,20
4224,269791,269795,269792,4
4225,269833,269835,269833,2
4226,269885,269888,269886,3
4227,270000,270004,270001,4
4228,270012,270015,270013,3
4229,270046,270049,270047,3
4230,270089,270094,270091,5
4231,270138,270142,270138,4
4232,270176,270180,270178,4
4233,270225,270232,270226,7
4234,270268,270270,270269,2
4235,270310,270312,270311,2
4236,270365,270368,270366,3
4237,270402,270405,270403,3
4238,270461,270463,270462,2
4239,270551,270553,270552,2
4240,270600,270604,270601,4
4241,270625,270628,270626,3
4242,270633,270637,270636,4
4243,270697,270699,270698,2
4244,270763,270764,270763,1
4245,270811,270814,270812,3
4246,270897,270900,270897,3
4247,270945,270948,270947,3
4248,271016,271018,271016,2
4249,271062,271065,271063,3
4250,271115,271118,271116,3
4251,271177,271179,271177,2
4252,271237,271241,271237,4
4253,271308,271313,271309,5
4254,271391,271394,271392,3
4255,271417,271420,271419,3
4256,271477,271480,271478,3
4257,271516,271520,271519,4
4258,271531,271534,271532,3
4259,271553,271556,271554,3
4260,271606,271610,271609,4
4261,271661,271664,271662,3
4262,271698,271701,271699,3
4263,271707,271711,271708,4
4264,271748,271751,271749,3
4265,271805,271808,271807,3
4266,271883,271887,271885,4
4267,271959,271961,271960,2
4268,272112,272114,272113,2
4269,272182,272184,272183,2
4270,272198,272203,272198,5
4271,272216,272218,272217,2
4272,272302,272304,272303,2
4273,272403,272405,272404,2
4274,272429,272434,272430,5
4275,272445,272447,272446,2
4276,272503,272508,272505,5
4277,272638,272640,272639,2
4278,272688,272691,272689,3
4279,272716,272719,272718,3
4280,272735,272737,272736,2
4281,272769,272788,272772,19
4282,272813,272822,272814,9
4283,272882,272886,272884,4
4284,272995,273006,272995,11
4285,273084,273090,273085,6
4286,273120,273123,273121,3
4287,273199,273201,273199,2
4288,273267,273271,273270,4
4289,273300,273305,273300,5
4290,273357,273359,273357,2
4291,273400,273403,273401,3
4292,273461,273463,273462,2
4293,273471,273477,273473,6
4294,273536,273538,273537,2
4295,273551,273553,273551,2
4296,273600,273602,273601,2
4297,273642,273645,273644,3
4298,273665,273668,273666,3
4299,273675,273678,273676,3
4300,273693,273695,273694,2
4301,273719,273721,273720,2
4302,273739,273743,273740,4
4303,273780,273782,273781,2
4304,273848,273851,273849,3
4305,273969,273971,273970,2
4306,273999,274001,274000,2
4307,274069,274074,274071,5
4308,274111,274112,274111,1
4309,274146,274150,274147,4
4310,274188,274191,274189,3
4311,274233,274235,274233,2
4312,274311,274316,274313,5
4313,274402,274404,274403,2
4314,274447,274450,274448,3
4315,274461,274463,274462,2
4316,274501,274503,274501,2
4317,274601,274604,274603,3
4318,274643,274645,274643,2
4319,274653,274655,274654,2
4320,274718,274721,274720,3
4321,274781,274784,274782,3
4322,274821,274824,274822,3
4323,274867,274870,274867,3
4324,274906,274909,274906,3
4325,274945,274947,274946,2
4326,274987,274989,274988,2
4327,275044,275047,275046,3
4328,275069,275073,275071,4
4329,275112,275115,275113,3
4330,275144,275146,275145,2
4331,275173,275176,275175,3
4332,275243,275244,275243,1
4333,275258,275263,275262,5
4334,275289,275293,275290,4
4335,275337,275339,275338,2
4336,275385,275390,275387,5
4337,275409,275413,275410,4
4338,275439,275443,275439,4
4339,275483,275485,275484,2
4340,275530,275532,275531,2
4341,275549,275551,275550,2
4342,275650,275652,275651,2
4343,275714,275717,275715,3
4344,275769,275771,275769,2
4345,275823,275827,275825,4
4346,275840,275842,275841,2
4347,275913,275914,275913,1
4348,275947,275948,275947,1
4349,275983,275986,275984,3
4350,276018,276031,276018,13
4351,276062,276065,276064,3
4352,276100,276103,276102,3
4353,276123,276127,276124,4
4354,276197,276216,276197,19
4355,276225,276229,276226,4
4356,276375,276379,276376,4
4357,276395,276397,276396,2
4358,276445,276448,276447,3
4359,276456,276459,276457,3
4360,276516,276518,276517,2
4361,276542,276544,276543,2
4362,276607,276609,276608,2
4363,276662,276664,276662,2
4364,276706,276708,276707,2
4365,276739,276741,276740,2
4366,276781,276784,276783,3
4367,276825,276828,276826,3
4368,276968,276971,276968,3
4369,277012,277016,277013,4
4370,277172,277176,277174,4
4371,277312,277315,277313,3
4372,277382,277384,277383,2
4373,277395,277397,277396,2
4374,277471,277473,277471,2
4375,277492,277495,277492,3
4376,277671,277673,277672,2
4377,277713,277716,277713,3
4378,277778,277781,277779,3
4379,277899,277903,277901,4
4380,277963,277964,277963,1
4381,277975,277976,277975,1
4382,277992,277998,277994,6
4383,278048,278054,278052,6
4384,278436,278440,278437,4
4385,278491,278494,278492,3
4386,278557,278560,278558,3
4387,278676,278680,278677,4
4388,278740,278743,278741,3
4389,278782,278783,278782,1
4390,278854,278855,278854,1
4391,278862,278866,278863,4
4392,278991,278996,278992,5
4393,279027,279029,279027,2
4394,279042,279046,279045,4
4395,279068,279073,279071,5
4396,279136,279138,279137,2
4397,279167,279172,279168,5
4398,279294,279299,279297,5
4399,279309,279313,279311,4
4400,279338,279341,279340,3
4401,279383,279388,279384,5
4402,279424,279428,279425,4
4403,279459,279462,279461,3
4404,279474,279478,279476,4
4405,279549,279554,279552,5
4406,279716,279719,279717,3
4407,279733,279736,279735,3
4408,279750,279754,279751,4
4409,279762,279766,279765,4
4410,279816,279820,279817,4
4411,279860,279862,279861,2
4412,279882,279885,279883,3
4413,279895,279897,279896,2
4414,279933,279935,279933,2
4415,279986,279988,279986,2
4416,280056,280059,280057,3
4417,280066,280068,280067,2
4418,280098,280101,280099,3
4419,280164,280167,280165,3
4420,280287,280290,280288,3
4421,280406,280409,280408,3
4422,280470,280472,280470,2
4423,280534,280537,280535,3
4424,280630,280635,280631,5
4425,280646,280648,280647,2
4426,280698,280705,280699,7
4427,280763,280769,280765,6
4428,280811,280814,280812,3
4429,280858,280862,280859,4
4430,280976,280979,280977,3
4431,280990,280992,280991,2
4432,281008,281011,281009,3
4433,281037,281041,281039,4
4434,281177,281182,281180,5
4435,281259,281261,281260,2
4436,281342,281345,281344,3
4437,281456,281460,281458,4
4438,281514,281517,281515,3
4439,281530,281534,281533,4
4440,281612,281615,281613,3
4441,281781,281783,281782,2
4442,281833,281836,281835,3
4443,281920,281922,281920,2
4444,282032,282034,282032,2
4445,282114,282117,282115,3
4446,282196,282199,282197,3
4447,282231,282234,282232,3
4448,282277,282280,282278,3
4449,282311,282315,282313,4
4450,282452,282455,282453,3
4451,282515,282518,282516,3
4452,282705,282730,282707,25
4453,282768,282771,282769,3
4454,282792,282798,282795,6
4455,282902,282906,282903,4
4456,282936,282941,282938,5
