,Start_blink,End_blink,Blink_frame,No_of_frames
0,11,16,13,5
1,129,135,132,6
2,148,152,149,4
3,195,199,196,4
4,239,244,243,5
5,280,286,284,6
6,342,347,344,5
7,382,385,383,3
8,452,455,453,3
9,549,552,550,3
10,628,632,629,4
11,715,719,718,4
12,954,956,955,2
13,1109,1113,1109,4
14,1282,1285,1284,3
15,1429,1433,1432,4
16,1494,1496,1495,2
17,1564,1567,1565,3
18,1673,1697,1674,24
19,1736,1739,1737,3
20,1803,1808,1804,5
21,1817,1822,1820,5
22,1872,1874,1873,2
23,1899,1904,1901,5
24,2186,2188,2187,2
25,2234,2238,2235,4
26,2343,2356,2346,13
27,2437,2440,2438,3
28,2520,2524,2522,4
29,2585,2590,2588,5
30,2688,2692,2689,4
31,2741,2744,2742,3
32,2851,2855,2852,4
33,2917,2921,2918,4
34,3061,3065,3062,4
35,3197,3200,3198,3
36,3302,3308,3304,6
37,3490,3492,3491,2
38,3544,3546,3545,2
39,3601,3603,3602,2
40,3767,3771,3768,4
41,3825,3829,3827,4
42,3857,3861,3859,4
43,4082,4084,4083,2
44,4269,4273,4270,4
45,4287,4291,4288,4
46,4345,4349,4347,4
47,4577,4580,4578,3
48,4673,4677,4675,4
49,4721,4723,4722,2
50,4854,4857,4855,3
51,4947,4951,4949,4
52,5027,5031,5028,4
53,5074,5076,5075,2
54,5138,5143,5139,5
55,5260,5262,5261,2
56,5506,5509,5507,3
57,5638,5659,5640,21
58,5687,5689,5688,2
59,5793,5798,5794,5
60,5835,5845,5836,10
61,5866,5869,5867,3
62,5920,5923,5922,3
63,5939,5942,5940,3
64,5960,5963,5962,3
65,5973,5976,5974,3
66,6054,6057,6055,3
67,6073,6080,6074,7
68,6188,6193,6189,5
69,6242,6247,6243,5
70,6366,6368,6367,2
71,6401,6404,6402,3
72,6415,6417,6416,2
73,6464,6467,6465,3
74,6482,6484,6482,2
75,6515,6519,6517,4
76,6566,6570,6567,4
77,6756,6759,6758,3
78,6861,6864,6862,3
79,6873,6877,6874,4
80,6960,6962,6961,2
81,6980,6983,6981,3
82,7176,7185,7177,9
83,7215,7221,7216,6
84,7234,7240,7236,6
85,7265,7267,7266,2
86,7403,7408,7406,5
87,7509,7514,7510,5
88,7728,7730,7729,2
89,7885,7889,7886,4
90,7981,7985,7983,4
91,8015,8022,8017,7
92,8073,8076,8074,3
93,8083,8089,8087,6
94,8099,8104,8100,5
95,8183,8187,8184,4
96,8222,8232,8223,10
97,8298,8300,8299,2
98,8362,8366,8363,4
99,8375,8377,8376,2
100,8468,8472,8469,4
101,8477,8482,8478,5
102,8564,8570,8567,6
103,8589,8591,8590,2
104,8625,8632,8629,7
105,8656,8660,8657,4
106,8677,8679,8678,2
107,8739,8743,8740,4
108,8798,8803,8800,5
109,8921,8924,8923,3
110,9020,9022,9021,2
111,9050,9054,9052,4
112,9154,9157,9155,3
113,9213,9215,9214,2
114,9272,9276,9274,4
115,9316,9319,9317,3
116,9394,9397,9395,3
117,9472,9475,9473,3
118,9504,9507,9505,3
119,9634,9639,9636,5
120,9664,9669,9666,5
121,9764,9768,9764,4
122,9772,9775,9773,3
123,9861,9864,9862,3
124,9926,9929,9927,3
125,10004,10008,10005,4
126,10158,10162,10159,4
127,10227,10230,10229,3
128,10540,10545,10542,5
129,10555,10556,10555,1
130,10679,10681,10680,2
131,10748,10750,10749,2
132,10812,10815,10813,3
133,10866,10870,10868,4
134,10999,11003,11000,4
135,11033,11036,11034,3
136,11278,11281,11279,3
137,11413,11415,11414,2
138,11424,11427,11425,3
139,11596,11600,11597,4
140,11647,11650,11648,3
141,11793,11802,11796,9
142,11857,11861,11858,4
143,11901,11905,11902,4
144,11940,11944,11941,4
145,11948,11954,11950,6
146,12025,12029,12026,4
147,12040,12042,12041,2
148,12099,12103,12100,4
149,12207,12209,12208,2
150,12250,12257,12251,7
151,12307,12310,12309,3
152,12350,12360,12354,10
153,12379,12381,12380,2
154,12394,12398,12397,4
155,12462,12466,12462,4
156,12535,12537,12535,2
157,12562,12565,12563,3
158,12667,12672,12671,5
159,12701,12712,12703,11
160,12783,12792,12785,9
161,12837,12840,12838,3
162,12885,12887,12886,2
163,12932,12937,12934,5
164,12950,12955,12952,5
165,12965,12974,12966,9
166,12996,13000,12998,4
167,13016,13024,13019,8
168,13097,13102,13101,5
169,13144,13149,13145,5
170,13203,13209,13204,6
171,13343,13346,13344,3
172,13382,13388,13384,6
173,13404,13406,13405,2
174,13461,13470,13462,9
175,13672,13678,13673,6
176,13687,13690,13688,3
177,13708,13712,13709,4
178,13762,13766,13763,4
179,13792,13794,13793,2
180,13804,13807,13805,3
181,13897,13901,13900,4
182,14005,14008,14006,3
183,14097,14099,14098,2
184,14140,14142,14141,2
185,14373,14377,14374,4
186,14491,14494,14492,3
187,14598,14602,14601,4
188,14610,14612,14611,2
189,14627,14631,14628,4
190,14677,14682,14678,5
191,14786,14790,14787,4
192,14928,14931,14930,3
193,14987,14991,14988,4
194,15018,15023,15019,5
195,15144,15147,15145,3
196,15182,15184,15183,2
197,15279,15281,15280,2
198,15368,15372,15369,4
199,15391,15396,15392,5
200,15457,15461,15459,4
201,15508,15512,15509,4
202,15582,15585,15584,3
203,15726,15728,15727,2
204,15823,15826,15824,3
205,16040,16045,16043,5
206,16205,16208,16206,3
207,16221,16224,16222,3
208,16404,16406,16405,2
209,16696,16701,16698,5
210,16814,16817,16816,3
211,16858,16860,16859,2
212,16969,16972,16971,3
213,17100,17103,17101,3
214,17145,17148,17146,3
215,17177,17181,17178,4
216,17291,17294,17292,3
217,17380,17384,17381,4
218,17453,17457,17454,4
219,17469,17472,17470,3
220,17490,17494,17493,4
221,17587,17591,17588,4
222,17605,17610,17608,5
223,17622,17629,17624,7
224,17733,17739,17734,6
225,17879,17882,17880,3
226,18008,18012,18009,4
227,18077,18081,18079,4
228,18179,18185,18180,6
229,18296,18299,18297,3
230,18369,18372,18371,3
231,18428,18432,18429,4
232,18591,18594,18592,3
233,18667,18669,18668,2
234,18823,18825,18824,2
235,18846,18848,18847,2
236,18961,18963,18962,2
237,19130,19155,19130,25
238,19164,19166,19165,2
239,19290,19294,19291,4
240,19312,19317,19314,5
241,19360,19363,19361,3
242,19432,19438,19434,6
243,19444,19448,19445,4
244,19498,19502,19499,4
245,19630,19632,19631,2
246,19670,19676,19673,6
247,19709,19711,19710,2
248,19738,19741,19739,3
249,19805,19808,19806,3
250,19841,19845,19842,4
251,19952,19955,19953,3
252,20125,20128,20126,3
253,20170,20175,20173,5
254,20276,20280,20277,4
255,20349,20352,20351,3
256,20435,20439,20436,4
257,20533,20536,20534,3
258,20592,20597,20595,5
259,20636,20641,20640,5
260,20683,20686,20684,3
261,20787,20790,20789,3
262,20831,20836,20832,5
263,20878,20881,20878,3
264,20897,20902,20898,5
265,20949,20952,20950,3
266,21007,21011,21010,4
267,21077,21081,21078,4
268,21184,21190,21188,6
269,21310,21313,21312,3
270,21359,21361,21360,2
271,21432,21434,21433,2
272,21557,21560,21559,3
273,21611,21614,21612,3
274,21677,21681,21678,4
275,21729,21731,21730,2
276,21831,21834,21831,3
277,21918,21922,21919,4
278,21972,21974,21973,2
279,22004,22008,22006,4
280,22105,22108,22107,3
281,22116,22117,22116,1
282,22256,22261,22257,5
283,22364,22368,22365,4
284,22449,22452,22450,3
285,22527,22532,22529,5
286,22549,22553,22550,4
287,22597,22601,22599,4
288,22666,22671,22667,5
289,22716,22719,22718,3
290,22809,22811,22810,2
291,22871,22875,22873,4
292,22923,22926,22925,3
293,23000,23003,23001,3
294,23081,23084,23082,3
295,23090,23094,23092,4
296,23172,23175,23173,3
297,23234,23237,23235,3
298,23322,23325,23323,3
299,23347,23352,23348,5
300,23400,23405,23402,5
301,23439,23444,23441,5
302,23501,23506,23502,5
303,23528,23531,23529,3
304,23566,23584,23568,18
305,23610,23614,23613,4
306,23624,23628,23626,4
307,23683,23687,23684,4
308,23750,23752,23751,2
309,23773,23775,23774,2
310,23831,23834,23833,3
311,23842,23847,23844,5
312,23883,23888,23884,5
313,23918,23923,23919,5
314,23974,23978,23975,4
315,24059,24062,24061,3
316,24136,24142,24139,6
317,24192,24196,24194,4
318,24206,24211,24208,5
319,24346,24350,24349,4
320,24374,24379,24376,5
321,24384,24390,24387,6
322,24511,24515,24512,4
323,24552,24556,24553,4
324,24618,24622,24619,4
325,24750,24754,24752,4
326,24787,24792,24790,5
327,24865,24869,24866,4
328,24951,24954,24952,3
329,25103,25105,25104,2
330,25169,25172,25170,3
331,25229,25231,25230,2
332,25315,25320,25317,5
333,25345,25349,25346,4
334,25478,25479,25478,1
335,25515,25517,25516,2
336,25583,25585,25584,2
337,25686,25688,25687,2
338,25758,25762,25760,4
339,25825,25827,25826,2
340,25880,25885,25882,5
341,25921,25925,25923,4
342,25979,25981,25980,2
343,26063,26064,26063,1
344,26120,26122,26121,2
345,26165,26169,26168,4
346,26196,26200,26198,4
347,26243,26247,26245,4
348,26308,26312,26310,4
349,26318,26322,26320,4
350,26345,26347,26346,2
351,26395,26399,26396,4
352,26441,26444,26442,3
353,26470,26478,26472,8
354,26510,26515,26512,5
355,26577,26581,26579,4
356,26628,26632,26629,4
357,26670,26673,26671,3
358,26748,26752,26750,4
359,26787,26791,26789,4
360,26813,26815,26814,2
361,26830,26834,26831,4
362,26864,26868,26867,4
363,26932,26936,26933,4
364,27003,27007,27004,4
365,27056,27060,27057,4
366,27095,27098,27096,3
367,27144,27148,27146,4
368,27204,27208,27205,4
369,27260,27263,27262,3
370,27302,27306,27303,4
371,27330,27334,27332,4
372,27378,27386,27379,8
373,27455,27465,27457,10
374,27527,27530,27529,3
375,27573,27577,27574,4
376,27607,27610,27608,3
377,27642,27646,27644,4
378,27706,27708,27707,2
379,27780,27782,27780,2
380,27829,27831,27830,2
381,27878,27882,27880,4
382,28025,28035,28026,10
383,28090,28094,28092,4
384,28142,28145,28143,3
385,28243,28248,28245,5
386,28392,28396,28393,4
387,28492,28494,28493,2
388,28536,28548,28540,12
389,28603,28606,28605,3
390,28695,28699,28697,4
391,28914,28918,28915,4
392,29000,29004,29001,4
393,29113,29117,29114,4
394,29167,29171,29168,4
395,29180,29182,29181,2
396,29232,29236,29234,4
397,29244,29249,29247,5
398,29283,29288,29284,5
399,29343,29346,29344,3
400,29416,29419,29417,3
401,29490,29494,29491,4
402,29574,29578,29575,4
403,29603,29604,29603,1
404,29670,29673,29671,3
405,29681,29685,29683,4
406,29716,29720,29718,4
407,29770,29775,29772,5
408,29896,29898,29897,2
409,29929,29933,29930,4
410,30010,30014,30011,4
411,30026,30028,30027,2
412,30049,30054,30052,5
413,30094,30098,30095,4
414,30131,30136,30133,5
415,30140,30145,30142,5
416,30187,30191,30188,4
417,30239,30244,30242,5
418,30310,30312,30311,2
419,30348,30353,30350,5
420,30368,30374,30370,6
421,30433,30436,30434,3
422,30519,30523,30521,4
423,30556,30559,30557,3
424,30671,30673,30672,2
425,30728,30732,30729,4
426,30767,30770,30768,3
427,30784,30789,30785,5
428,30821,30825,30823,4
429,30870,30872,30871,2
430,31021,31023,31022,2
431,31110,31113,31111,3
432,31146,31150,31148,4
433,31197,31200,31198,3
434,31244,31248,31246,4
435,31285,31289,31286,4
436,31297,31302,31299,5
437,31421,31424,31422,3
438,31441,31444,31442,3
439,31538,31542,31540,4
440,31606,31611,31610,5
441,31625,31629,31627,4
442,31687,31691,31688,4
443,31739,31744,31741,5
444,31813,31816,31815,3
445,31868,31872,31871,4
446,31933,31936,31935,3
447,31975,31979,31977,4
448,31988,31992,31989,4
449,32089,32094,32090,5
450,32150,32155,32152,5
451,32238,32242,32239,4
452,32435,32439,32437,4
453,32466,32469,32467,3
454,32529,32533,32530,4
455,32543,32548,32545,5
456,32555,32560,32557,5
457,32606,32609,32607,3
458,32615,32621,32616,6
459,32721,32723,32722,2
460,32812,32816,32813,4
461,32867,32873,32868,6
462,32892,32894,32893,2
463,32958,32961,32960,3
464,33018,33022,33019,4
465,33116,33120,33118,4
466,33182,33186,33183,4
467,33205,33209,33207,4
468,33296,33300,33299,4
469,33315,33321,33316,6
470,33389,33393,33390,4
471,33462,33466,33465,4
472,33664,33668,33666,4
473,33738,33741,33739,3
474,33936,33940,33939,4
475,33967,33975,33969,8
476,34033,34037,34034,4
477,34099,34103,34101,4
478,34140,34143,34141,3
479,34281,34298,34284,17
480,34335,34358,34337,23
481,34376,34402,34379,26
482,34425,34427,34426,2
483,34443,34457,34444,14
484,34478,34482,34479,4
485,34487,34492,34489,5
486,34571,34574,34573,3
487,34590,34594,34591,4
488,34662,34665,34663,3
489,34680,34683,34681,3
490,34728,34732,34729,4
491,34778,34782,34780,4
492,34882,34884,34883,2
493,34915,34919,34917,4
494,34949,34956,34950,7
495,34976,34980,34977,4
496,35017,35022,35019,5
497,35083,35086,35084,3
498,35433,35439,35435,6
499,35502,35507,35503,5
500,35588,35592,35589,4
501,35629,35632,35630,3
502,35683,35688,35685,5
503,35717,35720,35719,3
504,35837,35840,35839,3
505,35923,35926,35924,3
506,36015,36019,36017,4
507,36059,36061,36060,2
508,36176,36183,36179,7
509,36235,36238,36237,3
510,36301,36304,36302,3
511,36343,36347,36345,4
512,36400,36403,36402,3
513,36487,36490,36488,3
514,36516,36520,36517,4
515,36555,36559,36556,4
516,36649,36653,36650,4
517,36694,36698,36695,4
518,36751,36755,36753,4
519,36821,36823,36822,2
520,36844,36862,36847,18
521,36913,36916,36914,3
522,36932,36937,36935,5
523,36960,36966,36961,6
524,36978,36981,36979,3
525,37049,37055,37051,6
526,37112,37116,37113,4
527,37179,37183,37180,4
528,37221,37225,37222,4
529,37278,37282,37280,4
530,37418,37423,37420,5
531,37482,37485,37483,3
532,37499,37501,37500,2
533,37547,37551,37548,4
534,37613,37619,37614,6
535,37730,37735,37732,5
536,37832,37836,37834,4
537,37914,37920,37915,6
538,37978,37985,37981,7
539,38025,38031,38026,6
540,38129,38132,38130,3
541,38224,38228,38226,4
542,38251,38255,38253,4
543,38292,38295,38294,3
544,38386,38389,38387,3
545,38534,38541,38537,7
546,38583,38588,38587,5
547,38623,38627,38626,4
548,38743,38748,38745,5
549,38844,38850,38846,6
550,38938,38941,38939,3
551,39051,39054,39052,3
552,39124,39128,39126,4
553,39184,39188,39186,4
554,39284,39290,39287,6
555,39368,39373,39369,5
556,39565,39569,39566,4
557,39683,39687,39684,4
558,39783,39788,39785,5
559,39812,39814,39813,2
560,39828,39832,39829,4
561,39849,39853,39851,4
562,39958,39961,39959,3
563,39987,40000,39989,13
564,40061,40065,40062,4
565,40203,40208,40203,5
566,40273,40277,40276,4
567,40342,40345,40343,3
568,40426,40433,40429,7
569,40502,40507,40504,5
570,40733,40737,40734,4
571,40850,40855,40852,5
572,40891,40894,40892,3
573,40970,40975,40971,5
574,41027,41029,41028,2
575,41037,41041,41038,4
576,41137,41141,41140,4
577,41233,41239,41234,6
578,41410,41412,41411,2
579,41520,41522,41521,2
580,41702,41704,41703,2
581,41770,41772,41770,2
582,41804,41805,41804,1
583,41958,41962,41959,4
584,41999,42002,42001,3
585,42041,42044,42042,3
586,42137,42141,42139,4
587,42193,42196,42194,3
588,42277,42281,42279,4
589,42321,42323,42322,2
590,42369,42372,42370,3
591,42377,42381,42379,4
592,42490,42493,42491,3
593,42511,42517,42514,6
594,42595,42599,42596,4
595,42738,42745,42738,7
596,42799,42801,42800,2
597,42859,42863,42861,4
598,42921,42925,42922,4
599,42981,42983,42982,2
600,43083,43087,43085,4
601,43135,43141,43137,6
602,43177,43182,43180,5
603,43188,43192,43190,4
604,43292,43295,43293,3
605,43358,43362,43360,4
606,43484,43488,43485,4
607,43613,43616,43614,3
608,43664,43671,43667,7
609,43723,43726,43724,3
610,43787,43790,43789,3
611,43845,43849,43847,4
612,43927,43930,43929,3
613,44011,44016,44013,5
614,44110,44114,44113,4
615,44202,44204,44203,2
616,44246,44249,44248,3
617,44260,44263,44262,3
618,44342,44345,44343,3
619,44451,44453,44452,2
620,44464,44468,44467,4
621,44581,44586,44583,5
622,44744,44748,44745,4
623,44757,44760,44758,3
624,44772,44775,44773,3
625,44824,44829,44827,5
626,44986,44990,44988,4
627,45016,45018,45016,2
628,45073,45079,45076,6
629,45204,45206,45205,2
630,45278,45282,45280,4
631,45287,45290,45289,3
632,45318,45321,45319,3
633,45408,45412,45409,4
634,45496,45499,45497,3
635,45556,45558,45557,2
636,45622,45626,45623,4
637,45643,45647,45645,4
638,45678,45682,45681,4
639,45855,45859,45856,4
640,45873,45878,45875,5
641,45912,45914,45913,2
642,45987,45990,45989,3
643,46065,46068,46066,3
644,46134,46136,46135,2
645,46168,46172,46170,4
646,46258,46261,46259,3
647,46319,46325,46322,6
648,46393,46396,46394,3
649,46436,46438,46437,2
650,46480,46484,46481,4
651,46531,46535,46533,4
652,46598,46601,46599,3
653,46622,46626,46624,4
654,46635,46639,46636,4
655,46692,46697,46695,5
656,46743,46746,46744,3
657,46783,46786,46785,3
658,46819,46824,46821,5
659,46842,46846,46844,4
660,46928,46935,46929,7
661,46976,46977,46976,1
662,47131,47135,47132,4
663,47191,47195,47192,4
664,47249,47251,47250,2
665,47331,47334,47332,3
666,47379,47384,47382,5
667,47388,47393,47391,5
668,47460,47463,47461,3
669,47470,47474,47472,4
670,47543,47547,47545,4
671,47664,47668,47666,4
672,47853,47857,47854,4
673,47967,47971,47970,4
674,47976,47980,47979,4
675,48171,48176,48173,5
676,48254,48258,48256,4
677,48306,48312,48308,6
678,48343,48348,48345,5
679,48390,48391,48390,1
680,48504,48508,48506,4
681,48530,48534,48532,4
682,48577,48581,48579,4
683,48610,48615,48613,5
684,48721,48724,48722,3
685,48730,48734,48732,4
686,48765,48769,48767,4
687,48778,48783,48780,5
688,48814,48819,48817,5
689,48829,48834,48830,5
690,48868,48872,48870,4
691,48945,48950,48947,5
692,49064,49068,49067,4
693,49109,49112,49110,3
694,49224,49227,49224,3
695,49252,49253,49252,1
696,49264,49269,49266,5
697,49300,49305,49302,5
698,49344,49351,49345,7
699,49384,49389,49387,5
700,49397,49400,49398,3
701,49433,49438,49436,5
702,49447,49452,49448,5
703,49517,49522,49519,5
704,49614,49618,49615,4
705,49676,49681,49677,5
706,49718,49725,49719,7
707,49755,49761,49758,6
708,49804,49808,49805,4
709,50034,50039,50035,5
710,50149,50154,50150,5
711,50313,50317,50315,4
712,50354,50360,50357,6
713,50441,50447,50443,6
714,51024,51026,51025,2
715,51045,51048,51046,3
716,51096,51099,51097,3
717,51114,51118,51115,4
718,51148,51152,51149,4
719,51168,51175,51171,7
720,51260,51263,51261,3
721,51275,51279,51277,4
722,51297,51310,51301,13
723,51324,51355,51325,31
724,51391,51395,51393,4
725,51437,51441,51439,4
726,51490,51492,51491,2
727,51537,51556,51538,19
728,51571,51586,51574,15
729,51657,51661,51658,4
730,51766,51769,51767,3
731,51786,51790,51787,4
732,51833,51837,51834,4
733,51897,51900,51898,3
734,51904,51910,51907,6
735,51952,51956,51954,4
736,51984,51988,51985,4
737,52060,52064,52062,4
738,52133,52138,52136,5
739,52224,52227,52226,3
740,52240,52245,52243,5
741,52282,52287,52285,5
742,52417,52425,52419,8
743,52437,52442,52439,5
744,52479,52487,52481,8
745,52530,52533,52531,3
746,52551,52556,52552,5
747,52633,52636,52635,3
748,52768,52773,52769,5
749,52805,52810,52807,5
750,52842,52847,52844,5
751,52871,52876,52873,5
752,52944,52948,52945,4
753,52957,52963,52959,6
754,53026,53029,53027,3
755,53089,53093,53090,4
756,53152,53156,53153,4
757,53238,53243,53239,5
758,53309,53314,53312,5
759,53398,53402,53399,4
760,53487,53492,53488,5
761,53572,53576,53574,4
762,53653,53658,53656,5
763,53734,53737,53735,3
764,53834,53837,53836,3
765,53891,53894,53893,3
766,53951,53954,53953,3
767,54001,54005,54002,4
768,54062,54069,54063,7
769,54144,54149,54145,5
770,54286,54290,54289,4
771,54302,54318,54304,16
772,54366,54369,54367,3
773,54459,54462,54460,3
774,54546,54552,54550,6
775,54605,54610,54608,5
776,54660,54665,54661,5
777,54724,54729,54725,5
778,54854,54857,54855,3
779,54910,54914,54912,4
780,54928,54932,54929,4
781,54994,54997,54996,3
782,55073,55076,55075,3
783,55129,55133,55131,4
784,55139,55142,55140,3
785,55296,55300,55297,4
786,55307,55312,55309,5
787,55411,55416,55413,5
788,55717,55721,55718,4
789,55727,55732,55730,5
790,55781,55785,55782,4
791,55790,55794,55792,4
792,55861,55863,55862,2
793,55921,55925,55922,4
794,55933,55935,55934,2
795,56021,56024,56022,3
796,56142,56145,56144,3
797,56216,56221,56218,5
798,56304,56308,56306,4
799,56353,56356,56355,3
800,56389,56394,56390,5
801,56504,56507,56506,3
802,56574,56576,56575,2
803,56603,56606,56604,3
804,56613,56617,56616,4
805,56651,56655,56652,4
806,56663,56667,56666,4
807,56927,56930,56928,3
808,56963,56966,56965,3
809,57042,57045,57043,3
810,57150,57154,57152,4
811,57243,57247,57244,4
812,57284,57286,57285,2
813,57367,57369,57368,2
814,57496,57498,57497,2
815,57543,57547,57544,4
816,57624,57627,57625,3
817,57658,57662,57660,4
818,57751,57753,57752,2
819,57854,57858,57855,4
820,57900,57903,57901,3
821,57965,57968,57966,3
822,57981,57984,57983,3
823,58078,58081,58079,3
824,58170,58174,58171,4
825,58261,58265,58262,4
826,58336,58339,58338,3
827,58367,58369,58368,2
828,58547,58551,58549,4
829,58559,58561,58560,2
830,58745,58747,58746,2
831,58842,58846,58844,4
832,59049,59052,59050,3
833,59088,59091,59089,3
834,59147,59149,59148,2
835,59181,59185,59183,4
836,59283,59285,59284,2
837,59414,59417,59415,3
838,59425,59428,59426,3
839,59658,59662,59659,4
840,59745,59748,59746,3
841,59780,59786,59784,6
842,59904,59906,59905,2
843,59962,59967,59964,5
844,60158,60162,60161,4
845,60258,60263,60259,5
846,60319,60323,60322,4
847,60449,60452,60450,3
848,60490,60494,60492,4
849,60545,60549,60546,4
850,60643,60647,60644,4
851,60653,60658,60657,5
852,60808,60811,60809,3
853,60977,60980,60978,3
854,61082,61085,61083,3
855,61092,61095,61093,3
856,61348,61352,61349,4
857,61389,61390,61389,1
858,61428,61430,61428,2
859,61538,61542,61540,4
860,61647,61651,61648,4
861,61727,61731,61729,4
862,61742,61745,61743,3
863,61911,61914,61912,3
864,62230,62232,62231,2
865,62294,62298,62295,4
866,62457,62463,62459,6
867,62605,62609,62606,4
868,62668,62672,62669,4
869,62813,62816,62814,3
870,62904,62908,62906,4
871,62919,62923,62921,4
872,63037,63040,63038,3
873,63126,63129,63128,3
874,63142,63144,63142,2
875,63203,63207,63205,4
876,63282,63286,63283,4
877,63346,63348,63347,2
878,63359,63360,63359,1
879,63371,63374,63373,3
880,63424,63427,63425,3
881,63588,63590,63588,2
882,63636,63641,63639,5
883,63675,63680,63679,5
884,63764,63767,63765,3
885,64117,64122,64120,5
886,64219,64222,64220,3
887,64288,64293,64289,5
888,64299,64303,64301,4
889,64361,64364,64362,3
890,64415,64419,64416,4
891,64484,64487,64485,3
892,64511,64516,64514,5
893,64563,64567,64565,4
894,64670,64674,64671,4
895,64756,64758,64757,2
896,64881,64885,64882,4
897,65063,65066,65064,3
898,65162,65165,65163,3
899,65225,65230,65225,5
900,65234,65237,65236,3
901,65350,65357,65354,7
902,65376,65383,65378,7
903,65440,65444,65441,4
904,65481,65484,65482,3
905,65524,65534,65528,10
906,65561,65566,65562,5
907,65606,65609,65607,3
908,65618,65622,65620,4
909,65722,65734,65725,12
910,65787,65792,65788,5
911,65839,65844,65841,5
912,65937,65946,65938,9
913,65947,65949,65947,2
914,65967,65972,65968,5
915,66038,66045,66039,7
916,66106,66111,66107,5
917,66141,66145,66142,4
918,66232,66235,66233,3
919,66329,66332,66330,3
920,66353,66357,66355,4
921,66415,66419,66416,4
922,66451,66454,66452,3
923,66522,66526,66523,4
924,66555,66559,66557,4
925,66613,66617,66614,4
926,66634,66638,66635,4
927,66696,66701,66698,5
928,66756,66761,66757,5
929,66844,66849,66845,5
930,66881,66889,66885,8
931,66952,66959,66954,7
932,67001,67007,67002,6
933,67058,67066,67060,8
934,67078,67087,67080,9
935,67094,67098,67095,4
936,67178,67181,67180,3
937,67231,67235,67232,4
938,67301,67305,67304,4
939,67379,67384,67382,5
940,67460,67465,67463,5
941,67606,67609,67607,3
942,67648,67652,67649,4
943,67694,67697,67696,3
944,67721,67725,67724,4
945,67772,67776,67774,4
946,67857,67862,67860,5
947,67945,67949,67947,4
948,67996,68002,67998,6
949,68056,68060,68058,4
950,68105,68116,68106,11
951,68280,68283,68281,3
952,68337,68341,68340,4
953,68426,68430,68428,4
954,68528,68533,68530,5
955,68627,68634,68631,7
956,68722,68728,68725,6
957,68795,68801,68797,6
958,68981,68984,68982,3
959,69174,69198,69177,24
960,69217,69222,69219,5
961,69292,69294,69293,2
962,69302,69305,69302,3
963,69395,69398,69396,3
964,69406,69409,69407,3
965,69474,69488,69477,14
966,69524,69529,69525,5
967,69559,69562,69561,3
968,69607,69610,69608,3
969,69635,69638,69636,3
970,69725,69729,69726,4
971,69753,69759,69757,6
972,69779,69782,69781,3
973,69881,69885,69883,4
974,70096,70098,70097,2
975,70118,70121,70120,3
976,70253,70255,70254,2
977,70324,70327,70325,3
978,70408,70411,70409,3
979,70427,70431,70428,4
980,70473,70477,70476,4
981,70584,70588,70586,4
982,70673,70679,70674,6
983,70789,70792,70790,3
984,70830,70833,70831,3
985,70841,70845,70842,4
986,70858,70863,70859,5
987,70869,70874,70871,5
988,70972,70974,70973,2
989,71003,71006,71004,3
990,71051,71055,71052,4
991,71063,71069,71066,6
992,71099,71104,71101,5
993,71188,71191,71189,3
994,71310,71312,71311,2
995,71410,71412,71411,2
996,71456,71458,71456,2
997,71601,71603,71602,2
998,71690,71692,71691,2
999,71714,71723,71715,9
1000,71772,71773,71772,1
1001,71869,71871,71870,2
1002,71943,71946,71945,3
1003,71963,71967,71964,4
1004,72013,72020,72016,7
1005,72086,72089,72087,3
1006,72096,72100,72098,4
1007,72155,72161,72157,6
1008,72239,72245,72241,6
1009,72271,72277,72273,6
1010,72322,72328,72324,6
1011,72396,72398,72397,2
1012,72490,72499,72493,9
1013,72528,72535,72530,7
1014,72552,72557,72555,5
1015,72613,72628,72616,15
1016,72671,72675,72673,4
1017,72715,72719,72717,4
1018,72735,72739,72737,4
1019,72798,72803,72801,5
1020,72917,72920,72918,3
1021,72949,72953,72950,4
1022,72958,72962,72960,4
1023,72998,73000,72999,2
1024,73106,73112,73108,6
1025,73163,73167,73164,4
1026,73223,73231,73224,8
1027,73363,73369,73365,6
1028,73413,73421,73416,8
1029,73568,73575,73571,7
1030,73631,73634,73632,3
1031,73701,73705,73703,4
1032,73996,73999,73997,3
1033,74092,74099,74093,7
1034,74177,74182,74178,5
1035,74379,74383,74380,4
1036,74542,74545,74543,3
1037,74549,74554,74552,5
1038,74741,74746,74744,5
1039,74825,74830,74827,5
1040,74926,74938,74929,12
1041,74967,74982,74968,15
1042,75054,75057,75055,3
1043,75085,75089,75087,4
1044,75144,75146,75145,2
1045,75192,75196,75194,4
1046,75201,75205,75203,4
1047,75312,75317,75314,5
1048,75359,75361,75360,2
1049,75367,75370,75369,3
1050,75398,75402,75401,4
1051,75490,75494,75493,4
1052,75509,75511,75510,2
1053,75563,75567,75564,4
1054,75608,75610,75608,2
1055,75646,75650,75649,4
1056,75667,75670,75668,3
1057,75706,75711,75706,5
1058,75779,75781,75780,2
1059,75818,75821,75819,3
1060,75871,75876,75872,5
1061,75902,75906,75903,4
1062,76057,76058,76057,1
1063,76069,76072,76070,3
1064,76097,76107,76098,10
1065,76140,76146,76143,6
1066,76212,76215,76214,3
1067,76284,76289,76287,5
1068,76311,76318,76313,7
1069,76325,76330,76327,5
1070,76363,76367,76364,4
1071,76439,76444,76442,5
1072,76523,76527,76525,4
1073,76687,76691,76688,4
1074,76700,76704,76701,4
1075,76762,76767,76765,5
1076,76894,76897,76895,3
1077,76956,76960,76958,4
1078,77020,77025,77023,5
1079,77144,77149,77146,5
1080,77181,77183,77182,2
1081,77231,77236,77233,5
1082,77280,77282,77281,2
1083,77294,77303,77296,9
1084,77500,77502,77501,2
1085,77517,77522,77519,5
1086,77534,77539,77536,5
1087,77545,77550,77547,5
1088,77570,77572,77571,2
1089,77610,77615,77612,5
1090,77638,77642,77640,4
1091,77700,77704,77702,4
1092,77748,77753,77752,5
1093,77808,77813,77809,5
1094,77818,77822,77819,4
1095,77834,77838,77836,4
1096,78011,78016,78013,5
1097,78104,78107,78105,3
1098,78157,78159,78157,2
1099,78187,78190,78188,3
1100,78214,78218,78216,4
1101,78251,78255,78252,4
1102,78315,78316,78315,1
1103,78362,78365,78363,3
1104,78387,78391,78389,4
1105,78534,78538,78536,4
1106,78557,78561,78558,4
1107,78568,78572,78570,4
1108,78678,78682,78681,4
1109,78695,78697,78695,2
1110,78776,78779,78777,3
1111,78815,78818,78816,3
1112,78879,78881,78879,2
1113,78955,78959,78956,4
1114,78969,78974,78971,5
1115,79022,79024,79023,2
1116,79075,79077,79076,2
1117,79155,79159,79156,4
1118,79253,79255,79254,2
1119,79282,79286,79285,4
1120,79514,79518,79516,4
1121,79841,79844,79842,3
1122,79876,79880,79878,4
1123,80149,80151,80149,2
1124,80311,80313,80311,2
1125,80377,80379,80378,2
1126,80435,80437,80436,2
1127,80479,80484,80482,5
1128,80490,80492,80491,2
1129,80530,80531,80530,1
1130,80576,80578,80577,2
1131,80886,80889,80887,3
1132,80935,80937,80935,2
1133,81057,81060,81058,3
1134,81145,81148,81146,3
1135,81258,81263,81259,5
1136,81273,81278,81274,5
1137,81356,81361,81357,5
1138,81367,81371,81369,4
1139,81399,81401,81399,2
1140,81450,81453,81452,3
1141,81578,81582,81580,4
1142,81645,81648,81646,3
1143,81763,81766,81764,3
1144,81902,81904,81903,2
1145,81922,81927,81923,5
1146,82031,82034,82032,3
1147,82118,82123,82120,5
1148,82156,82160,82157,4
1149,82202,82206,82204,4
1150,82237,82240,82238,3
1151,82249,82253,82251,4
1152,82299,82304,82301,5
1153,82479,82481,82480,2
1154,82558,82561,82559,3
1155,82617,82621,82618,4
1156,82656,82660,82658,4
1157,82725,82730,82726,5
1158,82814,82818,82815,4
1159,82929,82931,82930,2
1160,82979,82982,82980,3
1161,83042,83044,83043,2
1162,83149,83154,83151,5
1163,83164,83168,83166,4
1164,83269,83274,83272,5
1165,83386,83388,83387,2
1166,83514,83516,83515,2
1167,83590,83594,83593,4
1168,83699,83702,83700,3
1169,83872,83875,83873,3
1170,83990,83996,83992,6
1171,84160,84165,84161,5
1172,84214,84226,84215,12
1173,84300,84303,84301,3
1174,84359,84363,84361,4
1175,84496,84502,84498,6
1176,84533,84538,84534,5
1177,84617,84619,84618,2
1178,84640,84644,84641,4
1179,84693,84695,84694,2
1180,84779,84783,84780,4
1181,84788,84792,84791,4
1182,84856,84859,84857,3
1183,84996,84998,84997,2
1184,85083,85086,85084,3
1185,85131,85135,85133,4
1186,85280,85282,85281,2
1187,85445,85447,85446,2
1188,85520,85522,85520,2
1189,85664,85675,85668,11
1190,85788,85795,85790,7
1191,85859,85864,85860,5
1192,85926,85928,85927,2
1193,85957,85959,85957,2
1194,86064,86068,86065,4
1195,86205,86207,86206,2
1196,86232,86233,86232,1
1197,86340,86346,86343,6
1198,86383,86390,86385,7
1199,86550,86554,86551,4
1200,86625,86629,86627,4
1201,86665,86670,86667,5
1202,86707,86712,86709,5
1203,86768,86773,86770,5
1204,86825,86830,86827,5
1205,86983,86993,86987,10
1206,87004,87007,87005,3
1207,87036,87047,87039,11
1208,87093,87097,87095,4
1209,87130,87132,87130,2
1210,87165,87167,87166,2
1211,87356,87359,87357,3
1212,87486,87489,87487,3
1213,87496,87499,87497,3
1214,87536,87540,87538,4
1215,87569,87571,87570,2
1216,87654,87656,87654,2
1217,87730,87733,87730,3
1218,87754,87758,87755,4
1219,87817,87820,87818,3
1220,87889,87891,87890,2
1221,87967,87970,87969,3
1222,88046,88049,88047,3
1223,88153,88155,88154,2
1224,88245,88248,88246,3
1225,88333,88336,88334,3
1226,88382,88385,88383,3
1227,88408,88410,88409,2
1228,88517,88519,88518,2
1229,88570,88572,88571,2
1230,88639,88642,88640,3
1231,88805,88807,88806,2
1232,88872,88874,88873,2
1233,88896,88899,88897,3
1234,88956,88958,88957,2
1235,88982,88984,88983,2
1236,89011,89014,89012,3
1237,89081,89084,89081,3
1238,89146,89148,89146,2
1239,89194,89196,89194,2
1240,89202,89205,89203,3
1241,89284,89286,89285,2
1242,89338,89342,89339,4
1243,89389,89392,89390,3
1244,89447,89450,89449,3
1245,89699,89701,89700,2
1246,89756,89759,89758,3
1247,89833,89836,89833,3
1248,89884,89886,89885,2
1249,89951,89953,89951,2
1250,90111,90112,90111,1
1251,90334,90337,90335,3
1252,90393,90394,90393,1
1253,90711,90713,90711,2
1254,90813,90816,90813,3
1255,90857,90861,90858,4
1256,90885,90888,90885,3
1257,90985,90989,90986,4
1258,91044,91047,91045,3
1259,91151,91154,91152,3
1260,91160,91165,91163,5
1261,91198,91200,91199,2
1262,91303,91306,91305,3
1263,91371,91374,91372,3
1264,91393,91396,91394,3
1265,91487,91491,91488,4
1266,91616,91620,91618,4
1267,91731,91735,91734,4
1268,91834,91836,91835,2
1269,91940,91942,91941,2
1270,91970,91972,91971,2
1271,92014,92020,92016,6
1272,92097,92102,92100,5
1273,92122,92126,92124,4
1274,92455,92458,92457,3
1275,92474,92477,92475,3
1276,92549,92551,92549,2
1277,92740,92751,92742,11
1278,92812,92817,92814,5
1279,92872,92875,92873,3
1280,92930,92933,92931,3
1281,93015,93020,93016,5
1282,93097,93101,93099,4
1283,93224,93226,93225,2
1284,93294,93298,93295,4
1285,93354,93359,93357,5
1286,93393,93396,93395,3
1287,93403,93409,93404,6
1288,93518,93522,93519,4
1289,93559,93564,93561,5
1290,93587,93590,93589,3
1291,93670,93675,93673,5
1292,93730,93737,93732,7
1293,93808,93812,93809,4
1294,93873,93876,93875,3
1295,93975,93981,93977,6
1296,94051,94053,94052,2
1297,94142,94147,94144,5
1298,94309,94313,94310,4
1299,94319,94322,94321,3
1300,94436,94439,94437,3
1301,94565,94568,94566,3
1302,94599,94604,94601,5
1303,94652,94656,94654,4
1304,94707,94712,94709,5
1305,94797,94800,94798,3
1306,94850,94854,94852,4
1307,94874,94878,94877,4
1308,94957,94962,94958,5
1309,95062,95066,95064,4
1310,95133,95137,95134,4
1311,95159,95163,95160,4
1312,95545,95548,95546,3
1313,95708,95711,95709,3
1314,96039,96045,96039,6
1315,96119,96123,96121,4
1316,96221,96226,96222,5
1317,96300,96303,96301,3
1318,96343,96346,96344,3
1319,96474,96478,96476,4
1320,96558,96564,96560,6
1321,96611,96616,96612,5
1322,96717,96720,96718,3
1323,96769,96771,96770,2
1324,96795,96800,96797,5
1325,96829,96835,96833,6
1326,97021,97023,97021,2
1327,97064,97069,97067,5
1328,97096,97101,97098,5
1329,97137,97140,97139,3
1330,97198,97201,97199,3
1331,97244,97246,97244,2
1332,97371,97376,97373,5
1333,97448,97450,97449,2
1334,97488,97491,97489,3
1335,97568,97573,97570,5
1336,97582,97585,97583,3
1337,97616,97621,97618,5
1338,97624,97628,97627,4
1339,97725,97731,97727,6
1340,97822,97825,97824,3
1341,97908,97917,97910,9
1342,97995,97999,97996,4
1343,98080,98085,98081,5
1344,98127,98133,98129,6
1345,98158,98159,98158,1
1346,98172,98175,98172,3
1347,98228,98234,98230,6
1348,98326,98332,98327,6
1349,98335,98340,98336,5
1350,98404,98407,98404,3
1351,98435,98438,98436,3
1352,98643,98647,98644,4
1353,98731,98734,98732,3
1354,98776,98779,98778,3
1355,98860,98864,98862,4
1356,98957,98960,98958,3
1357,98970,98973,98970,3
1358,99206,99210,99207,4
1359,99453,99458,99454,5
1360,99677,99679,99678,2
1361,100092,100097,100093,5
1362,100126,100134,100127,8
1363,100388,100392,100390,4
1364,100547,100549,100548,2
1365,100751,100752,100751,1
1366,100815,100820,100817,5
1367,100855,100859,100857,4
1368,100878,100884,100879,6
1369,101027,101029,101027,2
1370,101186,101190,101188,4
1371,101265,101269,101266,4
1372,101463,101465,101464,2
1373,101567,101572,101568,5
1374,101640,101645,101643,5
1375,101678,101683,101681,5
1376,101796,101800,101798,4
1377,101946,101949,101947,3
1378,102061,102065,102062,4
1379,102070,102074,102071,4
1380,102200,102205,102203,5
1381,102222,102229,102224,7
1382,102345,102349,102346,4
1383,102421,102423,102422,2
1384,102450,102453,102451,3
1385,102579,102581,102580,2
1386,102660,102665,102663,5
1387,102705,102710,102708,5
1388,102738,102743,102739,5
1389,102930,102934,102932,4
1390,102945,102950,102946,5
1391,102984,102991,102985,7
1392,103319,103324,103321,5
1393,103375,103376,103375,1
1394,103390,103394,103392,4
1395,103491,103495,103491,4
1396,103667,103670,103669,3
1397,103800,103804,103801,4
1398,103877,103880,103878,3
1399,104230,104232,104230,2
1400,104365,104368,104366,3
1401,104473,104476,104474,3
1402,104510,104514,104513,4
1403,104632,104635,104634,3
1404,104676,104679,104678,3
1405,104827,104830,104828,3
1406,104873,104877,104874,4
1407,104998,105002,104999,4
1408,105092,105096,105094,4
1409,105302,105306,105303,4
1410,105310,105314,105312,4
1411,105406,105409,105407,3
1412,105515,105518,105515,3
1413,105564,105566,105565,2
1414,105637,105640,105638,3
1415,105756,105760,105757,4
1416,105873,105877,105875,4
1417,105885,105888,105887,3
1418,106042,106046,106043,4
1419,106155,106157,106156,2
1420,106224,106227,106225,3
1421,106284,106289,106287,5
1422,106296,106303,106297,7
1423,106403,106406,106405,3
1424,106472,106475,106473,3
1425,106530,106533,106532,3
1426,106582,106586,106584,4
1427,106593,106597,106595,4
1428,106667,106670,106668,3
1429,106705,106709,106706,4
1430,106766,106769,106767,3
1431,106879,106885,106881,6
1432,106931,106937,106933,6
1433,107101,107111,107105,10
1434,107145,107155,107146,10
1435,107213,107217,107214,4
1436,107239,107242,107240,3
1437,107308,107311,107309,3
1438,107321,107326,107323,5
1439,107429,107431,107430,2
1440,107482,107485,107483,3
1441,107530,107534,107531,4
1442,107594,107598,107595,4
1443,107658,107662,107660,4
1444,107670,107676,107672,6
1445,107680,107687,107681,7
1446,107749,107753,107750,4
1447,107799,107805,107802,6
1448,107891,107895,107894,4
1449,107999,108003,108001,4
1450,108118,108121,108120,3
1451,108193,108198,108196,5
1452,108248,108252,108249,4
1453,108313,108317,108315,4
1454,108376,108381,108377,5
1455,108473,108477,108473,4
1456,108610,108614,108611,4
1457,108953,108955,108954,2
1458,109050,109054,109052,4
1459,109094,109099,109096,5
1460,109447,109450,109448,3
1461,109537,109540,109538,3
1462,109587,109593,109588,6
1463,109664,109667,109666,3
1464,109683,109686,109684,3
1465,109759,109762,109760,3
1466,109835,109838,109836,3
1467,110002,110004,110002,2
1468,110122,110124,110123,2
1469,110220,110225,110222,5
1470,110230,110235,110233,5
1471,110275,110281,110276,6
1472,110296,110300,110297,4
1473,110407,110411,110409,4
1474,110432,110434,110433,2
1475,110447,110450,110448,3
1476,110521,110524,110523,3
1477,110639,110643,110640,4
1478,110691,110694,110692,3
1479,110703,110707,110706,4
1480,110758,110762,110760,4
1481,110865,110867,110865,2
1482,110937,110942,110938,5
1483,110979,110982,110980,3
1484,111348,111353,111349,5
1485,111388,111393,111389,5
1486,111472,111478,111476,6
1487,111497,111504,111500,7
1488,111582,111586,111584,4
1489,111609,111613,111612,4
1490,111662,111668,111665,6
1491,111775,111781,111778,6
1492,111961,111966,111963,5
1493,112043,112046,112045,3
1494,112098,112102,112099,4
1495,112110,112113,112111,3
1496,112275,112278,112276,3
1497,112372,112377,112374,5
1498,112445,112450,112447,5
1499,112532,112535,112533,3
1500,112671,112675,112672,4
1501,112687,112690,112688,3
1502,112779,112791,112780,12
1503,112799,112805,112801,6
1504,112813,112818,112814,5
1505,113041,113045,113043,4
1506,113138,113142,113139,4
1507,113216,113220,113217,4
1508,113290,113292,113291,2
1509,113427,113430,113428,3
1510,113487,113489,113487,2
1511,113495,113498,113496,3
1512,113541,113544,113542,3
1513,113567,113571,113569,4
1514,114046,114049,114047,3
1515,114099,114102,114100,3
1516,114127,114131,114128,4
1517,114189,114193,114192,4
1518,114283,114288,114286,5
1519,114388,114391,114389,3
1520,114410,114414,114411,4
1521,114461,114463,114461,2
1522,114553,114557,114554,4
1523,114587,114591,114589,4
1524,114639,114642,114640,3
1525,114656,114660,114658,4
1526,114708,114711,114710,3
1527,114823,114825,114824,2
1528,114965,114968,114966,3
1529,115030,115034,115032,4
1530,115042,115045,115043,3
1531,115076,115079,115077,3
1532,115140,115142,115141,2
1533,115184,115188,115185,4
1534,115192,115197,115194,5
1535,115309,115311,115310,2
1536,115410,115413,115411,3
1537,115421,115424,115423,3
1538,115584,115588,115586,4
1539,115659,115662,115660,3
1540,115705,115708,115706,3
1541,115731,115735,115731,4
1542,115740,115744,115741,4
1543,115835,115839,115837,4
1544,116115,116119,116116,4
1545,116128,116133,116131,5
1546,116180,116183,116181,3
1547,116466,116469,116467,3
1548,116604,116609,116605,5
1549,116700,116703,116701,3
1550,116780,116781,116780,1
1551,116857,116860,116858,3
1552,116899,116904,116900,5
1553,116928,116932,116929,4
1554,116965,116969,116966,4
1555,117012,117016,117014,4
1556,117260,117263,117261,3
1557,117723,117727,117725,4
1558,117832,117836,117835,4
1559,118140,118142,118141,2
1560,118240,118247,118241,7
1561,118319,118323,118320,4
1562,118362,118365,118364,3
1563,118461,118465,118463,4
1564,118673,118676,118674,3
1565,118835,118838,118837,3
1566,118948,118950,118949,2
1567,118971,118974,118972,3
1568,118987,118991,118988,4
1569,119032,119036,119033,4
1570,119095,119099,119097,4
1571,119135,119141,119138,6
1572,119154,119156,119155,2
1573,119227,119232,119229,5
1574,119390,119392,119391,2
1575,119405,119409,119406,4
1576,119500,119503,119501,3
1577,119592,119595,119593,3
1578,119675,119678,119676,3
1579,119827,119830,119827,3
1580,119889,119892,119890,3
1581,120083,120086,120085,3
1582,120233,120237,120234,4
1583,120276,120278,120277,2
1584,120359,120362,120360,3
1585,120514,120516,120514,2
1586,120550,120554,120551,4
1587,120656,120658,120657,2
1588,120690,120692,120690,2
1589,120865,120867,120866,2
1590,120946,120947,120946,1
1591,120988,120991,120989,3
1592,120998,121001,120999,3
1593,121071,121075,121073,4
1594,121142,121147,121143,5
1595,121165,121169,121166,4
1596,121236,121240,121238,4
1597,121294,121298,121295,4
1598,121356,121360,121358,4
1599,121434,121438,121435,4
1600,121609,121610,121609,1
1601,121738,121742,121739,4
1602,121770,121773,121772,3
1603,121849,121853,121851,4
1604,121897,121900,121897,3
1605,122027,122031,122028,4
1606,122072,122076,122073,4
1607,122242,122246,122245,4
1608,122343,122347,122345,4
1609,122417,122419,122418,2
1610,122445,122447,122446,2
1611,122555,122558,122556,3
1612,122752,122754,122753,2
1613,122919,122922,122920,3
1614,123148,123150,123148,2
1615,123340,123343,123342,3
1616,123387,123389,123388,2
1617,123409,123413,123411,4
1618,123475,123479,123476,4
1619,123508,123513,123510,5
1620,123570,123574,123571,4
1621,123609,123612,123611,3
1622,123772,123775,123773,3
1623,123870,123872,123870,2
1624,123882,123885,123884,3
1625,123953,123956,123955,3
1626,124076,124079,124077,3
1627,124213,124216,124214,3
1628,124317,124320,124318,3
1629,124326,124328,124327,2
1630,124557,124559,124558,2
1631,124661,124664,124663,3
1632,124707,124710,124708,3
1633,124720,124724,124723,4
1634,124808,124811,124809,3
1635,124839,124842,124841,3
1636,124858,124863,124858,5
1637,124902,124905,124903,3
1638,124962,124966,124963,4
1639,125021,125023,125022,2
1640,125112,125113,125112,1
1641,125189,125192,125190,3
1642,125272,125275,125273,3
1643,125314,125317,125315,3
1644,125350,125354,125352,4
1645,125420,125425,125422,5
1646,125531,125532,125531,1
1647,125637,125641,125637,4
1648,125668,125670,125668,2
1649,125823,125824,125823,1
1650,126047,126051,126049,4
1651,126133,126136,126134,3
1652,126178,126182,126180,4
1653,126300,126304,126303,4
1654,126316,126320,126318,4
1655,126351,126356,126352,5
1656,126398,126402,126399,4
1657,126476,126481,126479,5
1658,126523,126526,126524,3
1659,126636,126638,126637,2
1660,126689,126691,126690,2
1661,126700,126704,126703,4
1662,126788,126790,126789,2
1663,126843,126846,126844,3
1664,126872,126876,126874,4
1665,126882,126893,126885,11
1666,126957,126972,126959,15
1667,127015,127018,127016,3
1668,127049,127053,127051,4
1669,127082,127085,127084,3
1670,127132,127134,127132,2
1671,127336,127339,127338,3
1672,127448,127449,127448,1
1673,127525,127528,127526,3
1674,127535,127537,127536,2
1675,127620,127623,127621,3
1676,127688,127690,127689,2
1677,127698,127701,127699,3
1678,127741,127744,127742,3
1679,127801,127803,127802,2
1680,127873,127876,127874,3
1681,128279,128281,128280,2
1682,128550,128552,128550,2
1683,128818,128819,128818,1
1684,129104,129107,129105,3
1685,129174,129176,129175,2
1686,129260,129262,129261,2
1687,129444,129447,129446,3
1688,129490,129492,129490,2
1689,129500,129502,129501,2
1690,129555,129558,129555,3
1691,129607,129611,129608,4
1692,129666,129667,129666,1
1693,129820,129823,129821,3
1694,130232,130235,130234,3
1695,130243,130247,130245,4
1696,130321,130324,130322,3
1697,130351,130355,130352,4
1698,130416,130419,130417,3
1699,130427,130429,130428,2
1700,130490,130494,130491,4
1701,130498,130504,130501,6
1702,130560,130566,130563,6
1703,130606,130609,130607,3
1704,130637,130641,130637,4
1705,130648,130652,130649,4
1706,130706,130710,130707,4
1707,130802,130805,130803,3
1708,130851,130855,130852,4
1709,130881,130884,130882,3
1710,131219,131224,131221,5
1711,131273,131276,131274,3
1712,131348,131358,131349,10
1713,131401,131408,131403,7
1714,131465,131468,131467,3
1715,131543,131546,131544,3
1716,131574,131580,131578,6
1717,131599,131603,131600,4
1718,131660,131663,131661,3
1719,131711,131715,131712,4
1720,131723,131728,131726,5
1721,132007,132009,132008,2
1722,132085,132090,132087,5
1723,132206,132209,132207,3
1724,132544,132547,132544,3
1725,132805,132807,132806,2
1726,132869,132871,132870,2
1727,132977,132979,132978,2
1728,133091,133093,133091,2
1729,133115,133118,133116,3
1730,133176,133180,133179,4
1731,133218,133222,133219,4
1732,133227,133229,133228,2
1733,133279,133282,133280,3
1734,133316,133318,133316,2
1735,133359,133361,133360,2
1736,133415,133419,133416,4
1737,133464,133468,133467,4
1738,133501,133510,133501,9
1739,133576,133580,133578,4
1740,133628,133631,133629,3
1741,133685,133689,133687,4
1742,133749,133753,133750,4
1743,133945,133948,133946,3
1744,134024,134027,134024,3
1745,134157,134163,134160,6
1746,134370,134374,134372,4
1747,134394,134398,134396,4
1748,134444,134451,134448,7
1749,134489,134514,134490,25
1750,134614,134618,134615,4
1751,134681,134683,134682,2
1752,134808,134811,134809,3
1753,134852,134856,134855,4
1754,134864,134868,134866,4
1755,134930,134935,134933,5
1756,134979,134987,134981,8
1757,135282,135287,135285,5
1758,135341,135344,135342,3
1759,135502,135505,135504,3
1760,135687,135691,135688,4
1761,135723,135727,135725,4
1762,135831,135835,135832,4
1763,135861,135864,135862,3
1764,135910,135914,135912,4
1765,136041,136045,136043,4
1766,136169,136172,136170,3
1767,136335,136340,136337,5
1768,136482,136485,136484,3
1769,136529,136531,136530,2
1770,136555,136560,136558,5
1771,136712,136714,136713,2
1772,136786,136788,136787,2
1773,136861,136863,136862,2
1774,137006,137011,137008,5
1775,137062,137066,137063,4
1776,137071,137076,137072,5
1777,137221,137224,137222,3
1778,137303,137308,137305,5
1779,137332,137336,137334,4
1780,137398,137402,137400,4
1781,137543,137545,137544,2
1782,137579,137585,137580,6
1783,137702,137705,137702,3
1784,137768,137772,137769,4
1785,137840,137842,137841,2
1786,137886,137892,137888,6
1787,137933,137937,137934,4
1788,137993,137995,137994,2
1789,138158,138161,138158,3
1790,138201,138204,138202,3
1791,138239,138242,138241,3
1792,138312,138315,138312,3
1793,138341,138344,138343,3
1794,138477,138479,138478,2
1795,138581,138585,138583,4
1796,138651,138656,138652,5
1797,138775,138779,138778,4
1798,139028,139033,139029,5
1799,139076,139080,139078,4
1800,139134,139137,139135,3
1801,139233,139235,139233,2
1802,139289,139291,139290,2
1803,139392,139396,139394,4
1804,139438,139439,139438,1
1805,139532,139536,139534,4
1806,139903,139906,139904,3
1807,139953,139958,139954,5
1808,140114,140117,140115,3
1809,140173,140176,140174,3
1810,140229,140234,140231,5
1811,140339,140342,140340,3
1812,140378,140382,140380,4
1813,140490,140497,140491,7
1814,140514,140519,140516,5
1815,140578,140580,140579,2
1816,140611,140613,140612,2
1817,140620,140623,140621,3
1818,140704,140707,140706,3
1819,140735,140740,140737,5
1820,140827,140830,140829,3
1821,140923,140928,140925,5
1822,140940,140944,140942,4
1823,140985,140990,140987,5
1824,141035,141038,141037,3
1825,141116,141121,141119,5
1826,141155,141158,141156,3
1827,141190,141194,141192,4
1828,141240,141243,141242,3
1829,141481,141483,141482,2
1830,141817,141830,141819,13
1831,141859,141863,141860,4
1832,141886,141889,141887,3
1833,141967,141974,141971,7
1834,142058,142062,142059,4
1835,142114,142117,142115,3
1836,142128,142132,142131,4
1837,142192,142196,142194,4
1838,142229,142232,142230,3
1839,142697,142701,142698,4
1840,142976,142978,142977,2
1841,143130,143134,143132,4
1842,143234,143238,143236,4
1843,143321,143323,143322,2
1844,143379,143382,143380,3
1845,143442,143447,143443,5
1846,143472,143476,143473,4
1847,143500,143504,143501,4
1848,143510,143513,143511,3
1849,143534,143539,143536,5
1850,143568,143571,143569,3
1851,143578,143581,143579,3
1852,143618,143621,143619,3
1853,143628,143631,143629,3
1854,143660,143662,143661,2
1855,143692,143696,143693,4
1856,143732,143735,143733,3
1857,143849,143854,143852,5
1858,143880,143884,143882,4
1859,143919,143923,143921,4
1860,143935,143939,143936,4
1861,143950,143954,143952,4
1862,143982,143985,143983,3
1863,144102,144106,144103,4
1864,144130,144135,144131,5
1865,144221,144225,144223,4
1866,144325,144328,144326,3
1867,144407,144413,144410,6
1868,144528,144531,144529,3
1869,144541,144545,144542,4
1870,144734,144736,144734,2
1871,144822,144825,144823,3
1872,144889,144892,144890,3
1873,145015,145018,145016,3
1874,145110,145112,145111,2
1875,145170,145173,145171,3
1876,145226,145231,145227,5
1877,145406,145408,145406,2
1878,145458,145462,145459,4
1879,145565,145568,145566,3
1880,145636,145638,145637,2
1881,145752,145754,145753,2
1882,145794,145798,145796,4
1883,146034,146039,146036,5
1884,146094,146098,146096,4
1885,146141,146146,146143,5
1886,146203,146208,146206,5
1887,146285,146288,146286,3
1888,146299,146302,146300,3
1889,146371,146373,146372,2
1890,146381,146384,146382,3
1891,146416,146420,146418,4
1892,146497,146499,146498,2
1893,146516,146520,146517,4
1894,146602,146605,146604,3
1895,146626,146630,146628,4
1896,146659,146662,146660,3
1897,146752,146756,146754,4
1898,146803,146806,146805,3
1899,146901,146904,146902,3
1900,147059,147063,147061,4
1901,147396,147398,147397,2
1902,147459,147462,147460,3
1903,147492,147495,147493,3
1904,147596,147599,147596,3
1905,147606,147610,147608,4
1906,147648,147650,147649,2
1907,147697,147700,147698,3
1908,147718,147722,147720,4
1909,147803,147806,147804,3
1910,147814,147818,147816,4
1911,147861,147864,147862,3
1912,147920,147924,147921,4
1913,147973,147977,147974,4
1914,148012,148018,148013,6
1915,148062,148066,148063,4
1916,148111,148114,148112,3
1917,148210,148215,148212,5
1918,148471,148475,148472,4
1919,148641,148644,148642,3
1920,148752,148755,148753,3
1921,148947,148951,148949,4
1922,149034,149046,149035,12
1923,149153,149156,149155,3
1924,149221,149225,149223,4
1925,149288,149290,149289,2
1926,149318,149321,149319,3
1927,149405,149410,149406,5
1928,149454,149457,149455,3
1929,149503,149507,149506,4
1930,149537,149553,149541,16
1931,149641,149644,149642,3
1932,149695,149699,149696,4
1933,149762,149764,149763,2
1934,149841,149846,149843,5
1935,149996,149998,149997,2
1936,150158,150161,150160,3
1937,150279,150282,150280,3
1938,150558,150560,150558,2
1939,150612,150617,150615,5
1940,150759,150762,150760,3
1941,150775,150782,150776,7
1942,150793,150797,150795,4
1943,150841,150845,150842,4
1944,151035,151038,151036,3
1945,151044,151046,151045,2
1946,151119,151122,151120,3
1947,151131,151136,151134,5
1948,151220,151223,151221,3
1949,151241,151245,151243,4
1950,151384,151389,151386,5
1951,151514,151519,151518,5
1952,151640,151643,151642,3
1953,151866,151870,151867,4
1954,152116,152120,152117,4
1955,152340,152344,152341,4
1956,152435,152440,152437,5
1957,152465,152468,152467,3
1958,152484,152489,152485,5
1959,152549,152552,152550,3
1960,152608,152610,152608,2
1961,152756,152759,152758,3
1962,152951,152954,152953,3
1963,153010,153014,153011,4
1964,153045,153049,153046,4
1965,153160,153163,153161,3
1966,153351,153353,153352,2
1967,153479,153484,153481,5
1968,153607,153611,153610,4
1969,153720,153722,153720,2
1970,154153,154156,154153,3
1971,154185,154188,154186,3
1972,154271,154274,154272,3
1973,154301,154305,154303,4
1974,154349,154352,154350,3
1975,154798,154800,154799,2
1976,155067,155070,155067,3
1977,155172,155175,155172,3
1978,155262,155266,155264,4
1979,155351,155353,155352,2
1980,155655,155657,155655,2
1981,155879,155883,155880,4
1982,155902,155905,155903,3
1983,156091,156095,156092,4
1984,156442,156446,156444,4
1985,156563,156567,156565,4
1986,156648,156651,156649,3
1987,156694,156697,156696,3
1988,156820,156825,156821,5
1989,156908,156912,156909,4
1990,156975,156979,156976,4
1991,156985,156989,156987,4
1992,157045,157048,157046,3
1993,157089,157092,157090,3
1994,157226,157229,157226,3
1995,157313,157316,157314,3
1996,157489,157493,157491,4
1997,157555,157558,157556,3
1998,157647,157650,157649,3
1999,157688,157692,157690,4
2000,157752,157755,157753,3
2001,157836,157839,157837,3
2002,157865,157869,157866,4
2003,157911,157914,157912,3
2004,157951,157953,157952,2
2005,158009,158011,158010,2
2006,158025,158028,158026,3
2007,158103,158108,158105,5
2008,158163,158168,158165,5
2009,158175,158180,158177,5
2010,158190,158192,158191,2
2011,158237,158240,158239,3
2012,158293,158299,158296,6
2013,158315,158326,158318,11
2014,158412,158423,158413,11
2015,158490,158493,158491,3
2016,158532,158541,158533,9
2017,158625,158627,158626,2
2018,158653,158658,158657,5
2019,158697,158700,158698,3
2020,158795,158800,158798,5
2021,158932,158935,158934,3
2022,159077,159081,159078,4
2023,159165,159168,159166,3
2024,159242,159246,159244,4
2025,159395,159400,159399,5
2026,159478,159483,159480,5
2027,159648,159651,159649,3
2028,159711,159716,159712,5
2029,159755,159758,159756,3
2030,160001,160003,160002,2
2031,160113,160116,160114,3
2032,160162,160165,160162,3
2033,160229,160233,160231,4
2034,160292,160296,160294,4
2035,160349,160353,160350,4
2036,160408,160413,160412,5
2037,160448,160452,160450,4
2038,160546,160553,160550,7
2039,160602,160604,160603,2
2040,160637,160639,160637,2
2041,160701,160703,160701,2
2042,160758,160768,160758,10
2043,160846,160859,160850,13
2044,160898,160902,160899,4
2045,160926,160929,160927,3
2046,161115,161118,161116,3
2047,161147,161155,161148,8
2048,161181,161188,161183,7
2049,161213,161219,161214,6
2050,161227,161233,161231,6
2051,161258,161263,161260,5
2052,161318,161320,161319,2
2053,161376,161380,161377,4
2054,161457,161459,161458,2
2055,161564,161575,161568,11
2056,161667,161669,161668,2
2057,161733,161736,161734,3
2058,161843,161847,161844,4
2059,162049,162053,162051,4
2060,162198,162200,162199,2
2061,162241,162245,162242,4
2062,162317,162319,162318,2
2063,162398,162400,162398,2
2064,162457,162458,162457,1
2065,162521,162526,162524,5
2066,162533,162537,162534,4
2067,162602,162606,162604,4
2068,162724,162728,162726,4
2069,162799,162803,162801,4
2070,162809,162815,162811,6
2071,162942,162949,162944,7
2072,162986,162997,162988,11
2073,163059,163064,163060,5
2074,163104,163108,163105,4
2075,163148,163152,163149,4
2076,163195,163199,163196,4
2077,163217,163220,163218,3
2078,163267,163274,163270,7
2079,163308,163313,163309,5
2080,163336,163341,163339,5
2081,163366,163372,163368,6
2082,163463,163467,163466,4
2083,163501,163506,163503,5
2084,163522,163526,163523,4
2085,163573,163579,163574,6
2086,163637,163638,163637,1
2087,163761,163764,163761,3
2088,163789,163791,163790,2
2089,163820,163837,163821,17
2090,163867,163871,163868,4
2091,163909,163911,163910,2
2092,163930,163934,163931,4
2093,163959,163962,163961,3
2094,164007,164031,164010,24
2095,164054,164067,164057,13
2096,164156,164160,164157,4
2097,164184,164191,164186,7
2098,164204,164213,164208,9
2099,164295,164299,164296,4
2100,164363,164368,164365,5
2101,164432,164436,164434,4
2102,164474,164476,164475,2
2103,164509,164515,164512,6
2104,164590,164593,164592,3
2105,164615,164619,164616,4
2106,164626,164633,164628,7
2107,164699,164705,164701,6
2108,164723,164727,164725,4
2109,164779,164783,164781,4
2110,165023,165028,165024,5
2111,165044,165049,165047,5
2112,165089,165092,165090,3
2113,165101,165107,165104,6
2114,165231,165236,165232,5
2115,165290,165295,165292,5
2116,165444,165447,165446,3
2117,165467,165471,165468,4
2118,165554,165565,165556,11
2119,165602,165611,165603,9
2120,165654,165656,165655,2
2121,165664,165667,165665,3
2122,165791,165794,165792,3
2123,165810,165814,165812,4
2124,165856,165860,165857,4
2125,165880,165885,165883,5
2126,165967,165970,165968,3
2127,166016,166020,166017,4
2128,166217,166221,166219,4
2129,166446,166448,166447,2
2130,166817,166819,166818,2
2131,166908,166913,166909,5
2132,167069,167073,167071,4
2133,167143,167146,167144,3
2134,167667,167673,167670,6
2135,167801,167805,167801,4
2136,167921,167924,167922,3
2137,168010,168012,168010,2
2138,168075,168079,168077,4
2139,168128,168131,168129,3
2140,168183,168185,168183,2
2141,168296,168299,168298,3
2142,168313,168316,168314,3
2143,168381,168385,168383,4
2144,168399,168400,168399,1
2145,168448,168453,168450,5
2146,168538,168540,168539,2
2147,168579,168582,168580,3
2148,168766,168770,168768,4
2149,168789,168792,168790,3
2150,169022,169024,169023,2
2151,169250,169252,169250,2
2152,169293,169296,169295,3
2153,169643,169646,169644,3
2154,169833,169836,169834,3
2155,169899,169901,169900,2
2156,170103,170107,170104,4
2157,170150,170156,170151,6
2158,170229,170237,170230,8
2159,170289,170295,170292,6
2160,170368,170372,170369,4
2161,170445,170448,170446,3
2162,170555,170561,170559,6
2163,170605,170609,170606,4
2164,170648,170653,170651,5
2165,170679,170682,170680,3
2166,170730,170734,170731,4
2167,170796,170798,170797,2
2168,170838,170842,170840,4
2169,171220,171222,171221,2
2170,171373,171377,171375,4
2171,171414,171417,171415,3
2172,171468,171471,171469,3
2173,171525,171527,171525,2
2174,171632,171635,171632,3
2175,171800,171803,171802,3
2176,171877,171880,171878,3
2177,171924,171928,171926,4
2178,172150,172153,172151,3
2179,172207,172209,172208,2
2180,172304,172308,172304,4
2181,172381,172383,172382,2
2182,172394,172399,172397,5
2183,172449,172451,172449,2
2184,172491,172494,172491,3
2185,172532,172537,172535,5
2186,172586,172590,172587,4
2187,172759,172761,172759,2
2188,172780,172786,172781,6
2189,172845,172848,172846,3
2190,172896,172900,172897,4
2191,172939,172941,172940,2
2192,173028,173033,173030,5
2193,173060,173063,173062,3
2194,173097,173099,173098,2
2195,173170,173175,173171,5
2196,173226,173230,173227,4
2197,173483,173486,173484,3
2198,173901,173905,173904,4
2199,173924,173928,173924,4
2200,174150,174154,174153,4
2201,174625,174628,174626,3
2202,174658,174662,174660,4
2203,174700,174704,174701,4
2204,174799,174801,174800,2
2205,174891,174895,174892,4
2206,175018,175020,175019,2
2207,175108,175110,175109,2
2208,175126,175130,175128,4
2209,175628,175630,175629,2
2210,175832,175833,175832,1
2211,176094,176095,176094,1
2212,176128,176131,176130,3
2213,176345,176349,176345,4
2214,176532,176534,176533,2
2215,176707,176904,176708,197
2216,176917,176922,176918,5
2217,176992,176996,176993,4
2218,177106,177108,177107,2
2219,180018,180022,180019,4
2220,180195,180206,180197,11
2221,180385,180396,180389,11
2222,180561,180565,180563,4
2223,180584,180590,180587,6
2224,180715,180718,180716,3
2225,180886,180891,180887,5
2226,180971,180975,180973,4
2227,181017,181019,181018,2
2228,181030,181032,181031,2
2229,181369,181374,181371,5
2230,181517,181522,181519,5
2231,181577,181580,181578,3
2232,181613,181617,181614,4
2233,181656,181658,181657,2
2234,181724,181727,181724,3
2235,181766,181769,181767,3
2236,181817,181820,181818,3
2237,181896,181917,181899,21
2238,181932,181947,181933,15
2239,182015,182018,182016,3
2240,182036,182039,182038,3
2241,182086,182090,182087,4
2242,182152,182155,182153,3
2243,182214,182218,182217,4
2244,182251,182256,182253,5
2245,182414,182418,182415,4
2246,182481,182486,182484,5
2247,182550,182554,182552,4
2248,182841,182843,182841,2
2249,183176,183180,183178,4
2250,183189,183192,183190,3
2251,183450,183453,183451,3
2252,183494,183497,183496,3
2253,183692,183695,183693,3
2254,184049,184051,184050,2
2255,184130,184132,184131,2
2256,184348,184352,184349,4
2257,184650,184653,184651,3
2258,184805,184808,184806,3
2259,185119,185122,185120,3
2260,185217,185220,185218,3
2261,185267,185269,185267,2
2262,185369,185374,185369,5
2263,185478,185484,185480,6
2264,185551,185554,185552,3
2265,185688,185692,185689,4
2266,185751,185755,185754,4
2267,185803,185806,185804,3
2268,185934,185939,185935,5
2269,185943,185949,185945,6
2270,186005,186010,186006,5
2271,186055,186058,186056,3
2272,186094,186098,186095,4
2273,186143,186147,186145,4
2274,186219,186223,186220,4
2275,186264,186268,186266,4
2276,186352,186357,186354,5
2277,186436,186438,186437,2
2278,186445,186451,186448,6
2279,186547,186549,186548,2
2280,186594,186596,186594,2
2281,186647,186653,186650,6
2282,186667,186669,186668,2
2283,186776,186779,186778,3
2284,186908,186911,186909,3
2285,187098,187100,187099,2
2286,187108,187113,187109,5
2287,187165,187170,187166,5
2288,187216,187220,187217,4
2289,187444,187448,187446,4
2290,187481,187485,187484,4
2291,187590,187593,187591,3
2292,187663,187667,187664,4
2293,187728,187730,187729,2
2294,188008,188011,188009,3
2295,188258,188261,188259,3
2296,188556,188559,188558,3
2297,188632,188637,188634,5
2298,188696,188700,188697,4
2299,188814,188818,188816,4
2300,189241,189244,189242,3
2301,189291,189297,189293,6
2302,189364,189367,189365,3
2303,189401,189404,189402,3
2304,189497,189500,189499,3
2305,189620,189626,189622,6
2306,189744,189749,189745,5
2307,189905,189909,189906,4
2308,190150,190152,190151,2
2309,190239,190242,190239,3
2310,190424,190431,190428,7
2311,190616,190618,190617,2
2312,190645,190650,190648,5
2313,190711,190714,190712,3
2314,190810,190813,190812,3
2315,190995,190997,190996,2
2316,191131,191134,191131,3
2317,191150,191157,191153,7
2318,191332,191337,191333,5
2319,191432,191435,191433,3
2320,191533,191536,191535,3
2321,191650,191653,191651,3
2322,191813,191815,191814,2
2323,191859,191864,191862,5
2324,191894,191897,191895,3
2325,191957,191962,191959,5
2326,192026,192028,192027,2
2327,192146,192151,192149,5
2328,192210,192213,192212,3
2329,192321,192324,192322,3
2330,192387,192390,192388,3
2331,192459,192462,192460,3
2332,192505,192508,192507,3
2333,192531,192534,192532,3
2334,192604,192607,192605,3
2335,192745,192749,192747,4
2336,192776,192780,192779,4
2337,192866,192869,192868,3
2338,192904,192910,192906,6
2339,192915,192920,192917,5
2340,192952,192958,192954,6
2341,192963,192967,192964,4
2342,193019,193022,193020,3
2343,193073,193077,193075,4
2344,193107,193110,193109,3
2345,193163,193166,193165,3
2346,193339,193342,193340,3
2347,193422,193427,193424,5
2348,193435,193440,193435,5
2349,193542,193544,193543,2
2350,193661,193662,193661,1
2351,194125,194128,194126,3
2352,194340,194343,194341,3
2353,194577,194580,194578,3
2354,194642,194645,194643,3
2355,194704,194708,194705,4
2356,194780,194783,194781,3
2357,194815,194821,194817,6
2358,194846,194850,194847,4
2359,194977,194982,194978,5
2360,195071,195074,195073,3
2361,195206,195209,195207,3
2362,195270,195273,195271,3
2363,195461,195463,195462,2
2364,195675,195678,195677,3
2365,195771,195774,195772,3
2366,195966,195972,195967,6
2367,195998,196004,196000,6
2368,196011,196014,196012,3
2369,196144,196148,196146,4
2370,196232,196235,196233,3
2371,196466,196469,196467,3
2372,196509,196513,196511,4
2373,196570,196573,196571,3
2374,196695,196702,196697,7
2375,196758,196762,196759,4
2376,196800,196803,196802,3
2377,196863,196868,196865,5
2378,196919,196926,196922,7
2379,196978,196982,196980,4
2380,197080,197084,197083,4
2381,197161,197163,197162,2
2382,197239,197241,197240,2
2383,197355,197359,197357,4
2384,197401,197402,197401,1
2385,197591,197595,197592,4
2386,197612,197614,197613,2
2387,197650,197655,197652,5
2388,197676,197678,197677,2
2389,197701,197705,197702,4
2390,197729,197731,197730,2
2391,197749,197753,197750,4
2392,197827,197830,197828,3
2393,197911,197913,197912,2
2394,197959,197961,197960,2
2395,198007,198012,198007,5
2396,198028,198032,198030,4
2397,198169,198173,198171,4
2398,198213,198219,198216,6
2399,198252,198256,198253,4
2400,198330,198336,198332,6
2401,198444,198451,198446,7
2402,198480,198485,198481,5
2403,198493,198497,198494,4
2404,198716,198722,198717,6
2405,198755,198760,198758,5
2406,198766,198769,198767,3
2407,198894,198898,198895,4
2408,199003,199006,199004,3
2409,199190,199192,199191,2
2410,199402,199406,199404,4
2411,199550,199553,199552,3
2412,199570,199573,199571,3
2413,199641,199642,199641,1
2414,199703,199706,199704,3
2415,199734,199737,199735,3
2416,199746,199751,199748,5
2417,199770,199775,199772,5
2418,199810,199815,199811,5
2419,199868,199873,199869,5
2420,200002,200005,200003,3
2421,200193,200196,200195,3
2422,200205,200210,200206,5
2423,200234,200237,200236,3
2424,200388,200392,200389,4
2425,200520,200524,200522,4
2426,200558,200561,200559,3
2427,200594,200597,200595,3
2428,200775,200779,200776,4
2429,200939,200943,200940,4
2430,201114,201120,201115,6
2431,201157,201162,201159,5
2432,201191,201197,201193,6
2433,201243,201247,201244,4
2434,201409,201416,201412,7
2435,201456,201462,201458,6
2436,201643,201646,201645,3
2437,201676,201682,201679,6
2438,202263,202268,202264,5
2439,202284,202290,202285,6
2440,202387,202391,202388,4
2441,202449,202453,202450,4
2442,202519,202528,202520,9
2443,202534,202537,202536,3
2444,202545,202550,202546,5
2445,202615,202619,202616,4
2446,202646,202650,202647,4
2447,202663,202666,202664,3
2448,202701,202705,202702,4
2449,202843,202845,202844,2
2450,202897,202901,202898,4
2451,203150,203154,203153,4
2452,203245,203250,203246,5
2453,203298,203304,203301,6
2454,203384,203388,203385,4
2455,203433,203439,203436,6
2456,203511,203516,203512,5
2457,203586,203590,203587,4
2458,203602,203607,203603,5
2459,203631,203635,203632,4
2460,203656,203661,203658,5
2461,203715,203720,203716,5
2462,203788,203791,203789,3
2463,203808,203812,203809,4
2464,203819,203823,203820,4
2465,203892,203895,203894,3
2466,203913,203915,203914,2
2467,203964,203969,203966,5
2468,204172,204176,204174,4
2469,204255,204270,204256,15
2470,204384,204387,204385,3
2471,204500,204506,204503,6
2472,204779,204788,204780,9
2473,204811,204817,204814,6
2474,204849,204852,204850,3
2475,204956,204961,204958,5
2476,205062,205068,205064,6
2477,205081,205086,205082,5
2478,205177,205181,205179,4
2479,205187,205192,205188,5
2480,205247,205250,205248,3
2481,205322,205328,205323,6
2482,205365,205384,205366,19
2483,205417,205433,205418,16
2484,205606,205619,205608,13
2485,205739,205745,205741,6
2486,205884,205889,205885,5
2487,205935,205937,205936,2
2488,205972,205978,205973,6
2489,206370,206396,206372,26
2490,206397,206412,206397,15
2491,206413,206417,206413,4
2492,206494,206496,206495,2
2493,206564,206568,206565,4
2494,206586,206638,206586,52
2495,206667,206670,206667,3
2496,206697,206710,206698,13
2497,206792,206796,206793,4
2498,206868,206897,206872,29
2499,206924,206928,206925,4
2500,207070,207071,207070,1
2501,207149,207154,207152,5
2502,207221,207227,207223,6
2503,207301,207306,207303,5
2504,207326,207328,207327,2
2505,207348,207353,207350,5
2506,207368,207385,207369,17
2507,207413,207419,207414,6
2508,207444,207467,207447,23
2509,207527,207531,207528,4
2510,207580,207594,207583,14
2511,207617,207639,207618,22
2512,207669,207675,207671,6
2513,207793,207797,207794,4
2514,207924,207927,207926,3
2515,208049,208054,208050,5
2516,208122,208125,208124,3
2517,208165,208169,208167,4
2518,208492,208496,208493,4
2519,208668,208671,208669,3
2520,208799,208802,208800,3
2521,208870,208874,208872,4
2522,208960,208964,208961,4
2523,209024,209027,209026,3
2524,209068,209082,209069,14
2525,209133,209137,209136,4
2526,209264,209269,209265,5
2527,209417,209419,209418,2
2528,209749,209753,209751,4
2529,209824,209826,209825,2
2530,209891,209893,209892,2
2531,209916,209920,209918,4
2532,209967,209977,209968,10
2533,210054,210058,210056,4
2534,210098,210101,210099,3
2535,210158,210160,210159,2
2536,210200,210203,210201,3
2537,210233,210237,210235,4
2538,210290,210294,210292,4
2539,210395,210398,210397,3
2540,210552,210557,210555,5
2541,210679,210682,210680,3
2542,210775,210779,210776,4
2543,210851,210854,210852,3
2544,210951,210954,210952,3
2545,211091,211094,211093,3
2546,211302,211306,211304,4
2547,211484,211488,211485,4
2548,211556,211560,211557,4
2549,211664,211668,211667,4
2550,211822,211830,211823,8
2551,211850,211853,211851,3
2552,211907,211910,211908,3
2553,211923,211927,211926,4
2554,211972,211978,211974,6
2555,212049,212052,212050,3
2556,212106,212110,212109,4
2557,212239,212241,212240,2
2558,212305,212309,212307,4
2559,212386,212389,212387,3
2560,212407,212410,212408,3
2561,212459,212463,212461,4
2562,212515,212518,212516,3
2563,212584,212586,212585,2
2564,212641,212644,212642,3
2565,212676,212683,212677,7
2566,212756,212760,212759,4
2567,212837,212840,212838,3
2568,212855,212857,212856,2
2569,213077,213080,213078,3
2570,213128,213144,213131,16
2571,213288,213291,213290,3
2572,213307,213324,213308,17
2573,213357,213360,213359,3
2574,213481,213484,213482,3
2575,213518,213529,213520,11
2576,213550,213554,213551,4
2577,213581,213585,213582,4
2578,213638,213642,213639,4
2579,213733,213738,213734,5
2580,213776,213792,213777,16
2581,213810,213818,213811,8
2582,213974,213998,213976,24
2583,214233,214237,214235,4
2584,214593,214595,214593,2
2585,214987,214997,214989,10
2586,215019,215022,215021,3
2587,215046,215055,215047,9
2588,215231,215234,215232,3
2589,215298,215301,215300,3
2590,215341,215345,215343,4
2591,215372,215376,215374,4
2592,215410,215413,215412,3
2593,215566,215570,215568,4
2594,215637,215640,215638,3
2595,215707,215712,215710,5
2596,215764,215766,215765,2
2597,215822,215824,215822,2
2598,215855,215859,215856,4
2599,215864,215870,215866,6
2600,215894,215898,215895,4
2601,215942,215944,215943,2
2602,215968,215972,215971,4
2603,216001,216007,216005,6
2604,216090,216096,216093,6
2605,216212,216216,216214,4
2606,216303,216306,216304,3
2607,216483,216492,216487,9
2608,216518,216525,216519,7
2609,216701,216705,216704,4
2610,216823,216825,216824,2
2611,216953,216957,216954,4
2612,217033,217037,217035,4
2613,217123,217126,217125,3
2614,217153,217157,217155,4
2615,217184,217188,217185,4
2616,217291,217294,217292,3
2617,217341,217345,217343,4
2618,217469,217473,217469,4
2619,217484,217485,217484,1
2620,217571,217578,217573,7
2621,217645,217648,217647,3
2622,217662,217664,217663,2
2623,217671,217675,217673,4
2624,217800,217802,217801,2
2625,217840,217844,217841,4
2626,217854,217862,217855,8
2627,217884,217893,217885,9
2628,218176,218181,218177,5
2629,218291,218293,218292,2
2630,218334,218338,218336,4
2631,218363,218367,218364,4
2632,218506,218508,218507,2
2633,218535,218536,218535,1
2634,218595,218597,218595,2
2635,218608,218627,218609,19
2636,218710,218714,218711,4
2637,218719,218722,218721,3
2638,218852,218855,218854,3
2639,218915,218919,218916,4
2640,218981,218984,218983,3
2641,219050,219054,219051,4
2642,219103,219106,219104,3
2643,219320,219323,219321,3
2644,219434,219438,219436,4
2645,219592,219596,219594,4
2646,219698,219701,219699,3
2647,219767,219770,219768,3
2648,219855,219858,219855,3
2649,219912,219916,219913,4
2650,220006,220009,220008,3
2651,220319,220323,220320,4
2652,220337,220341,220340,4
2653,220510,220513,220511,3
2654,220521,220526,220523,5
2655,220799,220803,220800,4
2656,220867,220869,220868,2
2657,220884,220889,220885,5
2658,220925,220928,220926,3
2659,220941,220946,220943,5
2660,221038,221041,221039,3
2661,221102,221106,221104,4
2662,221113,221119,221115,6
2663,221133,221137,221135,4
2664,221332,221334,221333,2
2665,221442,221444,221443,2
2666,221652,221655,221653,3
2667,221698,221701,221700,3
2668,221713,221717,221714,4
2669,221843,221846,221844,3
2670,221877,221883,221878,6
2671,221941,221944,221943,3
2672,222083,222085,222084,2
2673,222121,222124,222122,3
2674,222147,222150,222147,3
2675,222235,222239,222235,4
2676,222316,222319,222317,3
2677,222369,222373,222370,4
2678,222535,222538,222536,3
2679,222840,222845,222842,5
2680,222924,222927,222924,3
2681,222962,222966,222964,4
2682,223049,223053,223051,4
2683,223222,223225,223223,3
2684,223304,223308,223305,4
2685,223381,223388,223384,7
2686,223415,223418,223416,3
2687,223435,223439,223438,4
2688,223478,223482,223479,4
2689,223523,223527,223525,4
2690,223562,223565,223563,3
2691,223620,223627,223621,7
2692,223693,223697,223694,4
2693,223783,223787,223784,4
2694,223853,223857,223856,4
2695,224033,224036,224034,3
2696,224043,224047,224045,4
2697,224224,224227,224226,3
2698,224244,224249,224245,5
2699,224256,224260,224258,4
2700,224345,224349,224347,4
2701,224381,224386,224382,5
2702,224397,224399,224398,2
2703,224460,224466,224463,6
2704,224504,224508,224506,4
2705,224634,224639,224636,5
2706,224708,224715,224709,7
2707,224794,224800,224797,6
2708,224902,224911,224903,9
2709,225060,225064,225062,4
2710,225136,225140,225137,4
2711,225407,225410,225408,3
2712,225533,225536,225535,3
2713,225583,225585,225584,2
2714,225670,225674,225671,4
2715,225734,225741,225736,7
2716,225773,225788,225775,15
2717,225795,225797,225796,2
2718,225894,225904,225895,10
2719,225938,225941,225939,3
2720,225972,225975,225974,3
2721,226065,226068,226066,3
2722,226242,226245,226243,3
2723,226283,226286,226285,3
2724,226337,226340,226338,3
2725,226406,226410,226408,4
2726,226430,226436,226431,6
2727,226474,226476,226475,2
2728,226583,226587,226585,4
2729,226735,226740,226737,5
2730,226755,226761,226757,6
2731,226965,226970,226968,5
2732,227036,227040,227037,4
2733,227058,227064,227060,6
2734,227102,227108,227103,6
2735,227381,227385,227383,4
2736,227442,227447,227443,5
2737,227525,227531,227526,6
2738,227597,227600,227598,3
2739,227684,227689,227685,5
2740,227769,227773,227772,4
2741,227808,227815,227811,7
2742,227884,227886,227885,2
2743,227899,227900,227899,1
2744,227910,227915,227913,5
2745,227937,227942,227938,5
2746,228001,228007,228004,6
2747,228041,228044,228042,3
2748,228156,228158,228157,2
2749,228186,228194,228189,8
2750,228213,228219,228214,6
2751,228318,228321,228319,3
2752,228512,228514,228513,2
2753,228741,228746,228744,5
2754,228775,228790,228777,15
2755,229276,229280,229279,4
2756,229903,229909,229904,6
2757,230284,230290,230285,6
2758,230496,230501,230498,5
2759,230555,230566,230559,11
2760,230689,230693,230690,4
2761,231041,231048,231043,7
2762,231108,231117,231109,9
2763,231188,231191,231189,3
2764,231220,231226,231220,6
2765,231230,231231,231230,1
2766,231445,231551,231446,106
2767,231595,231622,231596,27
2768,231924,231958,231924,34
2769,232019,232028,232020,9
2770,232188,232189,232188,1
2771,232196,232201,232199,5
2772,232232,232253,232232,21
