,Start_blink,End_blink,Blink_frame,No_of_frames
0,22,26,23,4
1,62,65,63,3
2,108,111,109,3
3,178,180,179,2
4,243,246,244,3
5,292,296,293,4
6,301,304,302,3
7,379,382,380,3
8,391,395,393,4
9,458,461,458,3
10,586,588,587,2
11,638,640,639,2
12,690,693,692,3
13,773,776,774,3
14,798,802,798,4
15,869,875,870,6
16,925,930,928,5
17,1004,1006,1004,2
18,1061,1065,1063,4
19,1156,1158,1157,2
20,1254,1257,1254,3
21,1325,1327,1325,2
22,1337,1341,1339,4
23,1525,1531,1527,6
24,1634,1637,1634,3
25,1810,1816,1812,6
26,1870,1877,1871,7
27,1908,1917,1909,9
28,1947,1950,1947,3
29,2089,2092,2090,3
30,2122,2125,2124,3
31,2206,2208,2207,2
32,2348,2351,2350,3
33,2385,2386,2385,1
34,2472,2475,2472,3
35,2481,2485,2482,4
36,2564,2567,2564,3
37,2595,2601,2597,6
38,2632,2638,2633,6
39,2739,2740,2739,1
40,2868,2872,2869,4
41,2886,2889,2887,3
42,2948,2950,2948,2
43,3054,3057,3055,3
44,3109,3112,3111,3
45,3157,3161,3159,4
46,3189,3192,3190,3
47,3331,3332,3331,1
48,3347,3351,3348,4
49,3401,3403,3402,2
50,3455,3458,3455,3
51,3476,3480,3477,4
52,3590,3594,3591,4
53,3630,3633,3631,3
54,3680,3682,3680,2
55,3693,3697,3694,4
56,3862,3866,3863,4
57,3889,3891,3889,2
58,3975,3980,3978,5
59,4115,4119,4116,4
60,4232,4235,4233,3
61,4309,4311,4310,2
62,4354,4359,4355,5
63,4394,4397,4395,3
64,4410,4412,4411,2
65,4464,4466,4464,2
66,4559,4561,4560,2
67,4678,4681,4679,3
68,4712,4714,4712,2
69,4794,4797,4795,3
70,4836,4838,4837,2
71,5036,5038,5036,2
72,5086,5088,5087,2
73,5165,5168,5165,3
74,5215,5217,5216,2
75,5448,5449,5448,1
76,5458,5461,5459,3
77,5548,5550,5548,2
78,5583,5585,5584,2
79,5745,5747,5745,2
80,5804,5808,5806,4
81,5852,5856,5853,4
82,5897,5901,5898,4
83,5906,5911,5907,5
84,5969,5972,5969,3
85,6001,6003,6001,2
86,6167,6169,6167,2
87,6219,6220,6219,1
88,6487,6489,6487,2
89,6529,6531,6530,2
90,6576,6580,6577,4
91,6618,6624,6621,6
92,6699,6701,6700,2
93,6778,6782,6780,4
94,6869,6872,6870,3
95,7001,7003,7001,2
96,7071,7075,7072,4
97,7150,7153,7151,3
98,7292,7294,7292,2
99,7377,7378,7377,1
100,7471,7473,7472,2
101,7667,7670,7667,3
102,7801,7802,7801,1
103,7848,7850,7848,2
104,7857,7859,7858,2
105,7975,7979,7976,4
106,8009,8012,8011,3
107,8082,8085,8084,3
108,8228,8233,8231,5
109,8370,8373,8371,3
110,8506,8509,8507,3
111,8676,8679,8678,3
112,8726,8729,8727,3
113,8808,8810,8809,2
114,8909,8911,8910,2
115,9038,9039,9038,1
116,9244,9249,9246,5
117,9362,9364,9363,2
118,9460,9465,9461,5
119,9803,9807,9804,4
120,9966,9968,9967,2
121,9976,9981,9976,5
122,10018,10022,10018,4
123,10104,10107,10104,3
124,10187,10188,10187,1
125,10422,10426,10423,4
126,10444,10446,10445,2
127,10552,10554,10553,2
128,10642,10646,10642,4
129,10679,10684,10680,5
130,10816,10818,10817,2
131,10864,10868,10865,4
132,11031,11033,11031,2
133,11958,11961,11959,3
134,12141,12143,12142,2
135,12250,12252,12251,2
136,12459,12462,12461,3
137,12521,12525,12523,4
138,13001,13004,13003,3
139,13101,13103,13102,2
140,13186,13189,13187,3
141,13201,13203,13202,2
142,13237,13240,13239,3
143,13694,13697,13696,3
144,13768,13770,13769,2
145,13911,13914,13912,3
146,14091,14093,14092,2
147,14324,14328,14325,4
148,14370,14373,14371,3
149,14407,14411,14409,4
150,14428,14432,14430,4
151,14447,14450,14448,3
152,14487,14491,14489,4
153,14497,14502,14498,5
154,14522,14526,14524,4
155,14598,14601,14598,3
156,14623,14627,14625,4
157,14725,14737,14726,12
158,14774,14776,14775,2
159,15067,15070,15067,3
160,15128,15132,15129,4
161,15189,15193,15192,4
162,15313,15317,15314,4
163,15371,15374,15372,3
164,15417,15419,15418,2
165,15433,15437,15434,4
166,15484,15488,15485,4
167,15493,15500,15496,7
168,15650,15653,15650,3
169,15659,15661,15660,2
170,15741,15744,15741,3
171,15824,15828,15826,4
172,16287,16291,16288,4
173,16347,16349,16347,2
174,16437,16440,16437,3
175,16467,16470,16468,3
176,16627,16630,16628,3
177,16684,16690,16687,6
178,16806,16808,16806,2
179,17083,17084,17083,1
180,17119,17122,17120,3
181,17166,17168,17167,2
182,17176,17180,17177,4
183,17209,17213,17212,4
184,17259,17262,17260,3
185,17419,17420,17419,1
186,17678,17687,17680,9
187,17749,17752,17750,3
188,17887,17893,17889,6
189,17916,17920,17918,4
190,17956,17959,17957,3
191,18028,18032,18031,4
192,18040,18042,18041,2
193,18095,18096,18095,1
194,18139,18143,18142,4
195,18196,18200,18197,4
196,18312,18315,18313,3
197,18388,18390,18389,2
198,18408,18410,18409,2
199,18430,18432,18431,2
200,18456,18458,18457,2
201,18515,18517,18516,2
202,18559,18560,18559,1
203,18632,18638,18634,6
204,18827,18830,18827,3
205,18868,18871,18868,3
206,19035,19038,19036,3
207,19328,19331,19328,3
208,19430,19433,19431,3
209,19600,19603,19601,3
210,19668,19671,19669,3
211,19714,19718,19715,4
212,19948,19950,19949,2
213,20080,20083,20080,3
214,20091,20093,20092,2
215,20156,20159,20156,3
216,20307,20308,20307,1
217,20319,20323,20319,4
218,20367,20369,20367,2
219,20416,20420,20418,4
220,20465,20469,20467,4
221,20542,20545,20543,3
222,20551,20555,20553,4
223,20638,20642,20639,4
224,20870,20873,20870,3
225,20883,20886,20883,3
226,20972,20976,20975,4
227,21037,21039,21037,2
228,21098,21101,21099,3
229,21244,21251,21245,7
230,21267,21271,21269,4
231,21434,21437,21435,3
232,21564,21568,21565,4
233,21649,21651,21649,2
234,21726,21730,21727,4
235,21996,22006,21997,10
236,22128,22130,22129,2
237,22177,22180,22177,3
238,22186,22188,22187,2
239,22239,22242,22240,3
240,22279,22285,22281,6
241,22326,22331,22327,5
242,22403,22407,22404,4
243,22459,22461,22460,2
244,22572,22575,22572,3
245,22596,22600,22597,4
246,22660,22663,22661,3
247,22690,22692,22691,2
248,22733,22736,22733,3
249,22773,22777,22774,4
250,22785,22788,22786,3
251,22832,22835,22834,3
252,22967,22972,22968,5
253,22991,22996,22992,5
254,23046,23050,23047,4
255,23154,23157,23154,3
256,23174,23177,23174,3
257,23250,23254,23252,4
258,23455,23461,23456,6
259,23555,23557,23556,2
260,23574,23577,23575,3
261,23609,23615,23611,6
262,23720,23732,23724,12
263,23790,23792,23791,2
264,23890,23894,23893,4
265,23968,23971,23969,3
266,24054,24057,24056,3
267,24131,24135,24132,4
268,24146,24151,24147,5
269,24160,24164,24161,4
270,24188,24193,24189,5
271,24246,24251,24248,5
272,24324,24325,24324,1
273,24435,24439,24436,4
274,24516,24519,24517,3
275,24707,24710,24708,3
276,24842,24846,24843,4
277,24881,24885,24883,4
278,24949,24952,24950,3
279,25052,25054,25053,2
280,25125,25131,25128,6
281,25187,25192,25188,5
282,25242,25246,25243,4
283,25272,25278,25273,6
284,25395,25399,25396,4
285,25470,25473,25471,3
286,25481,25484,25483,3
287,25511,25516,25513,5
288,25575,25580,25577,5
289,25588,25590,25588,2
290,25630,25635,25631,5
291,25704,25708,25706,4
292,25760,25763,25762,3
293,25819,25821,25820,2
294,25983,25988,25984,5
295,26013,26020,26014,7
296,26136,26138,26137,2
297,26166,26170,26167,4
298,26216,26218,26217,2
299,26278,26284,26278,6
300,26405,26409,26407,4
301,26585,26588,26587,3
302,26601,26604,26602,3
303,26613,26618,26615,5
304,26656,26660,26657,4
305,26699,26702,26701,3
306,26728,26731,26729,3
307,26887,26891,26888,4
308,26988,26991,26990,3
309,27067,27072,27070,5
310,27208,27212,27210,4
311,27288,27293,27292,5
312,27342,27346,27343,4
313,27416,27418,27417,2
314,27485,27490,27487,5
315,27517,27522,27518,5
316,27545,27549,27547,4
317,27600,27603,27601,3
318,27610,27611,27610,1
319,27655,27657,27656,2
320,27671,27676,27673,5
321,27820,27824,27822,4
322,27889,27895,27891,6
323,27905,27910,27906,5
324,27954,27960,27956,6
325,27996,27999,27997,3
326,28044,28048,28046,4
327,28154,28158,28157,4
328,28188,28194,28191,6
329,28231,28234,28232,3
330,28244,28247,28245,3
331,28333,28337,28335,4
332,28380,28383,28382,3
333,28403,28407,28406,4
334,28436,28439,28437,3
335,28474,28479,28476,5
336,28502,28506,28504,4
337,28544,28547,28544,3
338,28597,28598,28597,1
339,28639,28641,28640,2
340,28660,28663,28660,3
341,28689,28692,28690,3
342,28870,28873,28872,3
343,28890,28894,28891,4
344,28969,28972,28970,3
345,29028,29033,29030,5
346,29119,29123,29121,4
347,29241,29247,29244,6
348,29268,29269,29268,1
349,29288,29298,29289,10
350,29406,29412,29408,6
351,29438,29444,29439,6
352,29450,29455,29451,5
353,29493,29501,29496,8
354,29525,29527,29526,2
355,29536,29540,29537,4
356,29560,29565,29563,5
357,29579,29582,29580,3
358,29597,29604,29599,7
359,29649,29654,29650,5
360,29733,29735,29734,2
361,29826,29835,29828,9
362,29875,29880,29877,5
363,29936,29944,29937,8
364,29982,29986,29983,4
365,30029,30032,30031,3
366,30117,30121,30118,4
367,30204,30213,30207,9
368,30264,30269,30265,5
369,30444,30450,30444,6
370,30492,30496,30493,4
371,30550,30554,30552,4
372,30638,30645,30640,7
373,30678,30684,30681,6
374,30734,30738,30736,4
375,30802,30806,30805,4
376,30907,30911,30907,4
377,30953,30955,30954,2
378,31040,31042,31040,2
379,31094,31098,31095,4
380,31163,31167,31164,4
381,31279,31282,31280,3
382,31364,31368,31367,4
383,31380,31384,31381,4
384,31423,31431,31426,8
385,31469,31472,31470,3
386,31480,31483,31482,3
387,31556,31559,31557,3
388,31601,31605,31602,4
389,31630,31633,31631,3
390,31694,31699,31696,5
391,31734,31736,31735,2
392,31774,31777,31775,3
393,31929,31933,31931,4
394,31952,31956,31954,4
395,31995,31998,31997,3
396,32026,32029,32027,3
397,32062,32068,32064,6
398,32166,32170,32167,4
399,32239,32241,32240,2
400,32258,32263,32261,5
401,32276,32281,32276,5
402,32306,32310,32307,4
403,32355,32358,32356,3
404,32507,32511,32509,4
405,32666,32671,32668,5
406,32722,32724,32722,2
407,32734,32736,32734,2
408,32806,32809,32808,3
409,32819,32823,32821,4
410,32839,32843,32840,4
411,32878,32880,32878,2
412,32926,32929,32926,3
413,32950,32953,32952,3
414,33115,33119,33117,4
415,33128,33135,33129,7
416,33243,33246,33245,3
417,33254,33255,33254,1
418,33289,33295,33292,6
419,33360,33361,33360,1
420,33428,33432,33429,4
421,33440,33442,33441,2
422,33469,33472,33470,3
423,33482,33486,33483,4
424,33509,33512,33510,3
425,33550,33554,33551,4
426,33597,33603,33599,6
427,33653,33656,33654,3
428,33666,33669,33666,3
429,33703,33709,33704,6
430,33764,33767,33765,3
431,33797,33799,33797,2
432,33868,33872,33869,4
433,33971,33974,33973,3
434,33984,33990,33987,6
435,34024,34029,34027,5
436,34062,34064,34062,2
437,34075,34079,34077,4
438,34119,34122,34120,3
439,34134,34139,34135,5
440,34157,34160,34158,3
441,34216,34221,34218,5
442,34308,34310,34309,2
443,34391,34394,34393,3
444,34464,34466,34465,2
445,34558,34560,34558,2
446,34568,34571,34570,3
447,35146,35149,35147,3
448,35257,35261,35258,4
449,35281,35285,35283,4
450,35350,35354,35352,4
451,35399,35403,35400,4
452,35446,35450,35447,4
453,35510,35515,35512,5
454,35520,35526,35523,6
455,35566,35571,35567,5
456,35616,35617,35616,1
457,35642,35648,35645,6
458,35694,35696,35695,2
459,35730,35733,35730,3
460,35750,35754,35751,4
461,35787,35791,35788,4
462,35814,35819,35817,5
463,35841,35846,35843,5
464,35859,35864,35859,5
465,35896,35898,35897,2
466,35938,35943,35940,5
467,35988,35993,35989,5
468,36044,36047,36045,3
469,36102,36105,36102,3
470,36142,36143,36142,1
471,36208,36211,36209,3
472,36221,36223,36222,2
473,36255,36259,36256,4
474,36400,36402,36401,2
475,36430,36433,36432,3
476,36575,36578,36575,3
477,36716,36720,36718,4
478,36802,36804,36803,2
479,36828,36831,36829,3
480,36974,36977,36976,3
481,37255,37257,37256,2
482,37292,37293,37292,1
483,37303,37305,37303,2
484,37338,37339,37338,1
485,37382,37386,37384,4
486,37658,37662,37658,4
487,37767,37769,37767,2
488,37829,37833,37831,4
489,37940,37943,37941,3
490,37952,37954,37953,2
491,37985,37990,37986,5
492,38002,38005,38003,3
493,38055,38056,38055,1
494,38169,38174,38170,5
495,38212,38214,38213,2
496,38268,38270,38269,2
497,38381,38382,38381,1
498,38412,38414,38413,2
499,38444,38449,38445,5
500,38481,38482,38481,1
501,38529,38531,38529,2
502,38576,38581,38577,5
503,38590,38591,38590,1
504,38745,38747,38746,2
505,38843,38848,38846,5
506,38920,38921,38920,1
507,38990,38993,38990,3
508,39064,39067,39066,3
509,39079,39083,39081,4
510,39228,39241,39229,13
511,39352,39358,39353,6
512,39388,39397,39390,9
513,39489,39495,39489,6
514,39551,39553,39552,2
515,39615,39618,39616,3
516,39861,39866,39861,5
517,39904,39907,39906,3
518,39927,39931,39928,4
519,39945,39950,39948,5
520,39977,39982,39978,5
521,40003,40006,40004,3
522,40027,40030,40029,3
523,40123,40127,40124,4
524,40282,40286,40283,4
525,40331,40333,40332,2
526,40381,40384,40382,3
527,40536,40541,40539,5
528,40575,40579,40576,4
529,40661,40662,40661,1
530,40710,40713,40711,3
531,40771,40805,40773,34
532,40806,40807,40806,1
533,40842,40852,40843,10
534,40957,40959,40958,2
535,41057,41060,41059,3
536,41100,41104,41101,4
537,41245,41249,41245,4
538,41346,41348,41346,2
539,41428,41433,41429,5
540,41493,41496,41494,3
541,41551,41554,41552,3
542,41591,41600,41593,9
543,41694,41696,41695,2
544,41750,41752,41751,2
545,41795,41798,41796,3
546,41823,41826,41824,3
547,41871,41874,41871,3
548,42090,42093,42092,3
549,42101,42104,42102,3
550,42157,42161,42160,4
551,42244,42247,42245,3
552,42277,42282,42279,5
553,42352,42357,42354,5
554,42400,42402,42401,2
555,42433,42437,42433,4
556,42654,42655,42654,1
557,42724,42727,42724,3
558,42793,42795,42794,2
559,42852,42862,42854,10
560,42939,42943,42940,4
561,43116,43120,43117,4
562,43180,43183,43181,3
563,43326,43330,43329,4
564,43357,43359,43358,2
565,43528,43532,43529,4
566,43564,43569,43564,5
567,43627,43629,43627,2
568,43679,43682,43680,3
569,43779,43793,43780,14
570,43833,43835,43834,2
571,43899,43901,43900,2
572,43986,43987,43986,1
573,43996,44000,43999,4
574,44078,44082,44081,4
575,44143,44145,44143,2
576,44186,44188,44186,2
577,44290,44292,44291,2
578,44313,44314,44313,1
579,44350,44352,44350,2
580,44391,44395,44391,4
581,44500,44505,44502,5
582,44563,44567,44563,4
583,44604,44610,44607,6
584,44688,44692,44690,4
585,44752,44753,44752,1
586,44829,44833,44830,4
587,44876,44879,44877,3
588,45066,45068,45067,2
589,45103,45107,45104,4
590,45138,45141,45139,3
591,45291,45293,45292,2
592,45354,45357,45355,3
593,45392,45395,45394,3
594,45575,45579,45578,4
595,45656,45660,45657,4
596,45730,45731,45730,1
597,45881,45890,45882,9
598,46101,46105,46103,4
599,46152,46156,46153,4
600,46307,46310,46308,3
601,46329,46339,46331,10
602,46557,46560,46558,3
603,46616,46621,46618,5
604,46830,46832,46831,2
605,46888,46893,46892,5
606,46957,46960,46957,3
607,47025,47027,47026,2
608,47074,47076,47075,2
609,47306,47308,47306,2
610,47347,47353,47351,6
611,47391,47393,47391,2
612,47516,47518,47516,2
613,47577,47579,47578,2
614,47624,47627,47625,3
615,47673,47677,47675,4
616,47735,47738,47735,3
617,47888,47898,47889,10
618,48015,48017,48016,2
619,48125,48128,48126,3
620,48137,48141,48139,4
621,48208,48214,48210,6
622,48233,48237,48234,4
623,48316,48320,48317,4
624,48434,48438,48437,4
625,48448,48451,48449,3
626,48530,48535,48534,5
627,48646,48651,48649,5
628,48739,48742,48739,3
629,48867,48870,48868,3
630,48915,48918,48915,3
631,48961,48963,48961,2
632,49003,49005,49003,2
633,49048,49051,49048,3
634,49111,49113,49111,2
635,49162,49164,49163,2
636,49173,49177,49174,4
637,49258,49264,49260,6
638,49347,49350,49347,3
639,49356,49360,49357,4
640,49406,49409,49408,3
641,49453,49456,49454,3
642,49567,49570,49567,3
643,49603,49607,49604,4
644,49614,49615,49614,1
645,49644,49649,49647,5
646,49713,49717,49715,4
647,49833,49836,49834,3
648,49875,49879,49878,4
649,50017,50020,50017,3
650,50131,50134,50132,3
651,50147,50151,50148,4
652,50208,50213,50210,5
653,50218,50227,50221,9
654,50387,50391,50389,4
655,50446,50449,50447,3
656,50610,50612,50611,2
657,50740,50743,50740,3
658,50807,50810,50809,3
659,50854,50858,50855,4
660,50956,50959,50957,3
661,51033,51036,51033,3
662,51044,51046,51045,2
663,51109,51113,51110,4
664,51142,51146,51143,4
665,51156,51160,51157,4
666,51250,51252,51251,2
667,51290,51294,51291,4
668,51354,51358,51355,4
669,51402,51406,51403,4
670,51418,51420,51419,2
671,51547,51552,51548,5
672,51590,51595,51592,5
673,51621,51624,51622,3
674,51682,51687,51684,5
675,51706,51708,51707,2
676,51753,51757,51756,4
677,51790,51795,51792,5
678,51817,51821,51818,4
679,51834,51838,51834,4
680,51917,51920,51918,3
681,51946,51950,51948,4
682,52027,52029,52028,2
683,52069,52073,52071,4
684,52286,52288,52287,2
685,52295,52299,52296,4
686,52449,52454,52450,5
687,52586,52589,52586,3
688,52676,52683,52676,7
689,52746,52751,52747,5
690,52798,52804,52798,6
691,52809,52814,52811,5
692,52901,52904,52901,3
693,52918,52921,52919,3
694,52987,52990,52988,3
695,52996,52998,52997,2
696,53038,53040,53038,2
697,53100,53103,53101,3
698,53169,53173,53172,4
699,53203,53207,53204,4
700,53247,53250,53248,3
701,53307,53312,53310,5
702,53484,53488,53486,4
703,53537,53539,53537,2
704,53607,53611,53608,4
705,53682,53685,53683,3
706,53897,53898,53897,1
707,53926,53930,53929,4
708,53943,53947,53944,4
709,53961,53967,53965,6
710,54054,54056,54055,2
711,54158,54161,54159,3
712,54293,54297,54295,4
713,54362,54363,54362,1
714,54388,54390,54388,2
715,54454,54458,54457,4
716,54469,54474,54471,5
717,54567,54572,54568,5
718,54625,54629,54626,4
719,54679,54682,54681,3
720,54744,54748,54745,4
721,54778,54781,54779,3
722,54832,54836,54834,4
723,54866,54868,54867,2
724,54937,54946,54938,9
725,55068,55071,55068,3
726,55083,55085,55084,2
727,55135,55139,55138,4
728,55181,55189,55181,8
729,55220,55221,55220,1
730,55229,55233,55229,4
731,55332,55333,55332,1
732,55398,55402,55399,4
733,55471,55474,55473,3
734,55525,55528,55526,3
735,55573,55575,55574,2
736,55586,55590,55588,4
737,55829,55833,55830,4
738,55923,55929,55924,6
739,55999,56001,55999,2
740,56203,56206,56204,3
741,56279,56283,56280,4
742,56491,56494,56491,3
743,56607,56610,56607,3
744,56700,56702,56700,2
745,56857,56858,56857,1
746,57025,57028,57026,3
747,57071,57076,57072,5
748,57145,57148,57146,3
749,57244,57246,57244,2
750,57419,57424,57422,5
751,57469,57475,57471,6
752,57488,57492,57489,4
753,57555,57559,57557,4
754,57622,57624,57622,2
755,57632,57638,57633,6
756,57841,57846,57844,5
757,57942,57944,57942,2
758,58031,58034,58032,3
759,58119,58123,58120,4
760,58203,58204,58203,1
761,58294,58296,58295,2
762,58454,58456,58454,2
763,58529,58530,58529,1
764,58678,58681,58679,3
765,58753,58755,58753,2
766,58943,58944,58943,1
767,59102,59106,59105,4
768,59240,59242,59240,2
769,59254,59263,59255,9
770,59333,59335,59334,2
771,59374,59377,59374,3
772,59531,59535,59532,4
773,59593,59598,59594,5
774,59604,59609,59606,5
775,59644,59648,59646,4
776,59803,59805,59804,2
777,59924,59928,59925,4
778,60027,60029,60028,2
779,60101,60104,60102,3
780,60361,60363,60361,2
781,60485,60488,60487,3
782,60704,60708,60705,4
783,60747,60750,60748,3
784,60861,60864,60862,3
785,60965,60969,60965,4
786,60974,60980,60977,6
787,61017,61022,61018,5
788,61061,61063,61062,2
789,61083,61086,61084,3
790,61122,61125,61124,3
791,61168,61169,61168,1
792,61238,61241,61238,3
793,61470,61472,61471,2
794,61546,61550,61548,4
795,61570,61575,61570,5
796,61660,61662,61660,2
797,61875,61877,61875,2
798,61888,61891,61889,3
799,61957,61959,61958,2
800,61974,61976,61974,2
801,62029,62033,62030,4
802,62131,62133,62132,2
803,62230,62232,62231,2
804,62283,62286,62284,3
805,62533,62535,62534,2
806,62582,62588,62585,6
807,62722,62723,62722,1
808,62822,62825,62822,3
809,62927,62930,62928,3
810,63002,63005,63003,3
811,63093,63096,63094,3
812,63177,63179,63177,2
813,63340,63351,63340,11
814,63390,63392,63390,2
815,63760,63762,63761,2
816,63819,63821,63820,2
817,63853,63856,63854,3
818,63911,63914,63913,3
819,63967,63971,63969,4
820,64003,64006,64005,3
821,64446,64447,64446,1
822,64617,64619,64617,2
823,64699,64702,64700,3
824,64763,64765,64763,2
825,64856,64858,64857,2
826,64946,64949,64948,3
827,65010,65011,65010,1
828,65139,65140,65139,1
829,65192,65195,65194,3
830,65210,65214,65211,4
831,65313,65318,65314,5
832,65453,65455,65454,2
833,65585,65587,65585,2
834,65664,65666,65665,2
835,65742,65746,65745,4
836,65788,65792,65789,4
837,65933,65937,65935,4
838,66096,66098,66097,2
839,66288,66291,66289,3
840,66305,66308,66306,3
841,66364,66367,66365,3
842,66408,66411,66410,3
843,66427,66430,66428,3
844,66622,66626,66625,4
845,66723,66725,66724,2
846,66820,66822,66821,2
847,66927,66937,66928,10
848,67050,67055,67052,5
849,67070,67074,67072,4
850,67142,67144,67143,2
851,67168,67172,67169,4
852,67185,67190,67186,5
853,67238,67240,67239,2
854,67317,67319,67317,2
855,67374,67377,67375,3
856,67416,67419,67417,3
857,67499,67505,67501,6
858,67522,67530,67523,8
859,67577,67582,67580,5
860,67686,67689,67687,3
861,67723,67727,67725,4
862,67811,67813,67811,2
863,67894,67897,67895,3
864,67977,67981,67978,4
865,68025,68030,68026,5
866,68083,68088,68086,5
867,68142,68152,68145,10
868,68189,68198,68192,9
869,68227,68230,68228,3
870,68273,68277,68274,4
871,68305,68309,68307,4
872,68356,68359,68357,3
873,68370,68375,68372,5
874,68531,68535,68534,4
875,68606,68610,68608,4
876,68914,68918,68915,4
877,69030,69036,69033,6
878,69076,69080,69077,4
879,69090,69093,69092,3
880,69154,69157,69155,3
881,69182,69187,69184,5
882,69260,69264,69261,4
883,69296,69299,69297,3
884,69330,69332,69331,2
885,69423,69426,69424,3
886,69485,69488,69486,3
887,69559,69562,69561,3
888,69604,69607,69604,3
889,69812,69815,69813,3
890,69838,69843,69840,5
891,69880,69885,69882,5
892,70121,70124,70123,3
893,70165,70166,70165,1
894,70191,70195,70193,4
895,70206,70211,70207,5
896,70223,70231,70225,8
897,70309,70313,70311,4
898,70331,70334,70333,3
899,70457,70460,70458,3
900,70659,70662,70660,3
901,70768,70771,70769,3
902,70981,70984,70982,3
903,71070,71073,71071,3
904,71195,71198,71196,3
905,71576,71579,71577,3
906,71650,71652,71651,2
907,71744,71747,71745,3
908,71818,71821,71819,3
909,72076,72079,72078,3
910,72147,72151,72149,4
911,72440,72443,72441,3
912,72481,72484,72481,3
913,72503,72513,72504,10
914,72564,72566,72564,2
915,72577,72580,72578,3
916,72658,72661,72659,3
917,72872,72874,72873,2
918,73176,73177,73176,1
919,73192,73203,73195,11
920,73231,73235,73232,4
921,73296,73303,73299,7
922,73389,73406,73391,17
923,73477,73485,73478,8
924,73594,73596,73595,2
925,73671,73675,73673,4
926,73735,73738,73736,3
927,73756,73759,73757,3
928,73853,73856,73855,3
929,73873,73878,73876,5
930,73917,73926,73920,9
931,73973,73977,73975,4
932,74088,74091,74089,3
933,74112,74115,74113,3
934,74197,74200,74199,3
935,74209,74212,74210,3
936,74232,74237,74234,5
937,74243,74248,74245,5
938,74310,74313,74311,3
939,74378,74380,74379,2
940,74545,74556,74546,11
941,74592,74594,74592,2
942,74660,74662,74661,2
943,74692,74696,74694,4
944,74754,74765,74756,11
945,74841,74844,74842,3
946,74860,74862,74861,2
947,75129,75132,75131,3
948,75199,75203,75200,4
949,75524,75528,75527,4
950,75599,75603,75600,4
951,75657,75661,75659,4
952,75685,75687,75686,2
953,75763,75764,75763,1
954,75868,75871,75869,3
955,75967,75970,75969,3
956,75994,75996,75995,2
957,76043,76045,76044,2
958,76055,76058,76055,3
959,76218,76221,76219,3
960,76379,76383,76382,4
961,76487,76491,76489,4
962,76647,76652,76650,5
963,76682,76686,76683,4
964,76699,76704,76701,5
965,76720,76725,76722,5
966,76764,76766,76765,2
967,76814,76817,76814,3
968,76889,76892,76890,3
969,76948,76951,76949,3
970,77007,77010,77007,3
971,77062,77065,77062,3
972,77073,77078,77074,5
973,77111,77123,77112,12
974,77183,77185,77184,2
975,77231,77234,77233,3
976,77278,77280,77278,2
977,77292,77296,77293,4
978,77322,77325,77323,3
979,77482,77483,77482,1
980,77669,77673,77670,4
981,77687,77691,77688,4
982,77700,77705,77703,5
983,77733,77736,77733,3
984,77837,77840,77839,3
985,77909,77912,77911,3
986,78032,78034,78032,2
987,78156,78160,78159,4
988,78244,78248,78245,4
989,78335,78340,78336,5
990,78370,78375,78371,5
991,78450,78453,78451,3
992,78461,78462,78461,1
993,78559,78563,78561,4
994,78573,78577,78575,4
995,78591,78593,78592,2
996,78665,78668,78667,3
997,78740,78743,78742,3
998,78777,78782,78778,5
999,78842,78847,78843,5
1000,78960,78974,78963,14
1001,79124,79128,79125,4
1002,79199,79200,79199,1
1003,79247,79249,79247,2
1004,79266,79269,79267,3
1005,79469,79472,79470,3
1006,79593,79595,79594,2
1007,79674,79676,79675,2
1008,79765,79767,79766,2
1009,79795,79799,79796,4
1010,79817,79821,79818,4
1011,79971,79977,79974,6
1012,80194,80196,80195,2
1013,80395,80399,80395,4
1014,80424,80429,80425,5
1015,80455,80458,80456,3
1016,80501,80505,80502,4
1017,80511,80514,80512,3
1018,80551,80554,80552,3
1019,80562,80566,80563,4
1020,80623,80627,80625,4
1021,80632,80637,80634,5
1022,80684,80688,80685,4
1023,80745,80748,80745,3
1024,80794,80797,80795,3
1025,80858,80865,80859,7
1026,80957,80960,80958,3
1027,81000,81003,81001,3
1028,81047,81048,81047,1
1029,81080,81081,81080,1
1030,81193,81200,81195,7
1031,81444,81447,81445,3
1032,81533,81536,81535,3
1033,81648,81650,81649,2
1034,81749,81751,81750,2
1035,82053,82055,82054,2
1036,82644,82647,82645,3
1037,82669,82671,82670,2
1038,82696,82700,82696,4
1039,82730,82733,82732,3
1040,82756,82759,82758,3
1041,82775,82779,82778,4
1042,82798,82802,82799,4
1043,82847,82854,82849,7
1044,82918,82920,82919,2
1045,82960,82963,82960,3
1046,82978,82982,82979,4
1047,83161,83164,83162,3
1048,83279,83281,83280,2
1049,83327,83331,83330,4
1050,83366,83368,83367,2
1051,83428,83432,83429,4
1052,83756,83758,83756,2
1053,83801,83806,83802,5
1054,83904,83907,83905,3
1055,83965,83969,83967,4
1056,84054,84056,84055,2
1057,84178,84180,84179,2
1058,84235,84237,84236,2
1059,84246,84249,84247,3
1060,84286,84289,84287,3
1061,84349,84351,84350,2
1062,84440,84443,84441,3
1063,84485,84487,84486,2
1064,84519,84525,84521,6
1065,84573,84576,84574,3
1066,84583,84585,84584,2
1067,84730,84732,84731,2
1068,84763,84768,84766,5
1069,84792,84795,84793,3
1070,84809,84812,84810,3
1071,84859,84862,84859,3
1072,84904,84905,84904,1
1073,84926,84929,84927,3
1074,85012,85015,85014,3
1075,85091,85094,85092,3
1076,85189,85193,85190,4
1077,85249,85253,85251,4
1078,85301,85305,85302,4
1079,85338,85341,85338,3
1080,85464,85466,85464,2
1081,85526,85528,85527,2
1082,85566,85568,85566,2
1083,85622,85625,85623,3
1084,85692,85696,85695,4
1085,85749,85752,85750,3
1086,85804,85808,85805,4
1087,86033,86036,86033,3
1088,86122,86124,86123,2
1089,86178,86180,86179,2
1090,86206,86211,86210,5
1091,86238,86240,86239,2
1092,86256,86261,86259,5
1093,86280,86285,86282,5
1094,86379,86382,86381,3
1095,86437,86441,86440,4
1096,86544,86548,86545,4
1097,86584,86587,86585,3
1098,86593,86597,86595,4
1099,86618,86622,86620,4
1100,86743,86747,86746,4
1101,86865,86868,86866,3
1102,86934,86937,86934,3
1103,86958,86959,86958,1
1104,87072,87076,87073,4
1105,87131,87133,87132,2
1106,87215,87217,87215,2
1107,87225,87229,87226,4
1108,87259,87261,87260,2
1109,87322,87325,87324,3
1110,87413,87415,87414,2
1111,87503,87506,87504,3
1112,87554,87558,87556,4
1113,87573,87578,87575,5
1114,87626,87630,87627,4
1115,87685,87689,87687,4
1116,87751,87771,87752,20
1117,87827,87830,87829,3
1118,87867,87873,87870,6
1119,88036,88039,88037,3
1120,88164,88166,88165,2
1121,88184,88188,88185,4
1122,88211,88213,88212,2
1123,88270,88273,88271,3
1124,88329,88333,88332,4
1125,88358,88360,88359,2
1126,88391,88395,88392,4
1127,88438,88440,88438,2
1128,88470,88475,88473,5
1129,88528,88529,88528,1
1130,88565,88569,88566,4
1131,88724,88727,88725,3
1132,88810,88811,88810,1
1133,88833,88836,88834,3
1134,88893,88897,88894,4
1135,88913,88915,88914,2
1136,88947,88954,88948,7
1137,89047,89052,89050,5
1138,89085,89090,89088,5
1139,89189,89192,89190,3
1140,89310,89314,89312,4
1141,89425,89427,89426,2
1142,89469,89472,89470,3
1143,89484,89489,89485,5
1144,89616,89618,89616,2
1145,89699,89703,89702,4
1146,89739,89743,89740,4
1147,89784,89787,89784,3
1148,89797,89800,89798,3
1149,89815,89817,89815,2
1150,90042,90045,90043,3
1151,90097,90101,90099,4
1152,90208,90209,90208,1
1153,90232,90235,90233,3
1154,90325,90328,90327,3
1155,90366,90368,90367,2
1156,90408,90410,90408,2
1157,90449,90451,90450,2
1158,90513,90515,90514,2
1159,90611,90613,90612,2
1160,90664,90665,90664,1
1161,90768,90771,90769,3
1162,90956,90958,90956,2
1163,91057,91059,91058,2
1164,91132,91137,91135,5
1165,91163,91167,91166,4
1166,91289,91292,91290,3
1167,91335,91340,91337,5
1168,91345,91350,91348,5
1169,91388,91394,91390,6
1170,91431,91436,91434,5
1171,91442,91446,91445,4
1172,91500,91503,91502,3
1173,91513,91518,91514,5
1174,91560,91562,91560,2
1175,91616,91618,91617,2
1176,91702,91706,91704,4
1177,91728,91731,91728,3
1178,91769,91772,91770,3
1179,91831,91835,91833,4
1180,91986,91994,91987,8
1181,92033,92037,92034,4
1182,92062,92065,92064,3
1183,92148,92150,92148,2
1184,92200,92204,92201,4
1185,92256,92258,92257,2
1186,92300,92304,92300,4
1187,92422,92426,92423,4
1188,92435,92440,92439,5
1189,92499,92503,92500,4
1190,92525,92529,92528,4
1191,92579,92582,92581,3
1192,92639,92642,92640,3
1193,92667,92671,92669,4
1194,92717,92718,92717,1
1195,92766,92769,92767,3
1196,92932,92934,92932,2
1197,93046,93048,93046,2
1198,93084,93087,93084,3
1199,93143,93147,93143,4
1200,93262,93267,93264,5
1201,93313,93317,93314,4
1202,93348,93351,93350,3
1203,93417,93422,93420,5
1204,93500,93502,93501,2
1205,93518,93520,93519,2
1206,93543,93548,93546,5
1207,93601,93605,93603,4
1208,93641,93647,93642,6
1209,93678,93682,93678,4
1210,93937,93938,93937,1
1211,93957,93961,93958,4
1212,94007,94012,94011,5
1213,94075,94080,94079,5
1214,94153,94158,94156,5
1215,94239,94243,94240,4
1216,94250,94256,94251,6
1217,94305,94309,94306,4
1218,94348,94354,94349,6
1219,94399,94401,94399,2
1220,94416,94420,94418,4
1221,94445,94447,94446,2
1222,94471,94474,94472,3
1223,94544,94548,94546,4
1224,94561,94566,94564,5
1225,94596,94598,94596,2
1226,94625,94628,94625,3
1227,94664,94667,94665,3
1228,94707,94711,94708,4
1229,94771,94775,94772,4
1230,94786,94790,94787,4
1231,94825,94827,94826,2
1232,94933,94937,94935,4
1233,94942,94946,94945,4
1234,95004,95005,95004,1
1235,95035,95038,95036,3
1236,95048,95052,95050,4
1237,95128,95130,95128,2
1238,95202,95205,95202,3
1239,95219,95221,95219,2
1240,95238,95244,95239,6
1241,95255,95261,95257,6
1242,95328,95331,95329,3
1243,95341,95345,95343,4
1244,95394,95398,95397,4
1245,95408,95410,95409,2
1246,95443,95446,95445,3
1247,95491,95495,95493,4
1248,95595,95598,95596,3
1249,95673,95675,95674,2
1250,95920,95922,95920,2
1251,96232,96234,96233,2
1252,96282,96285,96283,3
1253,96329,96331,96329,2
1254,96337,96341,96339,4
1255,96465,96467,96466,2
1256,96654,96658,96655,4
1257,96723,96726,96725,3
1258,96763,96766,96764,3
1259,96782,96787,96784,5
1260,96823,96828,96823,5
1261,96874,96878,96875,4
1262,96899,96901,96900,2
1263,96970,96972,96971,2
1264,97061,97066,97062,5
1265,97115,97119,97116,4
1266,97127,97129,97128,2
1267,97239,97242,97240,3
1268,97271,97276,97272,5
1269,97297,97302,97301,5
1270,97327,97333,97330,6
1271,97396,97400,97398,4
1272,97441,97446,97444,5
1273,97484,97486,97484,2
1274,97554,97556,97554,2
1275,97590,97592,97591,2
1276,97629,97633,97630,4
1277,97668,97674,97672,6
1278,97700,97702,97701,2
1279,97732,97734,97733,2
1280,97767,97771,97768,4
1281,97839,97845,97842,6
1282,97881,97892,97884,11
1283,97960,97965,97961,5
1284,97972,97976,97974,4
1285,98021,98025,98023,4
1286,98043,98050,98047,7
1287,98111,98113,98112,2
1288,98221,98227,98222,6
1289,98293,98296,98295,3
1290,98352,98356,98354,4
1291,98498,98501,98499,3
1292,98573,98575,98574,2
1293,98640,98644,98641,4
1294,98657,98663,98659,6
1295,98721,98726,98723,5
1296,98844,98847,98845,3
1297,98888,98891,98889,3
1298,99081,99083,99082,2
1299,99122,99124,99122,2
1300,99205,99207,99205,2
1301,99234,99239,99235,5
1302,99327,99330,99329,3
1303,99412,99414,99413,2
1304,99470,99472,99470,2
1305,99479,99486,99481,7
1306,99491,99496,99494,5
1307,99595,99597,99595,2
1308,99620,99626,99623,6
1309,99672,99676,99673,4
1310,99710,99714,99711,4
1311,99763,99766,99764,3
1312,99804,99809,99806,5
1313,99876,99878,99876,2
1314,99940,99944,99941,4
1315,100057,100061,100059,4
1316,100104,100108,100105,4
1317,100113,100117,100115,4
1318,100160,100163,100161,3
1319,100212,100215,100213,3
1320,100253,100262,100257,9
1321,100298,100306,100302,8
1322,100339,100343,100341,4
1323,100379,100382,100380,3
1324,100455,100458,100456,3
1325,100514,100516,100515,2
1326,100542,100546,100543,4
1327,100594,100598,100595,4
1328,100646,100648,100646,2
1329,100684,100686,100685,2
1330,100724,100728,100725,4
1331,100765,100770,100767,5
1332,100779,100783,100781,4
1333,100834,100837,100835,3
1334,100869,100873,100871,4
1335,100917,100920,100918,3
1336,100976,100978,100977,2
1337,101008,101011,101009,3
1338,101053,101057,101053,4
1339,101093,101102,101094,9
1340,101152,101155,101153,3
1341,101192,101196,101193,4
1342,101239,101246,101241,7
1343,101286,101290,101287,4
1344,101312,101315,101314,3
1345,101352,101356,101354,4
1346,101388,101392,101390,4
1347,101483,101487,101484,4
1348,101542,101546,101543,4
1349,101563,101566,101564,3
1350,101641,101645,101642,4
1351,101664,101669,101665,5
1352,101712,101715,101713,3
1353,101731,101733,101732,2
1354,101767,101771,101767,4
1355,101821,101833,101824,12
1356,101853,101858,101855,5
1357,101994,101997,101994,3
1358,102192,102194,102193,2
1359,102250,102253,102252,3
1360,102353,102356,102354,3
1361,102427,102430,102427,3
1362,102482,102486,102485,4
1363,102511,102512,102511,1
1364,102720,102721,102720,1
1365,102780,102782,102781,2
1366,102849,102851,102850,2
1367,102866,102870,102868,4
1368,102943,102944,102943,1
1369,102961,102964,102962,3
1370,103060,103064,103061,4
1371,103104,103108,103105,4
1372,103185,103191,103188,6
1373,103210,103214,103211,4
1374,103266,103272,103269,6
1375,103320,103323,103321,3
1376,103357,103359,103357,2
1377,103385,103388,103386,3
1378,103437,103440,103438,3
1379,103465,103467,103465,2
1380,103554,103557,103556,3
1381,103753,103755,103753,2
1382,103801,103802,103801,1
1383,103936,103938,103937,2
1384,104093,104096,104093,3
1385,104131,104136,104132,5
1386,104279,104282,104281,3
1387,104300,104303,104301,3
1388,104400,104403,104400,3
1389,104558,104564,104558,6
1390,104619,104624,104623,5
1391,104716,104720,104716,4
1392,104847,104850,104848,3
1393,104980,104985,104983,5
1394,104992,104996,104995,4
1395,105060,105063,105060,3
1396,105075,105079,105077,4
1397,105144,105154,105147,10
1398,105212,105216,105214,4
1399,105248,105251,105248,3
1400,105286,105289,105287,3
1401,105400,105403,105401,3
1402,105469,105472,105470,3
1403,105505,105509,105506,4
1404,105556,105557,105556,1
1405,105602,105606,105605,4
1406,105638,105641,105639,3
1407,105676,105680,105678,4
1408,105724,105727,105725,3
1409,106062,106065,106063,3
1410,106090,106094,106092,4
1411,106154,106158,106156,4
1412,106208,106209,106208,1
1413,106235,106238,106237,3
1414,106294,106297,106295,3
1415,106338,106341,106339,3
1416,106409,106414,106410,5
1417,106616,106621,106617,5
1418,106694,106698,106695,4
1419,106738,106742,106740,4
1420,106781,106785,106784,4
1421,106869,106873,106870,4
1422,106933,106937,106934,4
1423,106992,106996,106995,4
1424,107100,107107,107101,7
1425,107143,107146,107145,3
1426,107283,107289,107284,6
1427,107315,107322,107317,7
1428,107443,107448,107445,5
1429,107592,107596,107593,4
1430,107636,107640,107637,4
1431,107699,107702,107700,3
1432,107934,107938,107936,4
1433,108001,108005,108004,4
1434,108022,108026,108024,4
1435,108081,108085,108082,4
1436,108205,108208,108206,3
1437,108224,108228,108225,4
1438,108238,108240,108239,2
1439,108296,108299,108297,3
1440,108305,108308,108306,3
1441,108316,108318,108317,2
1442,108371,108375,108372,4
1443,108396,108399,108397,3
1444,108513,108516,108514,3
1445,108527,108530,108528,3
1446,108569,108571,108569,2
1447,108613,108617,108616,4
1448,108656,108660,108659,4
1449,108703,108705,108703,2
1450,108743,108744,108743,1
1451,108840,108843,108841,3
1452,108918,108921,108920,3
1453,108981,108985,108984,4
1454,109018,109022,109021,4
1455,109033,109037,109036,4
1456,109110,109112,109111,2
1457,109214,109217,109215,3
1458,109224,109227,109224,3
1459,109330,109333,109331,3
1460,109381,109384,109382,3
1461,109460,109464,109462,4
1462,109514,109519,109515,5
1463,109582,109586,109584,4
1464,109638,109642,109638,4
1465,109685,109688,109685,3
1466,109734,109738,109737,4
1467,109830,109833,109831,3
1468,109883,109886,109884,3
1469,109897,109900,109898,3
1470,110021,110024,110021,3
1471,110084,110089,110085,5
1472,110131,110134,110132,3
1473,110188,110191,110189,3
1474,110219,110222,110219,3
1475,110234,110236,110235,2
1476,110290,110294,110293,4
1477,110336,110339,110337,3
1478,110420,110423,110421,3
1479,110445,110449,110447,4
1480,110492,110496,110493,4
1481,110544,110547,110546,3
1482,110569,110574,110570,5
1483,110605,110611,110607,6
1484,110615,110619,110617,4
1485,110651,110654,110653,3
1486,110674,110681,110677,7
1487,110691,110693,110691,2
1488,110737,110740,110738,3
1489,110775,110779,110775,4
1490,110849,110853,110851,4
1491,110877,110880,110877,3
1492,110998,111001,110998,3
1493,111006,111011,111008,5
1494,111033,111036,111034,3
1495,111078,111082,111079,4
1496,111127,111129,111127,2
1497,111206,111210,111208,4
1498,111319,111321,111320,2
1499,111435,111439,111437,4
1500,111511,111514,111512,3
1501,111574,111576,111575,2
1502,111644,111646,111645,2
1503,111670,111673,111672,3
1504,111689,111694,111690,5
1505,111785,111787,111786,2
1506,111859,111862,111860,3
1507,111921,111924,111922,3
1508,112003,112007,112006,4
1509,112189,112193,112191,4
1510,112341,112343,112342,2
1511,112357,112359,112358,2
1512,112406,112408,112407,2
1513,112675,112678,112676,3
1514,112684,112691,112686,7
1515,112764,112765,112764,1
1516,112785,112791,112789,6
1517,112837,112839,112838,2
1518,112889,112891,112889,2
1519,112915,112917,112916,2
1520,113033,113034,113033,1
1521,113058,113062,113061,4
1522,113142,113147,113144,5
1523,113195,113196,113195,1
1524,113223,113225,113224,2
1525,113255,113260,113256,5
1526,113306,113310,113309,4
1527,113375,113380,113376,5
1528,113442,113445,113444,3
1529,113482,113485,113483,3
1530,113572,113574,113573,2
1531,113627,113629,113628,2
1532,113640,113643,113641,3
1533,113681,113684,113682,3
1534,113734,113742,113736,8
1535,113757,113761,113758,4
1536,113784,113788,113785,4
1537,113872,113875,113873,3
1538,113913,113917,113914,4
1539,114089,114091,114089,2
1540,114100,114102,114100,2
1541,114156,114158,114157,2
1542,114216,114220,114217,4
1543,114314,114319,114315,5
1544,114412,114415,114414,3
1545,114520,114522,114521,2
1546,114565,114569,114567,4
1547,114692,114694,114693,2
1548,114735,114737,114736,2
1549,114825,114830,114826,5
1550,114901,114902,114901,1
1551,114944,114948,114945,4
1552,114973,114977,114974,4
1553,115032,115035,115034,3
1554,115136,115138,115136,2
1555,115146,115150,115149,4
1556,115190,115193,115192,3
1557,115291,115298,115295,7
1558,115416,115419,115418,3
1559,115478,115480,115479,2
1560,115715,115719,115716,4
1561,115900,115903,115901,3
1562,115960,115962,115961,2
1563,115988,115994,115991,6
1564,116004,116006,116005,2
1565,116017,116018,116017,1
1566,116042,116046,116043,4
1567,116089,116092,116090,3
1568,116180,116182,116181,2
1569,116272,116275,116273,3
1570,116370,116373,116371,3
1571,116401,116405,116402,4
1572,116427,116430,116429,3
1573,116521,116525,116524,4
1574,116549,116552,116551,3
1575,116567,116571,116569,4
1576,116676,116679,116677,3
1577,116777,116783,116778,6
1578,116797,116801,116797,4
1579,116903,116907,116905,4
1580,117006,117010,117008,4
1581,117068,117071,117070,3
1582,117193,117198,117194,5
1583,117240,117245,117241,5
1584,117276,117279,117278,3
1585,117318,117322,117320,4
1586,117416,117421,117419,5
1587,117498,117502,117500,4
1588,117594,117596,117594,2
1589,117881,117884,117882,3
1590,118001,118003,118002,2
1591,118037,118041,118039,4
1592,118104,118105,118104,1
1593,118154,118155,118154,1
1594,118202,118205,118204,3
1595,118261,118264,118261,3
1596,118364,118370,118365,6
1597,118414,118416,118415,2
1598,118485,118489,118488,4
1599,118613,118615,118614,2
1600,118712,118714,118713,2
1601,118723,118727,118724,4
1602,118787,118791,118788,4
1603,118869,118871,118869,2
1604,119057,119061,119058,4
1605,119243,119247,119244,4
1606,119326,119330,119327,4
1607,119358,119363,119359,5
1608,119427,119429,119428,2
1609,119470,119474,119472,4
1610,119579,119581,119580,2
1611,119955,119958,119956,3
1612,120268,120270,120269,2
1613,120293,120299,120297,6
1614,120328,120332,120330,4
1615,120414,120417,120414,3
1616,120551,120558,120552,7
1617,120691,120696,120693,5
1618,120755,120758,120756,3
1619,120844,120847,120845,3
1620,120947,120950,120948,3
1621,121011,121014,121011,3
1622,121529,121532,121530,3
1623,121588,121590,121589,2
1624,121626,121630,121629,4
1625,121657,121661,121657,4
1626,121822,121823,121822,1
1627,121912,121922,121914,10
1628,121968,121971,121969,3
1629,122025,122027,122026,2
1630,122079,122083,122080,4
1631,122130,122137,122131,7
1632,122184,122187,122185,3
1633,122196,122200,122197,4
1634,122369,122371,122370,2
1635,122435,122439,122435,4
1636,122447,122453,122449,6
1637,122502,122507,122503,5
1638,122530,122535,122531,5
1639,122673,122677,122675,4
1640,122817,122822,122819,5
1641,122827,122832,122828,5
1642,122979,122981,122980,2
1643,122999,123003,123000,4
1644,123025,123032,123028,7
1645,123093,123097,123096,4
1646,123126,123129,123128,3
1647,123187,123191,123189,4
1648,123197,123202,123198,5
1649,123256,123260,123258,4
1650,123310,123313,123310,3
1651,123341,123346,123343,5
