FN,EAR_L,EAR_R,EAR,P1,P2,P3,P4,P5,P6,TIMESTAMP
1,0.23523455661440795,0.3420623622960397,0.2886484594552238,[0.46740592 0.31606406],[0.48278043 0.30635884],[0.50121218 0.30471489],[0.51597357 0.30675107],[0.49773568 0.31608075],[0.48047632 0.31750336],1663671812667
2,0.20640027238773162,0.29081826907423636,0.248609270730984,[0.48513386 0.30859685],[0.50343323 0.30192372],[0.52350146 0.30181807],[0.53876966 0.30430916],[0.51825643 0.31214252],[0.49943933 0.31177616],1663671812702
3,0.2502300858175377,0.29109699003494494,0.2706635379262413,[0.4936496  0.31357235],[0.51049602 0.30516756],[0.52898818 0.30556977],[0.5440625  0.30969787],[0.52440077 0.31756523],[0.50703782 0.31713942],1663671812728
4,0.24020921213851038,0.26731300592505536,0.25376110903178284,[0.50244915 0.31991029],[0.52276212 0.31223208],[0.54330719 0.31304121],[0.55810243 0.31719682],[0.5370428  0.32529891],[0.51754427 0.32414219],1663671812757
5,0.2559270073119639,0.2518358466882315,0.2538814270000977,[0.50372171 0.32584712],[0.52428758 0.31871358],[0.54470134 0.32028401],[0.55930465 0.32541305],[0.53814334 0.33337462],[0.51863706 0.33131444],1663671812787
6,0.23360381101351368,0.27969612167984104,0.25664996634667736,[0.49242967 0.3272433 ],[0.51224822 0.31976324],[0.53228462 0.32109857],[0.54750633 0.32559496],[0.5258978  0.33262053],[0.5068748  0.33112687],1663671812809
7,0.23358414369914948,0.23719831183500306,0.23539122776707627,[0.47605264 0.32149523],[0.49645656 0.31385499],[0.51757622 0.31536126],[0.53340971 0.32016307],[0.51051486 0.3272649 ],[0.49076936 0.32550284],1663671812834
8,0.2081144837753362,0.3313552798509022,0.2697348818131192,[0.46595386 0.32302856],[0.4837957 0.3158972],[0.50350541 0.31574813],[0.51966959 0.31861266],[0.49832875 0.32620698],[0.47990197 0.32593185],1663671812859
9,0.22039876702994893,0.30239073787549714,0.26139475245272303,[0.46307263 0.32029474],[0.48089454 0.31256428],[0.50000167 0.31199309],[0.51546514 0.3147231 ],[0.49583006 0.32320169],[0.47761798 0.32334223],1663671812887
10,0.2267374681274154,0.328346811284304,0.2775421397058597,[0.46365881 0.31749243],[0.48150298 0.30916554],[0.50074434 0.30830586],[0.51607686 0.31125373],[0.49690256 0.31991875],[0.47865346 0.3205196 ],1663671812911
11,0.20108236354725137,0.32445936677260556,0.2627708651599285,[0.4637959  0.31898132],[0.48124731 0.31231141],[0.50038183 0.31155378],[0.51573783 0.31359041],[0.49673578 0.32172209],[0.47863623 0.3221707 ],1663671812937
12,0.18086222323082007,0.31925971615303417,0.25006096969192715,[0.46362421 0.32078773],[0.48258442 0.31469074],[0.50293118 0.31347612],[0.5186196 0.3145802],[0.49844331 0.32296458],[0.47912255 0.32356244],1663671812958
13,0.21690587237173545,0.3101838996100218,0.2635448859908786,[0.4686361  0.32587165],[0.48810324 0.31782085],[0.50818986 0.31649625],[0.52385002 0.31872126],[0.50398594 0.32826826],[0.4845866  0.32892987],1663671812980
14,0.21806558276303717,0.28678905117338394,0.2524273169682105,[0.48970592 0.324294  ],[0.50920647 0.31734744],[0.52931273 0.31651455],[0.54473758 0.31927335],[0.52525884 0.32837045],[0.50566947 0.32836446],1663671813002
15,0.1953527611905055,0.2729317546839874,0.23414225793724644,[0.49344173 0.31310496],[0.51285499 0.30842033],[0.53288537 0.30897039],[0.54809964 0.3115038 ],[0.52778578 0.31883129],[0.50855839 0.31774044],1663671813026
16,0.2059057499124356,0.2875656140573194,0.2467356819848775,[0.48896518 0.30939814],[0.50819492 0.30401373],[0.52818668 0.30499208],[0.5433287  0.30837941],[0.52270132 0.31528902],[0.50388438 0.31383389],1663671813048
17,0.22770997169164206,0.2870657867552969,0.2573878792234695,[0.48392862 0.31135646],[0.50188738 0.30486384],[0.52034944 0.30545104],[0.5356645  0.30955562],[0.51599973 0.31677347],[0.49820462 0.31570184],1663671813068
18,0.20148084163260946,0.2779038288884165,0.23969233526051298,[0.47711334 0.31185135],[0.49466917 0.30652037],[0.51311356 0.3065486 ],[0.52863324 0.30933186],[0.50924492 0.31660154],[0.49150282 0.31602031],1663671813095
19,0.18674287416308163,0.24812587453275872,0.21743437434792018,[0.47491559 0.31000501],[0.49272609 0.3045415 ],[0.51194251 0.30440888],[0.52755612 0.30663851],[0.50829399 0.31381682],[0.48994377 0.31373993],1663671813122
20,0.21918814898987685,0.2447882461820655,0.23198819758597117,[0.47849959 0.30804002],[0.49575612 0.30114478],[0.5138104 0.3007825],[0.52885866 0.30389401],[0.50993055 0.31143641],[0.49250433 0.31145674],1663671813146
21,0.1815076906597751,0.3002269030977974,0.24086729687878627,[0.48324451 0.30688104],[0.49967915 0.30192095],[0.51872855 0.30202895],[0.53446221 0.30364078],[0.51455313 0.31068811],[0.49692509 0.31050676],1663671813171
22,0.20571278208155863,0.27628931269496354,0.24100104738826109,[0.48799369 0.30455524],[0.50594145 0.29883024],[0.52527124 0.29918912],[0.54048854 0.30194214],[0.52017641 0.30913657],[0.50192976 0.30847758],1663671813193
23,0.21483414836849477,0.2268940335735795,0.22086409097103715,[0.4877497  0.30162555],[0.50431389 0.29536593],[0.5219658  0.29530531],[0.5371238 0.2984978],[0.51803762 0.30545652],[0.50103384 0.30520591],1663671813218
24,0.22692507618029634,0.2296955990034879,0.22831033759189212,[0.48787108 0.29742616],[0.50342178 0.29046082],[0.52054238 0.29048032],[0.53563023 0.29393366],[0.51709974 0.30090201],[0.50079793 0.30089372],1663671813243
25,0.2525775114002022,0.2575155601655332,0.2550465357828677,[0.4890112  0.28686857],[0.50347048 0.27921888],[0.52049869 0.2796405 ],[0.53545207 0.28363293],[0.51672554 0.2909508 ],[0.50097972 0.2905418 ],1663671813268
26,0.2556650808975228,0.23642607599662557,0.2460455784470742,[0.49852419 0.27492845],[0.51091981 0.26782879],[0.52698284 0.26844102],[0.54192019 0.27225867],[0.52279699 0.27885839],[0.50866944 0.27860099],1663671813289
27,0.2892785857782708,0.30462285674017925,0.29695072125922506,[0.51193839 0.27175415],[0.52568954 0.26268676],[0.54231519 0.26352537],[0.55780369 0.26965603],[0.5383606  0.27622712],[0.52312803 0.27569732],1663671813309
28,0.2826377949670162,0.3313139112920245,0.30697585312952036,[0.52817178 0.27532735],[0.54282337 0.26860511],[0.55938965 0.27055472],[0.5735836  0.27701849],[0.55293632 0.2821905 ],[0.53777474 0.27991161],1663671813336
29,0.2498578637471851,0.31344753100648914,0.2816526973768371,[0.53468037 0.28129628],[0.54838991 0.27622616],[0.56393081 0.27882701],[0.57834697 0.28528461],[0.55861986 0.28873211],[0.54415292 0.28602171],1663671813369
30,0.15936494037610402,0.3075000387005493,0.23343248953832668,[0.52943391 0.29363161],[0.54439288 0.29205918],[0.56036705 0.29490501],[0.57559031 0.30058694],[0.55662328 0.30159682],[0.54083097 0.29832751],1663671813392
31,0.09647880767980002,0.2445021440142284,0.1704904758470142,[0.52060479 0.29872066],[0.53568667 0.30128083],[0.55272365 0.3051137 ],[0.56882524 0.30922893],[0.54858547 0.30820027],[0.53194684 0.30352283],1663671813418
32,0.13168978903159603,0.23244535889702403,0.18206757396431003,[0.51225799 0.29780862],[0.52690518 0.29818872],[0.54349917 0.30189866],[0.55883998 0.306692  ],[0.53848237 0.30636755],[0.52269918 0.30214056],1663671813441
33,0.22242943289714742,0.25200929688661683,0.2372193648918821,[0.51103014 0.29089305],[0.52721316 0.2865268 ],[0.5445689  0.29013202],[0.55905604 0.2976279 ],[0.53813612 0.29921889],[0.522246   0.29570994],1663671813464
34,0.25667860776750123,0.25665313579316446,0.25666587178033284,[0.51214951 0.28380215],[0.52864134 0.27756509],[0.5467189  0.28053558],[0.56139988 0.28771523],[0.54020208 0.29167318],[0.52376866 0.28903133],1663671813487
35,0.20392136322669505,0.22401297854627392,0.21396717088648448,[0.51255584 0.28709039],[0.52563137 0.28328782],[0.54138952 0.28586501],[0.55680031 0.29163131],[0.53697371 0.2940934 ],[0.52227402 0.29142347],1663671813512
36,0.23121807927643612,0.2404519522779892,0.23583501577721266,[0.51033926 0.28531492],[0.52568388 0.2806071 ],[0.54268503 0.28327256],[0.55772549 0.28964627],[0.53712517 0.2930887 ],[0.52132595 0.29040474],1663671813537
37,0.24103356334914677,0.2420285928928034,0.24153107812097507,[0.50076056 0.28251535],[0.51773423 0.27725226],[0.53556067 0.28020918],[0.55067837 0.28723502],[0.52941406 0.29092497],[0.51266074 0.28792533],1663671813559
38,0.19255636271333584,0.3444049413661919,0.26848065203976385,[0.47970214 0.28880754],[0.49577907 0.28365344],[0.51481831 0.2858777 ],[0.53119504 0.29182166],[0.50941986 0.29463741],[0.4922649  0.29256016],1663671813579
39,0.2136184960429905,0.24789824733850158,0.23075837169074603,[0.46922523 0.29106781],[0.48441029 0.28465879],[0.50246555 0.28563344],[0.51823497 0.28956208],[0.49832374 0.29533812],[0.48202038 0.29477748],1663671813601
40,0.2270696044673251,0.22075610158487435,0.22391285302609973,[0.46439588 0.29593059],[0.48164821 0.28805614],[0.49998486 0.28829598],[0.51543975 0.29260102],[0.49569234 0.29920176],[0.47823963 0.29905   ],1663671813624
41,0.22079489789331905,0.23007680927460863,0.22543585358396384,[0.4642517  0.29681122],[0.48361725 0.28911293],[0.50364518 0.28909838],[0.51957077 0.29305971],[0.49992785 0.30078185],[0.48045707 0.30092123],1663671813644
42,0.22878537240057925,0.22578198471823238,0.22728367855940582,[0.46037212 0.29724479],[0.47773188 0.28906202],[0.49634627 0.28847569],[0.51243025 0.2923277 ],[0.49357942 0.30015653],[0.4754701  0.30076775],1663671813666
43,0.2384848540162133,0.22772019499512156,0.23310252450566743,[0.46207988 0.2925317 ],[0.48010269 0.28227779],[0.49936569 0.28125834],[0.51567674 0.28535789],[0.49721581 0.29373026],[0.47834587 0.29529598],1663671813687
44,0.20745329699896203,0.2711557619440641,0.23930452947151307,[0.46931261 0.28419271],[0.4874185  0.27604058],[0.5066244  0.27488822],[0.52256018 0.27786401],[0.50444293 0.28570527],[0.48558882 0.28710374],1663671813710
45,0.18658628057010881,0.23980531746975733,0.21319579901993307,[0.47345442 0.27759492],[0.49235052 0.27076378],[0.51283169 0.27011746],[0.52955729 0.27271745],[0.5099529  0.28028023],[0.49009207 0.28096926],1663671813731
46,0.20642933998086674,0.2657014276416706,0.23606538381126868,[0.46921015 0.28213298],[0.48838493 0.27397633],[0.50849962 0.27302408],[0.52421778 0.2762247 ],[0.50547832 0.28400999],[0.48580083 0.28512806],1663671813751
47,0.22322506633452438,0.25933123365528066,0.24127814999490252,[0.46315295 0.28981194],[0.48327118 0.28061071],[0.50393635 0.27987272],[0.5203504 0.2840625],[0.50067979 0.29216588],[0.48041874 0.29323989],1663671813769
48,0.20786461837748788,0.3377816244919788,0.2728231214347333,[0.45614895 0.3004263 ],[0.47641236 0.29081047],[0.49706927 0.28888965],[0.51370746 0.29254079],[0.49507111 0.30073726],[0.47439969 0.30277976],1663671813789
49,0.21524431739734087,0.38016651381042676,0.2977054156038838,[0.45766303 0.307648  ],[0.47745794 0.29822817],[0.49825051 0.29711801],[0.51380587 0.30077976],[0.49617001 0.30888885],[0.47586399 0.31052101],1663671813809
50,0.19716132723084726,0.4367625247418809,0.3169619259863641,[0.45222083 0.31173253],[0.47314405 0.30349278],[0.49452078 0.30323747],[0.51048875 0.30735388],[0.49121639 0.31409678],[0.47026494 0.31482291],1663671813828
51,0.19603479485521239,0.4093529004510676,0.30269384765314,[0.45307142 0.31438127],[0.4749561  0.30772936],[0.49622062 0.30856448],[0.51155484 0.3131634 ],[0.49132392 0.31892145],[0.47060791 0.31835225],1663671813847
52,0.20734687962039444,0.47925421410566604,0.34330054686303024,[0.45775491 0.31706068],[0.47818151 0.31078312],[0.49852619 0.31162912],[0.51418406 0.31661043],[0.4932842  0.32230416],[0.47332579 0.32121754],1663671813868
53,0.22229830948985638,0.41008377446364286,0.31619104197674963,[0.45813814 0.31790036],[0.47563106 0.31274393],[0.4931559  0.31396937],[0.50827211 0.31876773],[0.48918265 0.3244192 ],[0.47144216 0.32303727],1663671813888
54,0.22902654535789085,0.4997925830786137,0.36440956421825227,[0.45582232 0.31135419],[0.47374192 0.30549139],[0.49175042 0.30648875],[0.50672358 0.31066361],[0.48705199 0.31725773],[0.46920535 0.31613308],1663671813911
55,0.2165180752745774,0.3246089684251498,0.2705635218498636,[0.45643947 0.31241953],[0.4748055  0.30621278],[0.49306953 0.30685583],[0.50829291 0.31102455],[0.48955807 0.31757703],[0.47149798 0.31689331],1663671813932
56,0.17323088419293886,0.27299436251466985,0.22311262335380436,[0.46217775 0.31286108],[0.48006889 0.30762741],[0.49960536 0.30727428],[0.51620454 0.30944517],[0.49659443 0.31637347],[0.47759888 0.31645972],1663671813956
57,0.22320934585474575,0.32019619087326684,0.2717027683640063,[0.46034256 0.31163159],[0.47739953 0.30420989],[0.49620229 0.30403161],[0.51270127 0.3074345 ],[0.49277163 0.31542349],[0.4746241  0.31542316],1663671813978
58,0.18929305442901093,0.3401649961267589,0.2647290252778849,[0.46095753 0.31124669],[0.47826079 0.30471358],[0.49712655 0.30402568],[0.51366657 0.30657077],[0.49406767 0.31385508],[0.47578204 0.31413177],1663671814002
59,0.20259633181698214,0.3393609497163227,0.2709786407666524,[0.47938177 0.31571254],[0.49826664 0.30815768],[0.5180968  0.30722237],[0.53461528 0.31002563],[0.51484686 0.31823522],[0.49532637 0.31877419],1663671814025
60,0.20740847646945493,0.32481574416238634,0.26611211031592064,[0.48510891 0.3143051 ],[0.50536269 0.30648181],[0.52631217 0.30562222],[0.54343969 0.30893335],[0.52240574 0.31752744],[0.5016554 0.3176519],1663671814049
61,0.20697854403988278,0.2538464122729602,0.23041247815642146,[0.48744297 0.31399691],[0.50801802 0.30733609],[0.52853119 0.30744725],[0.54495329 0.31105587],[0.5236463  0.31869462],[0.50334686 0.3179273 ],1663671814070
62,0.21238679316068468,0.2753496294587052,0.24386821130969494,[0.48431015 0.31392059],[0.50532639 0.30716142],[0.52610964 0.30778313],[0.54212034 0.31198242],[0.52159524 0.31950098],[0.50108814 0.31840158],1663671814091
63,0.2093045385649845,0.2702118449260045,0.23975819174549448,[0.4815765  0.31629309],[0.50229168 0.30934992],[0.52282423 0.30966356],[0.53870255 0.31369278],[0.51856542 0.32109773],[0.49824196 0.32036582],1663671814111
64,0.22316691856350754,0.2808141851200781,0.2519905518417928,[0.47676095 0.3181234 ],[0.49568897 0.31079212],[0.51534873 0.31142491],[0.53123856 0.31565973],[0.51083773 0.32291543],[0.49171719 0.32211128],1663671814132
65,0.21193355838124678,0.30061808219058617,0.25627582028591644,[0.47021171 0.31709558],[0.4895426  0.30989841],[0.50962234 0.31000742],[0.5256393  0.31362841],[0.50560361 0.32129312],[0.48593849 0.3208822 ],1663671814154
66,0.21801312613817334,0.2963257199834255,0.25716942306079943,[0.4663952  0.31733066],[0.48523495 0.30989492],[0.50487852 0.30990195],[0.52027732 0.31347722],[0.50079972 0.32118511],[0.48179615 0.32092768],1663671814176
67,0.21381183224774827,0.2761091510918399,0.2449604916697941,[0.46743649 0.32162344],[0.48614773 0.3145259 ],[0.5055989  0.31378925],[0.52125061 0.31647474],[0.50136977 0.32495528],[0.48253942 0.32510462],1663671814195
68,0.22276038155212846,0.2674104132031596,0.24508539737764404,[0.46488109 0.32139364],[0.48230532 0.3134163 ],[0.50112337 0.31281614],[0.51690274 0.31556311],[0.49717626 0.32402313],[0.47909048 0.32439539],1663671814215
69,0.21105386894608053,0.2962244986586045,0.2536391838023425,[0.46046877 0.31831849],[0.47881016 0.31022081],[0.49803713 0.30910766],[0.51392561 0.31157434],[0.49495763 0.32020256],[0.47605294 0.32110611],1663671814237
70,0.2168385762355977,0.2680905157027917,0.2424645459691947,[0.45628339 0.31693751],[0.47366059 0.30921629],[0.49221462 0.3077198 ],[0.50810009 0.30977291],[0.48917603 0.31899875],[0.47107968 0.31991377],1663671814260
71,0.22298093755005483,0.27385522965751036,0.2484180836037826,[0.45267147 0.31666768],[0.47081396 0.3085016 ],[0.49017644 0.30702105],[0.50620753 0.30945164],[0.48723209 0.31906348],[0.46833685 0.31993002],1663671814280
72,0.2163659757976187,0.2742757923296211,0.2453208840636199,[0.45165038 0.31777179],[0.46970883 0.3090106 ],[0.48909295 0.30687889],[0.50590259 0.30910116],[0.4871414  0.31883046],[0.46794644 0.32054144],1663671814304
73,0.21480238778357735,0.30902209712073053,0.26191224245215394,[0.45506847 0.31558898],[0.47247496 0.30710161],[0.49147326 0.30493185],[0.50793666 0.30696389],[0.48972166 0.31652743],[0.47105068 0.31829694],1663671814327
74,0.2215234929162968,0.29525733431549867,0.25839041361589776,[0.45769182 0.31433809],[0.47517046 0.30563509],[0.49434474 0.30343184],[0.5109663  0.30579451],[0.4927752  0.31554613],[0.47386023 0.31725058],1663671814350
75,0.21455739750455616,0.2747610993672944,0.2446592484359253,[0.46150988 0.31257471],[0.47861117 0.30456215],[0.49714476 0.30294579],[0.51324922 0.30513406],[0.49452558 0.31414098],[0.47642282 0.31527394],1663671814373
76,0.21634230581392977,0.28607563047166445,0.25120896814279714,[0.46375489 0.31132174],[0.48135582 0.30271757],[0.50033313 0.30072299],[0.51677257 0.30310017],[0.49890131 0.31239712],[0.48007753 0.31409851],1663671814395
77,0.211439546791872,0.32285311483422735,0.26714633081304967,[0.46235344 0.31199777],[0.48081833 0.30391014],[0.50031537 0.30269241],[0.51655078 0.30560288],[0.49743763 0.31408152],[0.47832346 0.31496292],1663671814418
78,0.21426186050954535,0.2733699820215701,0.24381592126555773,[0.46268779 0.31059176],[0.48055783 0.30265215],[0.49967659 0.30135268],[0.51625538 0.30408412],[0.49712133 0.31287736],[0.47817871 0.3137185 ],1663671814438
79,0.21790988313237963,0.3469125287416673,0.28241120593702346,[0.46246403 0.31106743],[0.48149732 0.30224878],[0.50140917 0.30086097],[0.51783705 0.30376917],[0.49858415 0.31286055],[0.478975   0.31399474],1663671814461
80,0.22682229288990496,0.29526156092547057,0.2610419269076878,[0.46499521 0.31210774],[0.48424095 0.30289206],[0.5045827  0.30157188],[0.52120095 0.30460474],[0.50129092 0.31424642],[0.48134831 0.31518489],1663671814482
81,0.2134498674836909,0.30895852303258925,0.2612041952581401,[0.4667621  0.31035033],[0.48582155 0.30200708],[0.5060389  0.30063483],[0.52272385 0.30343249],[0.50292307 0.31254482],[0.48302782 0.31343153],1663671814503
82,0.21358491283301453,0.279184255190782,0.24638458401189828,[0.46361956 0.31259605],[0.48194996 0.30431205],[0.50118214 0.30312574],[0.51756632 0.30608091],[0.49836093 0.31461132],[0.47933233 0.31539193],1663671814528
83,0.20564928738508456,0.28461215056211053,0.24513071897359756,[0.46060294 0.31500053],[0.47848114 0.30674493],[0.49770662 0.30523029],[0.51410615 0.30797467],[0.49551752 0.31630698],[0.47649637 0.31746656],1663671814550
84,0.2238371134650085,0.29052545077074,0.2571812821178743,[0.45793062 0.31543007],[0.47659367 0.30643255],[0.49649721 0.30476502],[0.51320964 0.30749479],[0.49397132 0.31721711],[0.47445193 0.31853953],1663671814576
85,0.20915472227585735,0.2616273005779727,0.23539101142691501,[0.45927674 0.31330398],[0.47726232 0.30477265],[0.49653399 0.30284888],[0.51288491 0.30484283],[0.49440664 0.31415281],[0.47533828 0.31580618],1663671814601
86,0.21309448827806643,0.2740415015474604,0.2435679949127634,[0.46157289 0.31297833],[0.47916576 0.30450144],[0.4981221  0.30234525],[0.5143581 0.3044323],[0.49649552 0.31384003],[0.47774434 0.31559083],1663671814625
87,0.21810300415132564,0.28127131152518087,0.24968715783825324,[0.46378347 0.3138698 ],[0.48031697 0.30532795],[0.49872938 0.30305767],[0.51544195 0.30518046],[0.49773791 0.31455463],[0.47953591 0.31661162],1663671814648
88,0.21345622121668276,0.27245135070774135,0.24295378596221207,[0.46723622 0.3116321 ],[0.48425874 0.30344376],[0.50293958 0.30133885],[0.51959699 0.30342728],[0.50117701 0.31274796],[0.48274636 0.31442186],1663671814671
89,0.22286534319237788,0.2789411258033524,0.2509032344978651,[0.46949002 0.30898279],[0.48663625 0.30077344],[0.50533628 0.29900631],[0.52160257 0.30137378],[0.50348473 0.31082183],[0.48508531 0.31218326],1663671814692
90,0.2144188171215965,0.25070695495718925,0.23256288603939287,[0.47007132 0.30830392],[0.48693079 0.30012286],[0.50550151 0.29810911],[0.52233136 0.30063355],[0.50403625 0.30956709],[0.48555702 0.31113741],1663671814710
91,0.21625171065666607,0.28335376302726356,0.2498027368419648,[0.46604687 0.30903941],[0.48349118 0.30074254],[0.50223994 0.29934722],[0.51870477 0.30213937],[0.50018281 0.31072965],[0.48167393 0.31199938],1663671814732
92,0.2171378285295278,0.30175842982197904,0.25944812917575344,[0.4642505  0.30921051],[0.48321164 0.30084831],[0.50294417 0.29923636],[0.51923078 0.30170238],[0.49989137 0.31118062],[0.48046437 0.31229317],1663671814752
93,0.21418853949618444,0.252053625776851,0.2331210826365177,[0.46290231 0.30926931],[0.48053542 0.30114353],[0.49944985 0.29942301],[0.51577038 0.3016178 ],[0.49728256 0.31089759],[0.4786405  0.31218812],1663671814772
94,0.21028379718652448,0.22603849173785212,0.21816114446218832,[0.46285895 0.30818337],[0.47989544 0.29979491],[0.49868643 0.29777047],[0.51561254 0.29993749],[0.49722859 0.30909958],[0.47851101 0.31074104],1663671814792
95,0.2000257691851424,0.2342838942263942,0.2171548317057683,[0.46259162 0.30370387],[0.48016858 0.29591441],[0.49896821 0.29394078],[0.51524103 0.2956979 ],[0.49729288 0.30468625],[0.47859198 0.30622387],1663671814813
96,0.21887444371034367,0.31357596592393255,0.26622520481713813,[0.46837664 0.30167517],[0.48659974 0.29251221],[0.50641245 0.29038671],[0.52322388 0.29258811],[0.50432587 0.30260757],[0.4847759  0.30431098],1663671814833
97,0.21236427475996117,0.24746472305377323,0.22991449890686722,[0.47406974 0.30290064],[0.49202764 0.29462975],[0.51146847 0.29287839],[0.52827531 0.29537097],[0.50964063 0.30452234],[0.49040565 0.30597153],1663671814852
98,0.21083556150820282,0.2470762414908432,0.228955901499523,[0.47912696 0.30380073],[0.49792463 0.29519385],[0.51774353 0.2930879 ],[0.53452855 0.29546264],[0.5158416 0.3049835],[0.49605933 0.30662027],1663671814873
99,0.2219343297088004,0.22660307197740137,0.22426870084310088,[0.47981542 0.305843  ],[0.49817416 0.29766381],[0.51729697 0.29596582],[0.53303504 0.29838419],[0.51522565 0.30786845],[0.49622226 0.30927274],1663671814895
100,0.21805189149399548,0.21806121418933344,0.21805655284166447,[0.47763592 0.30774125],[0.49565107 0.29925001],[0.51452148 0.2973763 ],[0.53111333 0.30003518],[0.5127058  0.30918372],[0.49365741 0.31069404],1663671814917
101,0.21255185673180937,0.25531001733442815,0.23393093703311876,[0.47633213 0.30943641],[0.49477628 0.30134487],[0.51350737 0.29972833],[0.52993864 0.30244359],[0.51165468 0.31117654],[0.49268079 0.3125346 ],1663671814943
102,0.21890073774187904,0.24014637763744623,0.22952355768966265,[0.47617722 0.30388206],[0.49445623 0.29550564],[0.51345956 0.29406312],[0.52986413 0.29698917],[0.51094711 0.30582166],[0.49192318 0.30690068],1663671814965
103,0.22650216058460593,0.29890500287484045,0.2627035817297232,[0.47458792 0.30322388],[0.49278817 0.2942681 ],[0.51188695 0.2926605 ],[0.5281685  0.29556414],[0.50951767 0.30489898],[0.49057811 0.30611706],1663671814989
104,0.23010095063788868,0.23303994412691925,0.23157044738240395,[0.47469115 0.30716404],[0.49308637 0.29882118],[0.51199079 0.29748842],[0.52823985 0.30058736],[0.50962228 0.30989027],[0.49075279 0.31079835],1663671815012
105,0.24395267103176665,0.2317499442937921,0.23785130766277937,[0.47578967 0.31154922],[0.49366641 0.30264267],[0.51261598 0.3011761 ],[0.52896339 0.30423924],[0.51087147 0.31430826],[0.4918949  0.31546107],1663671815036
106,0.2264927620000642,0.2302591676133732,0.2283759648067187,[0.47611219 0.31600335],[0.49494261 0.30652675],[0.51481593 0.30455822],[0.5328213  0.30775037],[0.51360065 0.31771907],[0.49331617 0.31916469],1663671815056
107,0.2153279345768795,0.2710797138303069,0.24320382420359318,[0.48279843 0.32418302],[0.50185359 0.31636664],[0.52187085 0.31504893],[0.53890038 0.31778717],[0.5188117  0.32724068],[0.49874654 0.32769576],1663671815079
108,0.21826281000151443,0.2717988871955978,0.24503084859855612,[0.48485085 0.3224507 ],[0.50402826 0.31445712],[0.52438891 0.31304455],[0.54141712 0.31563053],[0.52093118 0.32550293],[0.50068402 0.32592145],1663671815100
109,0.22329335239026216,0.28590005982565275,0.2545967061079575,[0.48810893 0.31961921],[0.508232   0.31097057],[0.52916467 0.30956346],[0.54556394 0.31250864],[0.52537715 0.32233787],[0.50468683 0.32298893],1663671815119
110,0.22183088230404185,0.3021834346045316,0.26200715845428674,[0.49182075 0.3186222 ],[0.51183695 0.31096274],[0.53230935 0.31013915],[0.54810631 0.31293297],[0.52894944 0.32259187],[0.50861961 0.32273185],1663671815138
111,0.23275448364836213,0.21275250075959143,0.22275349220397678,[0.49548557 0.3197684 ],[0.51483709 0.31256089],[0.53453952 0.31212109],[0.55086869 0.31557015],[0.53090942 0.32489833],[0.51124972 0.32461062],1663671815158
112,0.21924076725356376,0.27712220441781643,0.2481814858356901,[0.49290714 0.31591496],[0.51351124 0.30784565],[0.53437114 0.30737266],[0.55088741 0.3114163 ],[0.53022426 0.3197678 ],[0.50944096 0.31958956],1663671815178
113,0.21402539622624606,0.24268227736814693,0.2283538367971965,[0.49214849 0.31318644],[0.51238483 0.30664736],[0.53299683 0.30680326],[0.54898107 0.31045538],[0.52916062 0.3187249 ],[0.50892347 0.31796136],1663671815197
114,0.23617820321587174,0.2513003192704488,0.24373926124316028,[0.49725565 0.31205085],[0.51723588 0.30468303],[0.53767329 0.30480981],[0.55349725 0.30878818],[0.53355891 0.31786495],[0.51347584 0.31704652],1663671815216
115,0.22017921531880272,0.21928687001440905,0.21973304266660587,[0.49902007 0.31203449],[0.51919681 0.30485925],[0.53983641 0.30467266],[0.55617708 0.30843884],[0.53591013 0.31701037],[0.51563329 0.31660241],1663671815237
116,0.20778273866308694,0.25836632711402935,0.23307453288855814,[0.49800026 0.31581819],[0.51891208 0.3098124 ],[0.53973502 0.31005809],[0.55568701 0.31382993],[0.5355342  0.32170343],[0.51506633 0.32076377],1663671815258
117,0.21268218623599142,0.24992203036265553,0.23130210829932346,[0.49539781 0.31879914],[0.51458251 0.31344506],[0.53448039 0.31424713],[0.55004096 0.3177045 ],[0.53023183 0.32547709],[0.51102245 0.32410759],1663671815278
118,0.21112314417897607,0.2647518484209717,0.2379374962999739,[0.49253175 0.31649831],[0.5112201  0.31027484],[0.53113502 0.31047958],[0.5469135  0.31364834],[0.52683705 0.32156417],[0.50779212 0.32083786],1663671815297
119,0.20774732608881916,0.238177316792021,0.22296232144042008,[0.48976421 0.31233728],[0.5092445  0.30638471],[0.5296436  0.30696398],[0.54535198 0.31031343],[0.5249241  0.31790257],[0.50533891 0.31688002],1663671815319
120,0.17444618317677882,0.2650081447443584,0.21972716396056863,[0.49018016 0.31172907],[0.50942516 0.30747864],[0.52972716 0.30789229],[0.54571664 0.31013402],[0.52503484 0.31685823],[0.50554675 0.31589243],1663671815343
121,0.20134743457336585,0.2373691089372578,0.2193582717553118,[0.49017844 0.30985081],[0.50955611 0.30394506],[0.52956235 0.30462217],[0.5451898  0.30831227],[0.52456588 0.31489992],[0.50535864 0.31382385],1663671815361
122,0.19806530815474385,0.23815458789997146,0.21810994802735767,[0.48939207 0.30724946],[0.50923151 0.30174878],[0.52943909 0.3024939 ],[0.54497683 0.30608481],[0.52430189 0.3126615 ],[0.50485075 0.31143627],1663671815380
123,0.19986581654350147,0.23888982337102818,0.21937781995726482,[0.48774093 0.30509251],[0.50768405 0.29928809],[0.52797127 0.29971588],[0.54352927 0.30341184],[0.52321613 0.31024539],[0.5036428  0.30925715],1663671815403
124,0.18763412408528155,0.24870666346516004,0.2181703937752208,[0.48674226 0.30441141],[0.50636917 0.29900163],[0.52673846 0.29919693],[0.54259813 0.30230564],[0.52226639 0.30911258],[0.50270039 0.30840996],1663671815426
125,0.2142233636769946,0.2509834880427528,0.2326034258598737,[0.4849951  0.30370221],[0.5046823  0.29681268],[0.52499777 0.29690728],[0.54078281 0.30077511],[0.52072519 0.30843502],[0.50110424 0.30789003],1663671815449
126,0.2036876268750269,0.25147802488528387,0.22758282588015538,[0.48463163 0.30640322],[0.50372779 0.29979843],[0.52330214 0.2996636 ],[0.53876823 0.30300459],[0.51916087 0.31022906],[0.50017309 0.3099429 ],1663671815471
127,0.21102187824759366,0.23551037101390512,0.2232661246307494,[0.48699963 0.30742261],[0.5060423  0.30041277],[0.52573252 0.30016235],[0.54124027 0.30340374],[0.52194679 0.31125185],[0.50281197 0.31117523],1663671815498
128,0.20170976603212165,0.2496836688441019,0.22569671743811176,[0.48828933 0.30773139],[0.50762719 0.30122524],[0.52724487 0.30113077],[0.54307401 0.30467585],[0.5232448  0.31176299],[0.50404316 0.31138754],1663671815522
129,0.2056871266295866,0.26031968518806103,0.23300340590882382,[0.49038544 0.30738848],[0.50966346 0.30093306],[0.52935743 0.30094668],[0.5451628  0.30459249],[0.52518004 0.31173912],[0.50599349 0.31129286],1663671815542
130,0.20360753718143398,0.23841177664193797,0.22100965691168598,[0.49115711 0.30698326],[0.51053256 0.30077049],[0.53039861 0.30086303],[0.54617828 0.30448419],[0.52613997 0.31158119],[0.50688452 0.31103694],1663671815566
131,0.20999564829464817,0.258796681474993,0.2343961648848206,[0.48971272 0.30658495],[0.50908369 0.30015367],[0.52922356 0.30045348],[0.54505795 0.30433664],[0.52486593 0.31161103],[0.50557792 0.31088072],1663671815589
132,0.21766111479223402,0.2542686397864354,0.23596487728933468,[0.48797554 0.30364981],[0.50557673 0.29650024],[0.52443147 0.29655871],[0.54046905 0.30011535],[0.5207364  0.30761093],[0.5025115  0.30732438],1663671815613
133,0.2046246475985408,0.24266300160462895,0.22364382460158488,[0.48513529 0.30300197],[0.50423372 0.29643399],[0.5239411  0.29640341],[0.53978157 0.29962629],[0.51984042 0.30711815],[0.50083792 0.30682725],1663671815644
134,0.2097795668401728,0.2744008293894294,0.2420901981148011,[0.48377085 0.30344871],[0.50194216 0.29624337],[0.52110648 0.2959111 ],[0.53673452 0.29908773],[0.51717126 0.30663517],[0.49880144 0.3066532 ],1663671815674
135,0.20733464483240668,0.258753409086474,0.23304402695944032,[0.48329437 0.30240735],[0.50097954 0.2953797 ],[0.51984978 0.29495171],[0.53578818 0.29789633],[0.51637286 0.30558071],[0.49814487 0.30566064],1663671815701
136,0.21576835832892793,0.26944903505170464,0.2426086966903163,[0.47918153 0.30431309],[0.49730992 0.29715297],[0.51630145 0.29699603],[0.53186327 0.30035511],[0.51248509 0.30804461],[0.49416947 0.30780888],1663671815726
137,0.2130766582412228,0.28090860844890597,0.24699263334506438,[0.47840607 0.30514857],[0.49620581 0.29789564],[0.51531214 0.29733279],[0.5309431  0.30010197],[0.51144403 0.30825555],[0.49321461 0.3083818 ],1663671815754
138,0.2197805524623563,0.26473488184771043,0.24225771715503336,[0.48085615 0.30217236],[0.49707127 0.29446018],[0.51486009 0.29357645],[0.53067034 0.29665199],[0.51200479 0.30446282],[0.49481246 0.30499661],1663671815788
139,0.20197974997842716,0.2604176377577312,0.23119869386807917,[0.48494905 0.29657045],[0.50274026 0.28979084],[0.52131176 0.28916162],[0.53648251 0.29169217],[0.51764923 0.29925576],[0.49977872 0.29952264],1663671815819
140,0.19912948536441924,0.23925154754152417,0.21919051645297172,[0.48907286 0.29284167],[0.50516987 0.28582221],[0.5233115  0.28541857],[0.53880823 0.28810278],[0.52025551 0.29496735],[0.50303745 0.29546052],1663671815843
141,0.2428719571140694,0.3009900435555921,0.27193100033483075,[0.4872058 0.2900207],[0.50209349 0.28191924],[0.51971227 0.28174454],[0.53526217 0.2852391 ],[0.51595151 0.29310963],[0.49966809 0.29314747],1663671815864
142,0.2116980583228501,0.2189488800245826,0.21532346917371636,[0.48382595 0.28734863],[0.50155735 0.28014451],[0.52035773 0.27961427],[0.53564179 0.28269258],[0.51662022 0.29027522],[0.49857777 0.29045242],1663671815884
143,0.21744371479986033,0.28545753008249364,0.251450622441177,[0.48014063 0.28972372],[0.49521324 0.28183982],[0.51239413 0.28108573],[0.52817535 0.2840558 ],[0.5100593  0.29130456],[0.49362206 0.29227161],1663671815908
144,0.22808066630833926,0.30736144542909827,0.26772105586871875,[0.47568694 0.28478944],[0.49155006 0.27626693],[0.50968856 0.27563739],[0.52535284 0.27881679],[0.50641197 0.28666577],[0.48947576 0.28738922],1663671815930
145,0.21988439004758584,0.2134681570525367,0.21667627355006125,[0.480142   0.28407657],[0.49739161 0.27589834],[0.5159415  0.27487561],[0.53130919 0.27790597],[0.51299918 0.28599197],[0.49495167 0.2867941 ],1663671815955
146,0.23069674454753744,0.2538280793873451,0.24226241196744125,[0.48088139 0.28411508],[0.49687749 0.27461016],[0.51521748 0.27316552],[0.53143388 0.27643895],[0.51320803 0.28471828],[0.49575007 0.28642222],1663671815976
147,0.19498576621630748,0.30267632444225656,0.24883104532928202,[0.48251492 0.28102612],[0.49922404 0.27320796],[0.51854998 0.27163595],[0.53560209 0.27370059],[0.51646292 0.28195131],[0.49806872 0.28351772],1663671815996
148,0.17882625352079287,0.24451947951432654,0.2116728665175597,[0.48522845 0.28123945],[0.50328732 0.27436745],[0.5229187  0.27308708],[0.53956932 0.27500457],[0.52025443 0.28259686],[0.50101513 0.28378391],1663671816018
149,0.17041713026883715,0.20890868985160818,0.18966291006022268,[0.48651451 0.28193843],[0.50413096 0.27554175],[0.52347231 0.27427316],[0.54043698 0.27600992],[0.52109504 0.28324258],[0.50221962 0.2845515 ],1663671816043
150,0.20677432555069467,0.21958815888252992,0.21318124221661228,[0.48656225 0.28327906],[0.5054279  0.27530503],[0.52480137 0.27440313],[0.54062021 0.2774474 ],[0.52202874 0.2852422 ],[0.50273436 0.28627646],1663671816062
151,0.21150987360127724,0.23832324930430726,0.22491656145279226,[0.48616105 0.28605536],[0.50460982 0.27804723],[0.5235678  0.27719709],[0.53959084 0.28042912],[0.52071607 0.28816986],[0.50188398 0.28910577],1663671816081
152,0.2233771570678576,0.265554637442603,0.2444658972552303,[0.48160464 0.28452277],[0.49920362 0.27602291],[0.51807576 0.27562279],[0.53400928 0.27944666],[0.51467079 0.28698343],[0.49642697 0.28734916],1663671816101
153,0.2376160402913419,0.27416994613468904,0.25589299321301545,[0.48020181 0.28588876],[0.49713263 0.2770018 ],[0.51560301 0.27662355],[0.53132802 0.28059572],[0.51211375 0.28848612],[0.49431095 0.28872868],1663671816123
154,0.22434600126733015,0.28091478539361897,0.25263039333047455,[0.47816887 0.28915948],[0.49574453 0.27985966],[0.51461238 0.27892292],[0.53047609 0.28243247],[0.51153791 0.29038206],[0.49330357 0.29140311],1663671816145
155,0.2165796231984389,0.26765362768754336,0.24211662544299112,[0.47704807 0.2866126 ],[0.49504563 0.27866748],[0.51387727 0.27805012],[0.52948695 0.28113908],[0.51007885 0.28900045],[0.49182966 0.28944528],1663671816164
156,0.21923129079940812,0.2612298160391963,0.24023055341930222,[0.47707003 0.28744137],[0.49466485 0.27880955],[0.51325715 0.27783069],[0.52878356 0.28099829],[0.50974065 0.28887525],[0.49168891 0.28966802],1663671816184
157,0.23136411941195498,0.25371123740520013,0.24253767840857754,[0.47432655 0.28597394],[0.49117383 0.27685678],[0.50966436 0.27601296],[0.52565742 0.27961639],[0.5066098  0.28774124],[0.48875713 0.28842115],1663671816203
158,0.2182059889766879,0.24507900890514328,0.2316424989409156,[0.47423813 0.28786176],[0.49154964 0.27902204],[0.50995433 0.27759403],[0.52601492 0.28063831],[0.50741905 0.28875393],[0.48944527 0.29019621],1663671816228
159,0.2036742808017732,0.22948407371556548,0.21657917725866932,[0.47650898 0.29101872],[0.49503928 0.28277382],[0.51408291 0.28132212],[0.53005439 0.28392655],[0.51154608 0.29200527],[0.49273768 0.29355276],1663671816249
160,0.203162490844688,0.22845397166337442,0.2158082312540312,[0.48134127 0.29538327],[0.50008571 0.28696394],[0.51956505 0.28551513],[0.53588897 0.28832728],[0.51692414 0.29645881],[0.49758437 0.29776913],1663671816270
161,0.19998686930442913,0.21052448275742,0.20525567603092457,[0.48354265 0.29213315],[0.50260526 0.28488418],[0.52198708 0.28398204],[0.53788745 0.28678328],[0.51883101 0.29453355],[0.49949694 0.29525661],1663671816291
162,0.2102792048650117,0.26382544149034803,0.23705232317767988,[0.48661602 0.29577678],[0.50418037 0.28877893],[0.52239501 0.28833991],[0.53809339 0.29174846],[0.51893646 0.29883763],[0.50105113 0.29897207],1663671816311
163,0.2121888457161034,0.23367669568958974,0.22293277070284656,[0.48786494 0.30069759],[0.50705367 0.29360428],[0.52621317 0.29354081],[0.5416798  0.29716715],[0.52177954 0.30434448],[0.50294346 0.30403239],1663671816331
164,0.21293229746673822,0.2928096897754957,0.252870993621117,[0.48262221 0.30137852],[0.50125498 0.29463601],[0.52030462 0.2942293 ],[0.53622723 0.29744291],[0.51605445 0.30524674],[0.49744859 0.30504286],1663671816352
165,0.2087411086225431,0.2736209833741801,0.2411810459983616,[0.47843489 0.30156109],[0.49748462 0.29457077],[0.51698416 0.29442778],[0.53290266 0.29785371],[0.5127492  0.30534521],[0.49363953 0.30496421],1663671816372
166,0.21222551879370025,0.27706295333580194,0.2446442360647511,[0.48070502 0.29952413],[0.4993625  0.29315323],[0.51804197 0.29313293],[0.53291452 0.29631859],[0.51337504 0.30359635],[0.49523959 0.30307585],1663671816392
167,0.21090232346091883,0.27484299266294243,0.24287265806193065,[0.48669082 0.29859415],[0.50443459 0.29173139],[0.52260941 0.29165331],[0.53750908 0.29489875],[0.51844203 0.30175063],[0.5007447  0.30163479],1663671816419
168,0.23259795503422842,0.3064877427838781,0.2695428489090532,[0.48675641 0.29865974],[0.5035727  0.29107404],[0.52139109 0.29155341],[0.53604621 0.29553962],[0.51698643 0.30227542],[0.49995974 0.3018693 ],1663671816440
169,0.20791297677642792,0.2658603065223586,0.23688664164939327,[0.48402342 0.29533374],[0.50146645 0.28909123],[0.51995218 0.28946692],[0.53505796 0.2931366 ],[0.51624197 0.29962704],[0.49840617 0.29905671],1663671816459
170,0.20649389839946128,0.24000377462652864,0.22324883651299496,[0.48276147 0.29487678],[0.5003646  0.28822699],[0.51858217 0.28855762],[0.53330648 0.29213071],[0.51427257 0.29822025],[0.49676803 0.29790547],1663671816483
171,0.2021767463939489,0.2579026686635358,0.23003970752874234,[0.483785   0.29679793],[0.50078338 0.29094273],[0.51900101 0.29120106],[0.53434688 0.2944791 ],[0.51502782 0.30092806],[0.4975687  0.30036882],1663671816506
172,0.21348625519132758,0.25957624599080376,0.23653125059106567,[0.48463836 0.29629341],[0.50269514 0.28980675],[0.52118671 0.29017532],[0.53641939 0.2938531 ],[0.5169003  0.30060923],[0.49895799 0.29999661],1663671816531
173,0.20453269398204293,0.27012427527541566,0.2373284846287293,[0.48266989 0.29860061],[0.5002436  0.29181519],[0.51885867 0.29179806],[0.53480703 0.29535115],[0.51555902 0.30211306],[0.49744219 0.30197501],1663671816554
174,0.20889734785341857,0.2860201080447424,0.2474587279490805,[0.4854148  0.29644886],[0.50361723 0.28913382],[0.52229846 0.28870654],[0.53797698 0.29211724],[0.51855582 0.29926506],[0.50029153 0.2994431 ],1663671816577
175,0.21967477095398905,0.3037610133531292,0.2617178921535591,[0.48801214 0.29672626],[0.50537628 0.28866622],[0.52375364 0.28827673],[0.53928173 0.29176193],[0.51993078 0.29905248],[0.50222486 0.29941043],1663671816598
176,0.22256068773785667,0.26239989870337155,0.2424802932206141,[0.49099129 0.29669926],[0.50924081 0.28895319],[0.52806127 0.28877941],[0.54357606 0.29255012],[0.52411193 0.30004385],[0.50585687 0.29998866],1663671816618
177,0.20592914276135094,0.25435482393343634,0.23014198334739364,[0.4895049  0.29642129],[0.50793564 0.28969473],[0.5268448  0.28962725],[0.54256058 0.29309016],[0.5229485  0.30008605],[0.50451887 0.29986984],1663671816636
178,0.2297279155700263,0.27212634757833176,0.250927131574179,[0.49216101 0.29566053],[0.50982654 0.2882567 ],[0.52864563 0.28832385],[0.5447312 0.2925064],[0.52494544 0.30012086],[0.50670218 0.29967022],1663671816654
179,0.20451607381391806,0.2543972820309805,0.22945667792244928,[0.48925859 0.29559159],[0.50760204 0.28831157],[0.5268358  0.28776884],[0.5434255  0.29136112],[0.52406645 0.29868761],[0.50499159 0.29895511],1663671816673
180,0.22072884654709135,0.294463591678145,0.2575962191126182,[0.48955977 0.29610789],[0.5085572 0.288573 ],[0.52816892 0.28824204],[0.54431915 0.29195976],[0.52464014 0.30003485],[0.50523591 0.30003527],1663671816692
181,0.2290405889585916,0.2955258593426691,0.2622832241506304,[0.48313233 0.30010554],[0.5016669  0.29202223],[0.5209558  0.29187348],[0.53709519 0.29582664],[0.51731342 0.30386972],[0.49848068 0.3038609 ],1663671816710
182,0.2262376916474876,0.28064381063243315,0.2534407511399604,[0.47919706 0.29958674],[0.49821946 0.29178953],[0.51811486 0.29151794],[0.53429741 0.29537824],[0.51479983 0.3037293 ],[0.4954896  0.30383492],1663671816730
183,0.2090777205612038,0.2809314189513667,0.24500456975628526,[0.48159781 0.29928523],[0.50008005 0.29239246],[0.51910049 0.29166856],[0.534989   0.29462534],[0.51594555 0.30268306],[0.49717379 0.30295312],1663671816750
184,0.20980426636058572,0.2901415604509397,0.24997291340576272,[0.48962563 0.29810184],[0.50847995 0.29049337],[0.52792782 0.28988639],[0.54400021 0.29341933],[0.52474058 0.30103335],[0.50555599 0.30141556],1663671816769
185,0.20624218701022357,0.24752845764858938,0.22688532232940647,[0.49341249 0.29407766],[0.51254082 0.28680843],[0.53214681 0.28632739],[0.54784286 0.28997225],[0.52907312 0.29725748],[0.50983852 0.29763776],1663671816790
186,0.21903417262538089,0.2827275758418209,0.2508808742336009,[0.49142301 0.29391375],[0.5102123  0.28656867],[0.52939832 0.28648913],[0.54477239 0.29019868],[0.52591097 0.2977494 ],[0.50711602 0.29778862],1663671816811
187,0.2141491544273154,0.26251865779005307,0.23833390610868424,[0.49241227 0.29296023],[0.51126677 0.28614455],[0.53054768 0.28628859],[0.54620636 0.29014626],[0.52685386 0.2973412 ],[0.50783616 0.29703489],1663671816833
188,0.22004025356262744,0.22726067482916432,0.22365046419589588,[0.49437243 0.29417583],[0.51251191 0.2874994 ],[0.53120142 0.28793678],[0.54719478 0.29238999],[0.52742672 0.29906315],[0.50899529 0.29845917],1663671816854
189,0.2397792060724444,0.19477069898997243,0.21727495253120843,[0.49312645 0.29495117],[0.51101774 0.28748837],[0.52937526 0.28846747],[0.54476267 0.29345202],[0.52497333 0.30004176],[0.50727111 0.29929823],1663671816879
190,0.24599158490529538,0.2516041872991829,0.24879788610223913,[0.49168319 0.2987825 ],[0.50959903 0.29125577],[0.52808946 0.29227242],[0.54382205 0.29754567],[0.52401751 0.30441266],[0.50611705 0.30362889],1663671816902
191,0.22935957560754805,0.2584319679517525,0.24389577177965027,[0.49130145 0.30142128],[0.50859636 0.29430133],[0.52673191 0.29451501],[0.54280341 0.2991215 ],[0.5233596  0.30598703],[0.50559998 0.30560189],1663671816923
192,0.21310914819189722,0.2884983561372128,0.250803752164555,[0.48829269 0.30222169],[0.50604248 0.29608059],[0.52430481 0.29659367],[0.53985918 0.30079305],[0.52087826 0.30715346],[0.50294989 0.30651721],1663671816944
193,0.21210584840824073,0.29804686196691405,0.2550763551875774,[0.48564193 0.30019453],[0.50279683 0.29301426],[0.5210011  0.29337403],[0.53725362 0.29762265],[0.51753384 0.30388269],[0.49978992 0.30344507],1663671816964
194,0.2172513219079561,0.2929182656709136,0.2550847937894348,[0.48306149 0.29757422],[0.50004733 0.29057375],[0.51826483 0.29079258],[0.53442514 0.29470849],[0.51452911 0.30149198],[0.49701381 0.30116752],1663671816984
195,0.21889426619061425,0.2922169583886158,0.255555612289615,[0.48492426 0.29952019],[0.50212187 0.29198515],[0.52044111 0.29195207],[0.53642577 0.2958886 ],[0.51696551 0.30281928],[0.49928221 0.30281225],1663671817005
196,0.21409622284964913,0.31420728355274147,0.2641517532011953,[0.49003029 0.30023676],[0.50734419 0.2930069 ],[0.52541018 0.29319572],[0.54119873 0.29729071],[0.52183104 0.30360678],[0.50419104 0.30347964],1663671817035
197,0.19901972112067512,0.28062262722582404,0.23982117417324958,[0.49340022 0.29544756],[0.51091272 0.28913307],[0.52918494 0.28924733],[0.54538733 0.29312575],[0.52622294 0.29921886],[0.50823045 0.29908949],1663671817058
198,0.19784579561346796,0.289727915343492,0.24378685547848,[0.49505249 0.29216087],[0.51281625 0.28573567],[0.53103459 0.28612429],[0.54696137 0.29025355],[0.52792323 0.29588088],[0.50984603 0.29561177],1663671817080
199,0.20285928402459152,0.22774637853262855,0.21530283127861005,[0.49431607 0.28615397],[0.51362282 0.28014317],[0.53278673 0.2809566 ],[0.54848528 0.28534475],[0.52852803 0.29116952],[0.50959039 0.29028559],1663671817099
200,0.20583710607053243,0.268277986422807,0.2370575462466697,[0.4933939  0.28741756],[0.5092001  0.28130189],[0.52689868 0.28215703],[0.54294062 0.28620827],[0.52269685 0.29162884],[0.50599861 0.29081905],1663671817117
201,0.1964181702416771,0.2747271597045962,0.23557266497313667,[0.49395561 0.28578067],[0.51241732 0.27963984],[0.53121632 0.28023517],[0.54696333 0.28448728],[0.5273602  0.29000431],[0.50898939 0.28938121],1663671817138
202,0.2149231708887183,0.28329573669685665,0.24910945379278748,[0.49541539 0.2852127 ],[0.51206452 0.27906224],[0.52968848 0.27996439],[0.54524529 0.2844342 ],[0.52602363 0.29007617],[0.50901985 0.28928486],1663671817158
203,0.21876128005546133,0.2864065453377656,0.25258391269661346,[0.49853957 0.28483069],[0.51636159 0.27785343],[0.53485352 0.27877837],[0.55066389 0.28382552],[0.53066468 0.28950271],[0.51273948 0.28855342],1663671817177
204,0.2261149665014054,0.28651872448778537,0.2563168454945954,[0.49797872 0.28909722],[0.51540202 0.2827591 ],[0.53336507 0.28426415],[0.54871553 0.28958857],[0.52896577 0.29487473],[0.51163232 0.29358065],1663671817196
205,0.23820185883891465,0.29991200750374947,0.26905693317133206,[0.49729902 0.29089502],[0.51445556 0.28418317],[0.53284872 0.28595525],[0.54858083 0.29172003],[0.52830291 0.2974067 ],[0.51093674 0.2957741 ],1663671817216
206,0.2293405590755436,0.27206703451566167,0.2507037967956026,[0.50053144 0.28949058],[0.5190078  0.28397381],[0.53731662 0.28589863],[0.55187911 0.29084635],[0.53213489 0.29662666],[0.51442546 0.29468098],1663671817236
207,0.23957040278951824,0.2479899247849824,0.24378016378725031,[0.50128287 0.28938398],[0.51804978 0.28273037],[0.53616244 0.28473109],[0.5517115  0.29105788],[0.53163218 0.29596558],[0.51457119 0.29428011],1663671817259
208,0.23111656337508735,0.24846667368114975,0.23979161852811853,[0.50138021 0.28836435],[0.51831031 0.28299221],[0.53557271 0.28516337],[0.55028236 0.29063913],[0.53077185 0.29551917],[0.51420802 0.29342908],1663671817280
209,0.21952387096467874,0.28861652305081303,0.2540701970077459,[0.49813649 0.29233667],[0.51449871 0.28646791],[0.53205132 0.2879104 ],[0.54722333 0.29317442],[0.52774352 0.29797632],[0.5111028  0.29651517],1663671817301
210,0.2250324950452718,0.273796559254086,0.24941452714967893,[0.49864203 0.29276389],[0.51585466 0.2865445 ],[0.53412384 0.28816772],[0.54977393 0.29386497],[0.52960116 0.29889742],[0.51226503 0.29733729],1663671817325
211,0.23898611368136688,0.2685261936091056,0.25375615364523624,[0.49927223 0.29378301],[0.51554263 0.28673089],[0.5333969  0.28830063],[0.54918617 0.2943992 ],[0.52900338 0.29950097],[0.5121628  0.29806578],1663671817348
212,0.22340097305983886,0.26050817719478475,0.2419545751273118,[0.50080371 0.29390371],[0.51735562 0.28789237],[0.5350523  0.28960261],[0.55059236 0.29539117],[0.53078634 0.29996654],[0.51397532 0.29841056],1663671817369
213,0.22343240352985475,0.3092303246731294,0.26633136410149205,[0.50022936 0.29406282],[0.51726729 0.28797084],[0.53525364 0.28978464],[0.55074555 0.29597461],[0.53096545 0.30035755],[0.51367021 0.29855704],1663671817390
214,0.22541694981717217,0.2855527594914872,0.2554848546543297,[0.4996945  0.29578578],[0.51631129 0.28972176],[0.5336839  0.29152173],[0.54875571 0.29744676],[0.52952683 0.30185843],[0.51281816 0.30014166],1663671817409
215,0.22901888190169228,0.293803076866524,0.2614109793841082,[0.49793732 0.29716662],[0.51430088 0.29086766],[0.53156412 0.2926873 ],[0.54656136 0.2986936 ],[0.52758574 0.30310392],[0.51098913 0.30149576],1663671817431
216,0.2241767885808445,0.23717889462318695,0.2306778416020157,[0.50095916 0.29524991],[0.51846337 0.28932121],[0.53680325 0.29101261],[0.5515368  0.29663053],[0.53231084 0.30155891],[0.51495725 0.2999813 ],1663671817451
217,0.22226568993780843,0.23584464306189287,0.22905516649985064,[0.50735092 0.29239935],[0.5237301  0.28707492],[0.54135561 0.28909743],[0.55634522 0.29463989],[0.53675425 0.29912221],[0.52021074 0.29725569],1663671817475
218,0.2202925740781065,0.19918510957790767,0.2097388418280071,[0.51119816 0.29164138],[0.5288223  0.28647244],[0.54631048 0.28906322],[0.56077701 0.29501632],[0.54123682 0.29882091],[0.52438462 0.29642415],1663671817501
219,0.21323905652109792,0.2826319680611363,0.2479355122911171,[0.50783718 0.29121894],[0.52481306 0.2859948 ],[0.54257441 0.28831041],[0.55752742 0.29409519],[0.53824377 0.29798585],[0.52130139 0.29602468],1663671817530
220,0.2128331887670034,0.22983756611300316,0.22133537744000328,[0.50676    0.29187888],[0.52378535 0.28671148],[0.54198289 0.28876141],[0.55709743 0.29445621],[0.53773189 0.29870516],[0.52060783 0.29686669],1663671817553
221,0.2069978308111366,0.18533761272242524,0.19616772176678093,[0.50906247 0.29199657],[0.52538419 0.28697211],[0.54350144 0.28907537],[0.55904281 0.29474407],[0.53910869 0.29859549],[0.52227646 0.29672724],1663671817575
222,0.21661402428432575,0.21902005726313206,0.2178170407737289,[0.50761282 0.2929    ],[0.52461261 0.28775036],[0.54217285 0.29013407],[0.55728126 0.29628903],[0.53799814 0.30003029],[0.52107161 0.29798201],1663671817594
223,0.21287027842999465,0.2509144638191818,0.23189237112458821,[0.50333363 0.29451698],[0.52061552 0.28909004],[0.53846407 0.29100969],[0.55353546 0.29673681],[0.53458375 0.300971  ],[0.51746225 0.29931846],1663671817612
224,0.2145584342383809,0.25896997116849757,0.23676420270343923,[0.50630057 0.29429021],[0.52359056 0.28866634],[0.54168439 0.29067236],[0.55674839 0.29647201],[0.53747189 0.30072218],[0.52018511 0.29888511],1663671817635
225,0.22593867732802259,0.20575624785806138,0.215847462593042,[0.50824803 0.29260299],[0.52509201 0.28609079],[0.54317415 0.28802246],[0.55894357 0.29401842],[0.53861117 0.29853487],[0.52153212 0.2969808 ],1663671817657
226,0.22093003210098439,0.22021043209208527,0.2205702320965348,[0.51196522 0.29191005],[0.52925044 0.28635302],[0.54676944 0.28856814],[0.56167448 0.29432842],[0.54212964 0.29853955],[0.5252316  0.29658452],1663671817678
227,0.2074483287389389,0.20631344692688156,0.20688088783291023,[0.50975776 0.29171324],[0.52616566 0.2869896 ],[0.54443884 0.2893005 ],[0.5602966  0.29484016],[0.53993893 0.29887983],[0.52298117 0.29691619],1663671817702
228,0.21883586367871988,0.2691483264059534,0.24399209504233663,[0.50784153 0.29256091],[0.52527261 0.28688696],[0.54329675 0.28889856],[0.55847204 0.29485872],[0.53873742 0.29914904],[0.52142692 0.29715398],1663671817725
229,0.21825052706693157,0.19907377885788555,0.20866215296240856,[0.50745142 0.29083127],[0.52636075 0.28532931],[0.54507738 0.28775185],[0.55971253 0.29372308],[0.53989571 0.29802537],[0.52193177 0.29576933],1663671817749
230,0.22002613931075227,0.2731923855217439,0.2466092624162481,[0.51203853 0.29026026],[0.52784944 0.28494838],[0.54545587 0.2869868 ],[0.56098914 0.29232261],[0.54123718 0.29700491],[0.52473009 0.29517293],1663671817769
231,0.2166723580480126,0.2242206982468615,0.22044652814743704,[0.51611966 0.29020464],[0.53329551 0.28523785],[0.55112398 0.28761169],[0.56594884 0.29311132],[0.54650462 0.29748374],[0.52948159 0.29526776],1663671817788
232,0.21636208694126957,0.2294767911100392,0.2229194390256544,[0.5137341  0.29265141],[0.53190124 0.28679031],[0.55015743 0.28906578],[0.56492174 0.29502985],[0.54529208 0.29906327],[0.52775282 0.29703799],1663671817812
233,0.20723740796469942,0.22201840083181965,0.21462790439825952,[0.51200598 0.29446054],[0.53052986 0.28936782],[0.54893744 0.29176426],[0.56324875 0.29741052],[0.54388583 0.30118823],[0.52626878 0.29905343],1663671817840
234,0.22475422774013826,0.20882482811916248,0.21678952792965037,[0.51527387 0.29720128],[0.53353918 0.29116678],[0.55187541 0.29378441],[0.56659037 0.30009529],[0.54660034 0.30409947],[0.52906871 0.30178207],1663671817865
235,0.23094195794719155,0.23967489316169038,0.23530842555444098,[0.51672244 0.29486045],[0.53394413 0.28875282],[0.55178285 0.29107878],[0.56672001 0.29729494],[0.54689431 0.30160585],[0.52987605 0.29952386],1663671817889
236,0.20434988085206385,0.2619988464548559,0.23317436365345987,[0.51649213 0.28911388],[0.53349137 0.2844981 ],[0.55123758 0.28676564],[0.56645417 0.29217166],[0.5465554  0.29597834],[0.52962732 0.29385507],1663671817916
237,0.21432381643658407,0.1846218290420894,0.19947282273933675,[0.51649296 0.28946015],[0.53347695 0.28427032],[0.55124688 0.28676891],[0.56654865 0.29319748],[0.54670572 0.29649529],[0.52978617 0.29440063],1663671817937
238,0.21449341816486803,0.2241276919222526,0.2193105550435603,[0.51292109 0.29297251],[0.53092068 0.28792718],[0.54872841 0.29062045],[0.56288552 0.29661772],[0.54394394 0.30014116],[0.52677405 0.29793814],1663671817959
239,0.20961126271765246,0.2769517129440082,0.24328148783083034,[0.5119487  0.29114634],[0.52922177 0.28620017],[0.54748243 0.28850758],[0.5626269  0.29415703],[0.54295635 0.29818299],[0.52563572 0.2961764 ],1663671817983
240,0.2353170626664491,0.26243482865065965,0.24887594565855437,[0.51168549 0.29163355],[0.52973878 0.28551883],[0.54819286 0.28793836],[0.56313461 0.29468319],[0.54332036 0.29901868],[0.52566624 0.29696795],1663671818006
241,0.21996475664094145,0.2554513976102018,0.23770807712557163,[0.50899863 0.29399326],[0.52740908 0.28822115],[0.54583752 0.29040772],[0.56062728 0.29657418],[0.54153538 0.3008998 ],[0.52371752 0.29900846],1663671818026
242,0.21298761355813797,0.23982969702034515,0.22640865528924156,[0.51090926 0.29609531],[0.52990854 0.29056823],[0.5487622  0.29292873],[0.56343341 0.29892734],[0.5440768  0.30311608],[0.52577078 0.30096868],1663671818051
243,0.21487595977196788,0.2928245158463986,0.25385023780918325,[0.50798309 0.29836595],[0.5270555  0.29284579],[0.54618347 0.29515553],[0.56111252 0.30094355],[0.54081249 0.30544332],[0.5224604  0.30311882],1663671818074
244,0.2171577578866022,0.26974252336382765,0.24345014062521492,[0.50013417 0.29926294],[0.51932269 0.29375976],[0.53849518 0.29600915],[0.5536108 0.3015191],[0.53273827 0.30639935],[0.51442033 0.30401629],1663671818092
245,0.20971282465942834,0.3022420227705473,0.25597742371498783,[0.49393657 0.301193  ],[0.51355052 0.29561299],[0.53317446 0.2973991 ],[0.54834372 0.30237326],[0.52769637 0.30776155],[0.50891274 0.30570185],1663671818112
246,0.23099100983745033,0.2980554950100622,0.26452325242375624,[0.49496391 0.30531558],[0.51491022 0.29861617],[0.53465319 0.30030832],[0.5498898  0.30562451],[0.52910465 0.31199935],[0.51004165 0.3100577 ],1663671818136
247,0.22530829502719588,0.27015374034288087,0.24773101768503836,[0.49313784 0.30973721],[0.5139969  0.30308437],[0.53454918 0.30446765],[0.5500294  0.30956084],[0.5293979 0.316468 ],[0.50938886 0.31478697],1663671818158
248,0.2189716269711517,0.2951505865690678,0.25706110677010974,[0.49185726 0.31306857],[0.51195109 0.30634254],[0.5322203  0.30739322],[0.54785699 0.31189826],[0.52686805 0.31869432],[0.50730342 0.31743371],1663671818179
249,0.23406330015990254,0.29275240597599045,0.2634078530679465,[0.48755583 0.31218648],[0.50660944 0.30429882],[0.52630186 0.30502933],[0.54240596 0.3102001 ],[0.52210331 0.31729731],[0.50303936 0.31651494],1663671818205
250,0.2088331347808966,0.3259730644394024,0.2674030996101495,[0.48756921 0.30796131],[0.50732642 0.30177295],[0.52703261 0.30236071],[0.54299504 0.30657309],[0.52311438 0.31345835],[0.50367826 0.3125605 ],1663671818227
251,0.21557518546158083,0.28439567717851755,0.2499854313200492,[0.48842624 0.30209333],[0.5090766  0.29527849],[0.52981466 0.29627019],[0.54604983 0.30118233],[0.52536875 0.30802318],[0.50511301 0.30690309],1663671818246
252,0.20883217860148273,0.27453846293079587,0.2416853207661393,[0.48485285 0.30357432],[0.50531119 0.29721501],[0.52591616 0.29786783],[0.54218256 0.30217808],[0.52159619 0.30928463],[0.50147784 0.30831674],1663671818265
253,0.19831168855751655,0.30635135004212494,0.25233151929982073,[0.47970569 0.31054005],[0.49977878 0.30345032],[0.52010888 0.30313873],[0.53706849 0.30664039],[0.51696485 0.3142772 ],[0.49661613 0.31422603],1663671818285
254,0.207816186530393,0.3309033866850754,0.2693597866077342,[0.47813421 0.31962228],[0.49881184 0.31212667],[0.51949453 0.31156075],[0.53601348 0.31480503],[0.51598531 0.32329541],[0.49533007 0.32349706],1663671818306
255,0.21578413726111817,0.306819167364594,0.26130165231285607,[0.47923592 0.32053787],[0.50000274 0.3117151 ],[0.5213834  0.31085014],[0.53834832 0.3144432 ],[0.51742929 0.32330686],[0.49629834 0.32373422],1663671818326
256,0.21490734993779614,0.3145068723269261,0.2647071111323611,[0.47916186 0.32208243],[0.49963394 0.31361967],[0.52016556 0.3129409 ],[0.53687012 0.31652793],[0.51679826 0.32504725],[0.49622998 0.32549396],1663671818345
257,0.21321781192840664,0.344844204679921,0.27903100830416383,[0.47488025 0.31854746],[0.49613723 0.31027853],[0.51733536 0.30981869],[0.53406811 0.31331512],[0.51330763 0.32191473],[0.49223384 0.32224736],1663671818365
258,0.21439764718966894,0.37481857279253816,0.29460810999110354,[0.47408456 0.3178336 ],[0.49447623 0.30957085],[0.51512367 0.30908355],[0.53211427 0.31280133],[0.51128417 0.3211177 ],[0.49083737 0.32136679],1663671818383
259,0.2038930868468048,0.38499305336582473,0.29444307010631476,[0.4724887  0.31685671],[0.49235082 0.30905628],[0.51241577 0.30848035],[0.52926826 0.31194493],[0.50886381 0.31966725],[0.48884541 0.3200123 ],1663671818405
260,0.21385735707646086,0.3549350846056611,0.284396220841061,[0.47422919 0.3107782 ],[0.49367255 0.3026602 ],[0.51395565 0.30190098],[0.53095138 0.30561429],[0.51033688 0.31381443],[0.49033532 0.31409341],1663671818427
261,0.2042426546935825,0.3396663638764672,0.27195450928502485,[0.47488466 0.30926004],[0.49461058 0.30138347],[0.5151183  0.30082399],[0.5322507  0.30444261],[0.51161259 0.31226945],[0.49139062 0.3124707 ],1663671818448
262,0.21336025726828228,0.32325258868001416,0.2683064229741482,[0.47518784 0.30789381],[0.49506307 0.29962957],[0.51580262 0.29923135],[0.53281415 0.30319709],[0.51199639 0.3111968 ],[0.4916884  0.31126571],1663671818469
263,0.21289650735095497,0.32492484077935835,0.2689106740651567,[0.47735521 0.30767751],[0.49636701 0.29942581],[0.51642579 0.29875696],[0.53321904 0.3024652 ],[0.51279175 0.31040695],[0.49312809 0.3106541 ],1663671818491
264,0.21116364733736462,0.3459541879679683,0.27855891765266644,[0.47699898 0.30749059],[0.49648285 0.29935125],[0.51693499 0.2985965 ],[0.53373814 0.30187297],[0.51303214 0.31027424],[0.49306139 0.31060982],1663671818510
265,0.2093963813364814,0.3349515685570007,0.27217397494674106,[0.4823775  0.31171495],[0.50198436 0.30326319],[0.52217877 0.30243763],[0.53910595 0.30596945],[0.51862651 0.31393826],[0.49861592 0.31461629],1663671818527
266,0.2004808144573693,0.29574238553787924,0.24811159999762428,[0.48233721 0.31283683],[0.50322497 0.30491251],[0.52428216 0.30394822],[0.54120839 0.30692801],[0.52047515 0.31540686],[0.49941951 0.31592259],1663671818548
267,0.20352263341095103,0.33275569143602285,0.26813916242348695,[0.48191065 0.30955282],[0.5028019  0.30162731],[0.52410507 0.30099297],[0.5409593  0.30419734],[0.51940787 0.31241083],[0.49842113 0.31257087],1663671818571
268,0.20822876641630256,0.25810684716005683,0.2331678067881797,[0.47984293 0.30459452],[0.50124383 0.2956509 ],[0.52328473 0.29468819],[0.54081291 0.29886705],[0.51957053 0.30716515],[0.49774894 0.30763692],1663671818596
269,0.21770772283803275,0.29637577094954726,0.25704174689379,[0.47717232 0.30553198],[0.49712017 0.29532677],[0.51835513 0.29375434],[0.53677511 0.298017  ],[0.51583707 0.30678666],[0.49461192 0.30796435],1663671818616
270,0.1989869290909772,0.30292104200701775,0.2509539855489975,[0.47993851 0.3144685 ],[0.50043941 0.30511433],[0.52147114 0.30339885],[0.53892219 0.30681783],[0.51908475 0.31515229],[0.49779978 0.31648943],1663671818639
271,0.20855990339705704,0.3102757018825055,0.25941780263978126,[0.47741583 0.31576034],[0.49802938 0.30677781],[0.51904649 0.30524534],[0.5361011  0.30828249],[0.51563829 0.31740946],[0.49452275 0.31830019],1663671818665
272,0.22139807319385466,0.3568219571050341,0.2891100151494444,[0.47632003 0.32501811],[0.49684018 0.31585863],[0.51777118 0.31476015],[0.53411412 0.31805372],[0.51481116 0.32746387],[0.49385539 0.32823595],1663671818688
273,0.21318971232245304,0.35032276118964917,0.2817562367560511,[0.47694075 0.33047146],[0.49750754 0.32158083],[0.51867551 0.32052928],[0.5352785  0.32366684],[0.51568556 0.3328473 ],[0.49449939 0.33357635],1663671818712
274,0.21957078667319882,0.310526160579146,0.2650484736261724,[0.48505056 0.33152136],[0.50523019 0.32273567],[0.52589428 0.32144669],[0.54259175 0.3239699 ],[0.52294528 0.33402666],[0.50207967 0.33489865],1663671818734
275,0.16916803281537304,0.2945180055526118,0.23184301918399242,[0.49204138 0.33111998],[0.51338488 0.32545128],[0.53497195 0.32475388],[0.55148411 0.32625586],[0.53115904 0.33430409],[0.50956184 0.33457857],1663671818758
276,0.21566664399130464,0.2626030790973143,0.23913486154430946,[0.49565503 0.33439368],[0.51753145 0.32753533],[0.53879875 0.32798183],[0.55443698 0.33179399],[0.53400755 0.33990499],[0.5129987  0.33921629],1663671818784
277,0.21595502392233148,0.28139367832181783,0.24867435112207464,[0.49965501 0.3362422 ],[0.5205282  0.32957542],[0.54088956 0.33009768],[0.5564155  0.33405343],[0.53622299 0.34168065],[0.51618445 0.34081095],1663671818810
278,0.22230800197893338,0.3134985633572685,0.26790328266810093,[0.50103378 0.3375915 ],[0.5223909  0.33056393],[0.54312563 0.33139372],[0.55794758 0.33550873],[0.53762954 0.34303218],[0.51752663 0.34202522],1663671818830
279,0.22218557551655144,0.2604372338759164,0.2413114046962339,[0.5029279 0.3367964],[0.52543902 0.32969519],[0.5467518  0.33002809],[0.56131935 0.33305535],[0.54066318 0.34186313],[0.51975161 0.34104079],1663671818850
280,0.19384345554321591,0.14877125777568392,0.1713073566594499,[0.51925337 0.34055752],[0.54013062 0.33451021],[0.56106591 0.33412531],[0.57557184 0.33590204],[0.55624121 0.34441894],[0.53605586 0.34423089],1663671818873
281,0.1821537381142845,0.11434103380059328,0.1482473859574389,[0.53564399 0.34216532],[0.55562115 0.33477476],[0.57616717 0.33374575],[0.59051579 0.33493078],[0.57168245 0.34295416],[0.55161524 0.34385079],1663671818892
282,0.2268210155834209,0.13976064425470855,0.18329082991906473,[0.54761904 0.33927763],[0.56733525 0.32843786],[0.58748484 0.32648966],[0.60177088 0.32900944],[0.583453   0.33846703],[0.5637145 0.3402614],1663671818913
283,0.2580558917323023,0.16681642340086614,0.21243615756658424,[0.55746412 0.33476147],[0.57639551 0.32183841],[0.5966664  0.31896937],[0.61057442 0.32171804],[0.59292555 0.33292612],[0.5734148  0.33528808],1663671818935
284,0.27240645961463456,0.18811404106054871,0.23026025033759162,[0.56245172 0.33353129],[0.58148015 0.32037842],[0.60204101 0.31761545],[0.61575818 0.32041046],[0.59815162 0.33246979],[0.57832557 0.3345862 ],1663671818953
285,0.2553013774206654,0.18600559762607824,0.22065348752337183,[0.56120849 0.33197352],[0.5812366  0.31901908],[0.60234457 0.31638134],[0.61591852 0.31950453],[0.5981589  0.33040884],[0.57797539 0.33264706],1663671818973
286,0.26590907367228606,0.20528799920913438,0.23559853644071022,[0.5603435  0.32656729],[0.57859576 0.31438977],[0.59785825 0.3122372 ],[0.61115485 0.31549233],[0.59444755 0.325809  ],[0.57595551 0.32779527],1663671818994
287,0.2653992483850201,0.19817471229427036,0.23178698033964523,[0.55946636 0.32681444],[0.57880408 0.31398597],[0.59964812 0.31152105],[0.61332673 0.31476808],[0.5955826  0.32593942],[0.57594943 0.32801321],1663671819011
288,0.2728480825737616,0.20874373194577386,0.24079590725976774,[0.55955547 0.32851765],[0.57822829 0.31579202],[0.59788942 0.31367612],[0.61137348 0.31698716],[0.59430552 0.32788858],[0.57520747 0.3297807 ],1663671819033
289,0.2560879858556278,0.2024221920725093,0.22925508896406854,[0.56016099 0.32798541],[0.57998639 0.31541207],[0.60060108 0.3131184 ],[0.61426324 0.31639829],[0.59635824 0.32690987],[0.57656008 0.32889235],1663671819055
290,0.26706584071515294,0.19067231101821808,0.2288690758666855,[0.55508339 0.32636839],[0.57444626 0.31380156],[0.59450442 0.3115437 ],[0.60828674 0.31477159],[0.59028935 0.32579246],[0.57071626 0.32752955],1663671819074
291,0.25841724868092975,0.23456872009784085,0.2464929843893853,[0.54649383 0.32634914],[0.56638151 0.31347883],[0.58747327 0.31124192],[0.60158646 0.31446669],[0.58295465 0.32552871],[0.56252992 0.32708851],1663671819093
292,0.23252499721275033,0.17891022680349897,0.20571761200812466,[0.53850645 0.33064124],[0.55895644 0.31934011],[0.58023679 0.31729329],[0.59440506 0.31954825],[0.57620394 0.33004802],[0.55543876 0.33198541],1663671819114
293,0.21480370372700663,0.17639015993267065,0.19559693182983864,[0.52170628 0.33629671],[0.54228914 0.32706866],[0.56273633 0.32517526],[0.57759929 0.32689008],[0.55859375 0.33687857],[0.5381757  0.33827227],1663671819135
294,0.22665528303774563,0.19343139617951696,0.2100433396086313,[0.50578201 0.33081424],[0.52664566 0.3225587 ],[0.54725486 0.32137889],[0.5623132  0.32381478],[0.5428586  0.33389115],[0.52247548 0.33440593],1663671819158
295,0.22449974781147333,0.19137750468361367,0.2079386262475435,[0.49583027 0.32517967],[0.51709247 0.31680378],[0.53810281 0.31641817],[0.5541718  0.32002106],[0.53351051 0.32898581],[0.51261199 0.32891896],1663671819177
296,0.22116208118448655,0.25228037313270335,0.23672122715859495,[0.49107489 0.32055217],[0.5114224  0.31260449],[0.5324868  0.31250402],[0.54908854 0.31661785],[0.52814931 0.32493311],[0.50781548 0.32463083],1663671819197
297,0.2018906162147992,0.2783703025704658,0.2401304593926325,[0.48715493 0.31994557],[0.50855327 0.31267539],[0.53015983 0.31248879],[0.54727679 0.3163012 ],[0.52553582 0.32413113],[0.50424123 0.32365248],1663671819217
298,0.224434921118674,0.3028794700207348,0.2636571955697044,[0.48423693 0.32256198],[0.50548911 0.3147653 ],[0.52680194 0.31502968],[0.54325521 0.31944349],[0.52246398 0.3277424 ],[0.50137359 0.32719785],1663671819235
299,0.21347771568737295,0.29995638675939523,0.25671705122338406,[0.48559767 0.32361743],[0.50623685 0.31601569],[0.52730685 0.31577843],[0.54418266 0.31934407],[0.52322245 0.32794401],[0.50238651 0.3276414 ],1663671819261
300,0.21918264712985602,0.2766333379284961,0.24790799252917606,[0.49338728 0.32484943],[0.51461983 0.31790441],[0.53572714 0.31851792],[0.55226547 0.32278705],[0.53055477 0.33067316],[0.50976223 0.32954776],1663671819284
301,0.2122184396519452,0.3129995599420262,0.2626089997969857,[0.49813604 0.32965094],[0.51914883 0.32349497],[0.53989923 0.32470801],[0.5558216  0.32945371],[0.53477722 0.33608484],[0.51451159 0.33457074],1663671819306
302,0.22009491760798472,0.2746052845768605,0.24735010109242261,[0.50274253 0.32477716],[0.52503335 0.31872815],[0.54633695 0.32027549],[0.56216544 0.32529834],[0.54072171 0.33235642],[0.51959282 0.33035436],1663671819327
303,0.21559214736714688,0.22226117201104323,0.21892665968909505,[0.51021314 0.31904528],[0.53329706 0.311993  ],[0.55542219 0.31339157],[0.57229578 0.31895721],[0.54982615 0.32582277],[0.52773619 0.32389432],1663671819350
304,0.2119951824784114,0.29646767860241285,0.25423143054041214,[0.5203774  0.32598203],[0.54322296 0.32013008],[0.56482434 0.32246542],[0.58059937 0.32829732],[0.55934364 0.33398029],[0.53778666 0.331718  ],1663671819372
305,0.1879019386090246,0.2893327730614009,0.23861735583521276,[0.53117585 0.33570963],[0.55455327 0.33146644],[0.57662195 0.33428755],[0.59201133 0.33911267],[0.57053638 0.34402627],[0.54872531 0.34128064],1663671819395
306,0.17101296762308146,0.30660680249021155,0.23880988505664652,[0.53921199 0.34503123],[0.56332481 0.34188098],[0.58588141 0.3447156 ],[0.60160619 0.34888139],[0.57963508 0.35350645],[0.55710679 0.3504619 ],1663671819413
307,0.20953361344606725,0.3131599197249245,0.2613467665854959,[0.54332685 0.34492826],[0.56811798 0.33866435],[0.59099138 0.34122744],[0.60722291 0.34785426],[0.58458638 0.35320255],[0.56161565 0.35017976],1663671819433
308,0.188409506466323,0.3068708432253209,0.24764017484582196,[0.54629183 0.33650967],[0.57121515 0.33155349],[0.59407413 0.33402508],[0.61033255 0.33968234],[0.58782887 0.34453973],[0.56474411 0.34157819],1663671819455
309,0.22078966021718402,0.27010138977472,0.245445524995952,[0.54983169 0.33317059],[0.57397944 0.32709765],[0.59567869 0.33010399],[0.61054808 0.33656102],[0.58881021 0.34166771],[0.56711018 0.33860666],1663671819477
310,0.22101763275726438,0.27443499543668426,0.24772631409697432,[0.55390382 0.33202413],[0.57886213 0.32656291],[0.60104412 0.33032855],[0.61579245 0.33741698],[0.59376794 0.34197187],[0.57158691 0.33820784],1663671819497
311,0.23280894634924287,0.2696719368498673,0.25124044159955505,[0.55010337 0.32737342],[0.57416022 0.32070947],[0.59628552 0.32344258],[0.61121643 0.33035684],[0.58902073 0.3359336 ],[0.56734222 0.33298197],1663671819519
312,0.22391898580369407,0.29020771690190816,0.2570633513528011,[0.54043394 0.32769829],[0.56484306 0.32188219],[0.58673197 0.32501131],[0.60141909 0.33148676],[0.57893032 0.33646545],[0.55740196 0.3331528 ],1663671819540
313,0.2130151308519013,0.2939432922887085,0.2534792115703049,[0.52784121 0.33400705],[0.55154592 0.3283703 ],[0.57310683 0.33103859],[0.58862662 0.337841  ],[0.56711417 0.3426424 ],[0.54559112 0.33980015],1663671819559
314,0.20771203006556466,0.2961886921356235,0.2519503611005941,[0.51679939 0.33401474],[0.54085964 0.32778803],[0.56279814 0.33026379],[0.57789981 0.33659139],[0.55651343 0.34130996],[0.53471804 0.3389    ],1663671819580
315,0.20184800301179776,0.3199600332004872,0.2609040181061425,[0.51294559 0.33447188],[0.53580558 0.32800955],[0.55736214 0.32982194],[0.57321161 0.33579123],[0.55186629 0.3406859 ],[0.5304305  0.33891708],1663671819600
316,0.21167456358287448,0.31565943528495843,0.26366699943391647,[0.51740146 0.33362654],[0.54153365 0.32695255],[0.56380135 0.3292754 ],[0.57950091 0.33566195],[0.55733138 0.34077117],[0.5352878 0.3384819],1663671819621
317,0.21612943273772164,0.3085859666665343,0.26235769970212797,[0.52263355 0.33887002],[0.54618925 0.33278403],[0.56759739 0.33516261],[0.58254248 0.34117782],[0.56118864 0.34648776],[0.53990233 0.34405136],1663671819644
318,0.2140214096902254,0.26767136925713864,0.24084638947368203,[0.52182627 0.33729869],[0.54506296 0.33097446],[0.56637198 0.33324564],[0.58126783 0.33905917],[0.56043577 0.34447518],[0.53929561 0.34234849],1663671819663
319,0.20841780170070393,0.27859447704176166,0.24350613937123278,[0.51687568 0.33348733],[0.54045308 0.32706964],[0.56204295 0.32919353],[0.57731378 0.33500171],[0.55610245 0.34030584],[0.53460842 0.33823225],1663671819685
320,0.20213135142180694,0.3010143156004628,0.2515728335111349,[0.50998831 0.3354212 ],[0.53239    0.32952386],[0.55310607 0.3313247 ],[0.56860894 0.33678368],[0.54757464 0.34185466],[0.52691114 0.33998623],1663671819705
321,0.20120016798882834,0.2836161880315431,0.24240817801018572,[0.50582051 0.33602405],[0.52909964 0.33002618],[0.550291   0.33198437],[0.56573367 0.33737633],[0.54414594 0.34243819],[0.52300626 0.34035128],1663671819736
322,0.2181259647222656,0.2972838083714998,0.2577048865468827,[0.50872391 0.33175871],[0.53182679 0.3248086 ],[0.55314326 0.3264761 ],[0.56837046 0.33203852],[0.54683644 0.33801171],[0.5258472  0.33620977],1663671819760
323,0.2254916644101897,0.2759560454895156,0.2507238549498526,[0.51130491 0.32343552],[0.53343129 0.31645   ],[0.55440718 0.31861019],[0.56942707 0.32461983],[0.54785359 0.33004254],[0.52740508 0.32801402],1663671819780
324,0.2108643573959003,0.2821869968556726,0.24652567712578644,[0.50288004 0.32194826],[0.52475441 0.31577739],[0.54547727 0.31786856],[0.56089288 0.3238233 ],[0.53977162 0.32871181],[0.51937377 0.32675537],1663671819805
325,0.20213895791320796,0.29930813116096927,0.2507235445370886,[0.49418792 0.32498175],[0.5153901  0.31872064],[0.53596878 0.32018295],[0.55155146 0.32554683],[0.53035891 0.33056709],[0.51031131 0.32891491],1663671819828
326,0.21599912944729288,0.2975534384565469,0.25677628395191987,[0.48832712 0.32895333],[0.50795692 0.32169616],[0.5274713  0.32235104],[0.54290247 0.32732934],[0.52249271 0.33330053],[0.5035457 0.33238  ],1663671819849
327,0.200827741907512,0.3158957087803116,0.2583617253439118,[0.48531941 0.32955322],[0.50476193 0.32254031],[0.5245533  0.32277682],[0.54046208 0.32677141],[0.51937425 0.3329314 ],[0.50022733 0.33231741],1663671819869
328,0.2190309795417898,0.2960150135274543,0.2575229965346221,[0.48962319 0.32794243],[0.50979954 0.32054949],[0.53015816 0.32121798],[0.54582256 0.32572001],[0.52455354 0.33247474],[0.50488597 0.33156666],1663671819890
329,0.2368818812117499,0.2792380790924133,0.25805998015208165,[0.49660361 0.32301691],[0.51633698 0.31562164],[0.53640658 0.31703532],[0.55198634 0.32270804],[0.53043371 0.32896635],[0.51110631 0.32740939],1663671819911
330,0.23913680136764143,0.2518150483405601,0.24547592485410077,[0.49953035 0.31833047],[0.51958597 0.31171709],[0.53931063 0.3138628 ],[0.55408251 0.31975013],[0.53281486 0.32536286],[0.51385111 0.32326317],1663671819932
331,0.23331076108134605,0.2554835982836569,0.24439717968250146,[0.4990471  0.31739703],[0.51901799 0.31064892],[0.53920341 0.31260917],[0.55444509 0.31841758],[0.53327399 0.32433966],[0.51393276 0.32229769],1663671819952
332,0.22308471827907858,0.27164055831095774,0.24736263829501814,[0.49712941 0.31804734],[0.51546091 0.31120715],[0.53477859 0.31273431],[0.55044675 0.31832656],[0.52983761 0.32371318],[0.51141107 0.32223654],1663671819971
333,0.23948296687692525,0.28230665363907115,0.2608948102579982,[0.49430016 0.31996402],[0.51200044 0.31257242],[0.53091192 0.31390893],[0.5461309  0.31953719],[0.52603024 0.32551843],[0.50815934 0.32418558],1663671819992
334,0.21979450663977573,0.29818798981407285,0.2589912482269243,[0.49403879 0.31982386],[0.51338023 0.31283137],[0.53351676 0.31411263],[0.54881257 0.31922954],[0.52827203 0.32517311],[0.50910497 0.32387084],1663671820017
335,0.2365017709766758,0.2815881294409526,0.2590449502088142,[0.49436432 0.32077113],[0.51333106 0.31314486],[0.53336632 0.31450099],[0.54839164 0.31975424],[0.52800202 0.32634822],[0.50913054 0.32497585],1663671820039
336,0.2423813639474557,0.28154220051085366,0.26196178222915467,[0.49423906 0.32096076],[0.5136236  0.31343555],[0.53408569 0.31499699],[0.54912925 0.32044676],[0.52838975 0.3273527 ],[0.5092423  0.32567975],1663671820061
337,0.22642572550260218,0.2804397325940075,0.25343272904830483,[0.49502173 0.32008925],[0.51461899 0.31310233],[0.5349192  0.31442168],[0.54998481 0.31947088],[0.52920043 0.32586992],[0.51004767 0.32429972],1663671820082
338,0.22277380875393907,0.31869951895450915,0.2707366638542241,[0.49490359 0.3182607 ],[0.51413095 0.31195471],[0.53376144 0.31319466],[0.5486396  0.31783909],[0.52804685 0.32414252],[0.50945961 0.32256502],1663671820103
339,0.22427200608071507,0.2948392366952571,0.25955562138798605,[0.49544331 0.31639922],[0.51594818 0.31006896],[0.53639895 0.31144103],[0.55138505 0.31617382],[0.5302316  0.32281378],[0.51064503 0.32100627],1663671820124
340,0.21477651809619525,0.2832799952155506,0.24902825665587291,[0.49494907 0.31147069],[0.51507831 0.30594957],[0.53518951 0.30725482],[0.5498172  0.31101927],[0.52894461 0.31774974],[0.50974029 0.31597412],1663671820143
341,0.19368005266760496,0.23006069461772322,0.2118703736426641,[0.49249271 0.30738598],[0.51145017 0.30297539],[0.5313285 0.3044098],[0.54622221 0.30766547],[0.5260362  0.31383634],[0.50712359 0.31199363],1663671820163
342,0.21522528628421883,0.2744785888984483,0.24485193759133356,[0.49079174 0.30907971],[0.511213   0.30338231],[0.53150111 0.30419511],[0.54633856 0.30813295],[0.52633947 0.31537861],[0.50673676 0.31408   ],1663671820180
343,0.21271008387155974,0.25479250095455874,0.23375129241305925,[0.48892131 0.30978718],[0.50882787 0.30386332],[0.5288409 0.3044714],[0.54382491 0.30820528],[0.52414006 0.31550491],[0.50474012 0.31447697],1663671820202
344,0.20643203887324751,0.25308717649756396,0.22975960768540574,[0.49238777 0.3090916 ],[0.51127952 0.30343434],[0.53040117 0.30350527],[0.54584676 0.30683094],[0.52653748 0.31422424],[0.50776416 0.31353718],1663671820222
345,0.20380247661014503,0.2619551359413739,0.23287880627575946,[0.49264568 0.30711323],[0.51277739 0.30082268],[0.53314501 0.3010214 ],[0.5494684 0.3044782],[0.52870226 0.31206509],[0.50849771 0.31126174],1663671820243
346,0.21252868892196733,0.2637617895215412,0.2381452392217543,[0.49270457 0.30494925],[0.51246738 0.29770693],[0.53255659 0.2976889 ],[0.54920059 0.30166394],[0.52881569 0.3093546 ],[0.50876945 0.30891651],1663671820262
347,0.2085063517208027,0.2737363787175752,0.24112136521918898,[0.49712071 0.3053509 ],[0.51686555 0.29853579],[0.53671873 0.29850197],[0.55325586 0.30245063],[0.53321677 0.3099249 ],[0.51330543 0.30946308],1663671820280
348,0.21286475706567765,0.25018253109729754,0.2315236440814876,[0.49633953 0.30739203],[0.51626831 0.30076027],[0.53659463 0.30104658],[0.5531767  0.30555403],[0.53286517 0.31280285],[0.51271141 0.31209138],1663671820300
349,0.21938899398421746,0.2796682897448282,0.24952864186452284,[0.49599627 0.30889955],[0.51645583 0.30253211],[0.53669661 0.30332285],[0.55249578 0.30783379],[0.53235644 0.31517079],[0.51231092 0.31398225],1663671820323
350,0.21914577251971776,0.29035033582151987,0.2547480541706188,[0.49438751 0.31171414],[0.51511037 0.30555254],[0.53562975 0.30630401],[0.55127335 0.31045997],[0.53090155 0.31813705],[0.51069891 0.31692266],1663671820345
351,0.21064276584322436,0.2770805131119576,0.24386163947759099,[0.49108478 0.31563509],[0.51197582 0.30937406],[0.53239721 0.30987728],[0.54796702 0.31394443],[0.5278551  0.32126907],[0.50777131 0.32030356],1663671820365
352,0.20631484604028089,0.28501888060350533,0.2456668633218931,[0.49393833 0.31427649],[0.51527429 0.30817938],[0.53633237 0.30898088],[0.55182874 0.31311473],[0.53117687 0.32006282],[0.51067388 0.31890398],1663671820386
353,0.2091930921319551,0.2751206626436798,0.24215687738781744,[0.49768794 0.31255227],[0.51883131 0.30678448],[0.53953391 0.30769536],[0.55508971 0.31197542],[0.53440261 0.31888771],[0.51420903 0.3175379 ],1663671820404
354,0.2279352469111884,0.281795218110645,0.2548652325109167,[0.49998811 0.31306848],[0.52137315 0.30674756],[0.54210776 0.3080911 ],[0.55732965 0.31280839],[0.53613704 0.32006836],[0.51604003 0.31833696],1663671820424
355,0.21448849301860376,0.2905996188192882,0.25254405591894596,[0.49799812 0.31474176],[0.51823699 0.30804628],[0.53844023 0.30904233],[0.55381292 0.31372097],[0.53361011 0.32022667],[0.51398939 0.31901723],1663671820443
356,0.22217053331431716,0.2671048472631741,0.24463769028874566,[0.49779624 0.31268528],[0.51875383 0.30655929],[0.53899354 0.30783948],[0.55411673 0.31212717],[0.53342801 0.31935823],[0.51356864 0.31764001],1663671820467
357,0.21912594713249856,0.2592609503056141,0.23919344871905632,[0.497574   0.31541076],[0.51852298 0.30931965],[0.53911984 0.31048569],[0.55457705 0.31493631],[0.5338015  0.32208261],[0.513686   0.32054627],1663671820487
358,0.20800421816288617,0.2847432857856064,0.2463737519742463,[0.49278572 0.31466183],[0.51315188 0.30816039],[0.53359717 0.30884257],[0.54925525 0.31284946],[0.52861488 0.31979695],[0.50865853 0.31871331],1663671820506
359,0.1956695365845717,0.2992552239078481,0.2474623802462099,[0.49455795 0.31108025],[0.51521462 0.30560049],[0.5355252  0.30598336],[0.55146521 0.30946928],[0.53092927 0.31651375],[0.51076871 0.31543124],1663671820526
360,0.21273867063108146,0.26994952793815397,0.2413440992846177,[0.49480626 0.30870679],[0.51527959 0.303054  ],[0.53541273 0.30426282],[0.55089051 0.30845758],[0.53027529 0.3153103 ],[0.51049799 0.31370953],1663671820546
361,0.21318948745605915,0.2881386765407142,0.25066408199838663,[0.49569613 0.31483936],[0.5170154  0.30917501],[0.5378598 0.3106519],[0.55342984 0.31563225],[0.5327931 0.3221091],[0.51240599 0.32035318],1663671820575
362,0.21480689479144496,0.2539307057554875,0.23436880027346624,[0.49531573 0.31586623],[0.51582539 0.30954197],[0.53591204 0.31061047],[0.55109179 0.31486842],[0.5308311  0.32169688],[0.51115584 0.32034686],1663671820596
363,0.22324785517531323,0.26148962683723176,0.24236874100627248,[0.49696192 0.31792971],[0.51680809 0.31138736],[0.53682673 0.31204987],[0.55236542 0.31660619],[0.53235239 0.32385406],[0.51282966 0.32283658],1663671820617
364,0.22236839639463424,0.25554302839657583,0.23895571239560504,[0.4950532  0.31831554],[0.51573765 0.31143031],[0.5361619  0.31259915],[0.55146855 0.3173269 ],[0.53126281 0.32430932],[0.51129609 0.32300773],1663671820641
365,0.21500868537992057,0.24994688632648623,0.2324777858532034,[0.49472094 0.31706381],[0.51525372 0.31098849],[0.53533566 0.31205699],[0.55039454 0.31623203],[0.53009957 0.32312348],[0.51048768 0.32167438],1663671820661
366,0.2178023502806881,0.28591997325829477,0.2518611617694914,[0.49237853 0.316203  ],[0.51210415 0.30996057],[0.5318917  0.31083509],[0.54684544 0.31490129],[0.52683854 0.32184589],[0.50775182 0.32073238],1663671820686
367,0.21702147614530182,0.29661575728676676,0.2568186167160343,[0.49033272 0.31412897],[0.50993037 0.30730247],[0.52960199 0.30819646],[0.54486185 0.31265196],[0.52445126 0.3190513 ],[0.50541615 0.31805509],1663671820711
368,0.21362453471881243,0.3051961403254901,0.25941033752215126,[0.49582943 0.31315249],[0.51553696 0.30662331],[0.53550577 0.30776891],[0.5507319  0.31258586],[0.53035492 0.31853133],[0.51121008 0.31730714],1663671820732
369,0.20804556819712924,0.2994118187194227,0.253728693458276,[0.5063346  0.31644532],[0.5272938  0.31011385],[0.54758292 0.31134039],[0.56292874 0.31619224],[0.54299641 0.32219642],[0.52288413 0.32101947],1663671820751
370,0.22015225079276277,0.269535348397655,0.24484379959520886,[0.5052669  0.31950653],[0.52555209 0.31371149],[0.5454039  0.31547812],[0.56065631 0.32080162],[0.540227   0.32672778],[0.52090156 0.32478586],1663671820772
371,0.2132140812028697,0.2986238951052399,0.2559189881540548,[0.4984031  0.32037193],[0.51820588 0.31460211],[0.5376882  0.31572264],[0.55295074 0.32009843],[0.5334658  0.32667023],[0.51424235 0.32542658],1663671820792
372,0.22412058262446438,0.30480911619188256,0.2644648494081735,[0.49786267 0.32075042],[0.51728767 0.31344607],[0.53693056 0.31428236],[0.55264121 0.31917354],[0.53307825 0.32600564],[0.51373112 0.32514143],1663671820814
373,0.2165983803274274,0.22252782478385397,0.21956310255564068,[0.49927253 0.3197543 ],[0.51968271 0.31199449],[0.54026306 0.31282398],[0.55573624 0.31753758],[0.53562844 0.32423314],[0.51567143 0.32347825],1663671820836
374,0.21292269508943956,0.2742746199571621,0.24359865752330084,[0.5074057  0.31925955],[0.52954936 0.31184858],[0.55080533 0.31298119],[0.56618607 0.3175385 ],[0.54538232 0.32434368],[0.52442586 0.32319745],1663671820860
375,0.14288732185298048,0.19352754296224275,0.1682074324076116,[0.50518644 0.31787342],[0.52734357 0.31301469],[0.54890031 0.31354654],[0.56566745 0.31638265],[0.54481673 0.32116398],[0.52303618 0.32051158],1663671820887
376,0.11328318516939491,0.27143745465723196,0.19236031991331343,[0.50353765 0.31724381],[0.52438998 0.31567043],[0.54646444 0.31640872],[0.56394905 0.31686342],[0.54174167 0.32189617],[0.52001983 0.32041094],1663671820912
377,0.13323340011527227,0.2749826992079038,0.20410804966158802,[0.49959555 0.31801388],[0.5204041  0.31543401],[0.5415194  0.31609404],[0.55846494 0.31726506],[0.53753233 0.32305622],[0.51639354 0.32196605],1663671820939
378,0.1579535057541001,0.2072335184747436,0.18259351211442187,[0.49533683 0.31830737],[0.51567227 0.31427541],[0.53647357 0.31483275],[0.55314845 0.31675902],[0.53256452 0.32325807],[0.5118674  0.32241133],1663671820959
379,0.15106161406085422,0.1799042947412402,0.1654829544010472,[0.49257359 0.31777337],[0.51218325 0.31444603],[0.53253937 0.31496018],[0.54999846 0.31655008],[0.52893305 0.32306832],[0.50860238 0.32213217],1663671820983
380,0.1755209361121345,0.2652543466965218,0.22038764140432815,[0.48876134 0.31989089],[0.5090555  0.31463861],[0.52954137 0.31512463],[0.5458526  0.31795406],[0.52596527 0.324514  ],[0.50555146 0.32401061],1663671821004
381,0.2027358589786536,0.32075039021179325,0.2617431245952234,[0.48566434 0.32344246],[0.50447249 0.3174848 ],[0.52393746 0.31787017],[0.53995585 0.32129449],[0.51991767 0.32838276],[0.50079817 0.32761499],1663671821023
382,0.20606757887748328,0.3458717450995575,0.27596966198852035,[0.48072055 0.3211875 ],[0.49977154 0.31465673],[0.5194096  0.31458712],[0.53519374 0.31807026],[0.51585227 0.32548568],[0.49669254 0.32524058],1663671821048
383,0.20123125658289917,0.36270605701773695,0.2819686568003181,[0.47700945 0.31962499],[0.49516609 0.3130154 ],[0.51396281 0.31272888],[0.52982056 0.31553698],[0.51055032 0.32298207],[0.49205789 0.32305729],1663671821077
384,0.2144244742000327,0.33587856549173983,0.27515151984588626,[0.47627541 0.3196944 ],[0.4942382  0.31293473],[0.51291293 0.31251895],[0.52838129 0.3153736 ],[0.50921857 0.32336125],[0.49094841 0.32339755],1663671821100
385,0.19830735937651967,0.3566397246941514,0.27747354203533553,[0.47423041 0.31776577],[0.49315387 0.3117137 ],[0.51261538 0.31161663],[0.52800608 0.31439838],[0.50912178 0.32182273],[0.49025199 0.32189056],1663671821120
386,0.20649124468039198,0.28233321026259783,0.2444122274714949,[0.47353414 0.3158944 ],[0.49188465 0.30938888],[0.51114088 0.30900404],[0.52664971 0.31208104],[0.50783819 0.31975931],[0.48922738 0.31979632],1663671821140
387,0.20331096398941956,0.3587082196619275,0.28100959182567353,[0.47452021 0.31555173],[0.49346957 0.30935436],[0.51282942 0.30915743],[0.52846265 0.31224522],[0.50947088 0.31978548],[0.49052107 0.31977451],1663671821163
388,0.21178498467147067,0.2912801064609851,0.2515325455662279,[0.47736168 0.30972159],[0.49601546 0.30280545],[0.51542419 0.30292949],[0.53131723 0.30637929],[0.5116598  0.31394091],[0.49282801 0.31360558],1663671821185
389,0.20626542104653856,0.25818461151024086,0.2322250162783897,[0.47770163 0.30765513],[0.49754488 0.30155519],[0.51758474 0.30130386],[0.53357089 0.30424586],[0.5135088  0.31244037],[0.49376181 0.3121306 ],1663671821207
390,0.20901050690206213,0.2946415580587797,0.2518260324804209,[0.48103866 0.30442625],[0.50171858 0.29813141],[0.5224058  0.29806754],[0.53826416 0.30099463],[0.51769817 0.30950946],[0.49729818 0.3088474 ],1663671821229
391,0.20591999848056844,0.2761282304211226,0.24102411445084554,[0.48292762 0.30686232],[0.50394541 0.3007094 ],[0.52484548 0.30084711],[0.54080218 0.30406383],[0.5200541  0.31217107],[0.49953175 0.31140122],1663671821252
392,0.20109231055718652,0.28155211023488874,0.24132221039603763,[0.48132083 0.30912122],[0.50181586 0.30194366],[0.52277106 0.30166385],[0.53973031 0.30535957],[0.51892018 0.31314436],[0.4982121  0.31279165],1663671821274
393,0.20272145489677842,0.26828499857896154,0.23550322673787,[0.47699484 0.30745479],[0.49676359 0.30012161],[0.51729405 0.29944229],[0.53418714 0.30283833],[0.51345766 0.31084809],[0.49315155 0.31075478],1663671821296
394,0.20839051293881172,0.25972012772655845,0.23405532033268509,[0.47439757 0.30818364],[0.49378526 0.3009336 ],[0.51368588 0.30027452],[0.53026491 0.30374202],[0.51052874 0.31179202],[0.49074081 0.31193569],1663671821322
395,0.2141940357016931,0.25125028248737824,0.23272215909453567,[0.47484326 0.30868724],[0.4932211  0.30133107],[0.51272517 0.30063775],[0.52921593 0.304037  ],[0.50972813 0.31225389],[0.4905915  0.31240422],1663671821343
396,0.2151474855216372,0.24871783412990311,0.23193265982577016,[0.47596315 0.31091535],[0.49439672 0.30358145],[0.51386392 0.3029274 ],[0.53056419 0.30647358],[0.51098752 0.31463188],[0.49167779 0.31477541],1663671821365
397,0.21584924302646216,0.28256946649432463,0.2492093547603934,[0.47281832 0.3122617 ],[0.49206018 0.30466962],[0.51218826 0.30410346],[0.52878976 0.3077265 ],[0.50843561 0.31594259],[0.48874059 0.31601635],1663671821388
398,0.20182316881036697,0.3064561707445265,0.25413966977744673,[0.46814975 0.31515291],[0.48647377 0.30760628],[0.50633484 0.30742377],[0.52400482 0.31144726],[0.50368983 0.31849024],[0.48409855 0.318569  ],1663671821409
399,0.20904032721045246,0.36930520368729214,0.28917276544887227,[0.46375248 0.31524527],[0.4816142 0.3077758],[0.50077009 0.30726072],[0.51786935 0.31098124],[0.49868187 0.31846431],[0.47969142 0.31890979],1663671821429
400,0.2248816931881106,0.32219055147588666,0.27353612233199864,[0.46177486 0.31643802],[0.4796176  0.30850285],[0.49873117 0.3079077 ],[0.51574922 0.31161764],[0.49619171 0.31998086],[0.47728893 0.32031038],1663671821451
401,0.2189652300826212,0.38895003602014366,0.30395763305138246,[0.45769033 0.31899869],[0.47627234 0.3114596 ],[0.49595279 0.31068826],[0.51317388 0.31482026],[0.49316749 0.3229003 ],[0.47364718 0.32300603],1663671821472
402,0.22835835436791319,0.398851059452879,0.3136047069103961,[0.45398825 0.32218492],[0.47164771 0.31419227],[0.49090523 0.3135404 ],[0.50789052 0.31788856],[0.48833844 0.32588574],[0.46951088 0.32608867],1663671821491
403,0.22383378820862998,0.43156488766207757,0.3276993379353538,[0.45059705 0.32163474],[0.46732181 0.3142091 ],[0.48558697 0.31355321],[0.50178987 0.3173191 ],[0.48315465 0.32495347],[0.46527472 0.32536465],1663671821510
404,0.2329108756268946,0.45902783182489276,0.34596935372589366,[0.4490889  0.32054681],[0.46815354 0.31195241],[0.48800182 0.31155857],[0.5043233  0.31577846],[0.48503536 0.32411486],[0.46562988 0.32462674],1663671821535
405,0.2178048931234591,0.4284957589401723,0.3231503260318157,[0.44841653 0.31932417],[0.46660948 0.31158054],[0.48585865 0.31108725],[0.50230062 0.31509873],[0.48376063 0.32256523],[0.4648307  0.32332292],1663671821557
406,0.22865882130121176,0.4071205605438204,0.31788969092251607,[0.44655138 0.32086065],[0.4642815 0.3126125],[0.48301768 0.31194341],[0.49926049 0.31577301],[0.480499   0.32374051],[0.46207488 0.32456437],1663671821581
407,0.1999049094548455,0.3435458309285011,0.2717253701916733,[0.44877753 0.32087925],[0.46395019 0.31431225],[0.48080763 0.31331283],[0.49677038 0.31562504],[0.47877622 0.32274759],[0.46206993 0.32377902],1663671821604
408,0.20950032257559123,0.37186791295061983,0.29068411776310554,[0.45129672 0.32550597],[0.46782285 0.31797233],[0.48531145 0.31654149],[0.50069928 0.31937107],[0.48251662 0.32662955],[0.46526247 0.3280426 ],1663671821623
409,0.20301847286429292,0.48183525151912304,0.342426862191708,[0.44797647 0.32804364],[0.46615255 0.32156962],[0.48447499 0.32123047],[0.50022924 0.3248899 ],[0.48002613 0.33108357],[0.46180132 0.33106431],1663671821644
410,0.20785517614144852,0.4428139591206586,0.32533456763105356,[0.44214973 0.32904357],[0.4612304  0.32204771],[0.48059088 0.32196593],[0.49645472 0.32601944],[0.47621173 0.33251911],[0.45707995 0.33243352],1663671821664
411,0.19822073410454472,0.5196521401242339,0.3589364371143893,[0.43550313 0.33113164],[0.45480287 0.32514325],[0.47392789 0.3255271 ],[0.48955646 0.3295882 ],[0.46918258 0.33538717],[0.45029473 0.33462089],1663671821687
412,0.20588625611694414,0.3985495002122579,0.302217878164601,[0.42994392 0.33798495],[0.44932079 0.33290622],[0.46813086 0.33398947],[0.48285064 0.33819854],[0.46307859 0.34392369],[0.44490337 0.34258652],1663671821718
413,0.21379660718910756,0.3813515512892003,0.2975740792391539,[0.42424884 0.33729109],[0.44384596 0.33221143],[0.4628095  0.33316353],[0.47721437 0.33731875],[0.45747784 0.34355921],[0.4391548  0.34212172],1663671821743
414,0.20593693389914117,0.4271886933204557,0.31656281360979843,[0.42554083 0.33882207],[0.44501314 0.33364359],[0.46395245 0.33439672],[0.47846287 0.33834612],[0.45879841 0.34435555],[0.44030398 0.3431229 ],1663671821769
415,0.19678037416493424,0.42723377163207554,0.3120070728985049,[0.42886218 0.34032094],[0.44809482 0.33509073],[0.46720856 0.33502769],[0.48211098 0.33776647],[0.46255785 0.34483051],[0.44391137 0.34431726],1663671821791
416,0.24835654828056605,0.3810547426352033,0.31470564545788465,[0.43927217 0.34029895],[0.45599341 0.33233279],[0.47338095 0.33153313],[0.48803896 0.33502704],[0.47078666 0.34360862],[0.45373803 0.34413239],1663671821813
417,0.23223280979620645,0.33474093616589745,0.28348687298105196,[0.44929263 0.33733916],[0.46670613 0.32953507],[0.48471159 0.32859731],[0.4995999  0.33176216],[0.48136887 0.34010005],[0.46375307 0.34068105],1663671821834
418,0.18513883401213524,0.36930453472521557,0.2772216843686754,[0.45331246 0.33157718],[0.47172329 0.32549623],[0.4910889 0.3245762],[0.50680798 0.32645684],[0.48715147 0.3341817 ],[0.46854836 0.3344686 ],1663671821855
419,0.21554011276404017,0.34132584597240445,0.2784329793682223,[0.45207903 0.32753801],[0.4701305  0.31899029],[0.48925573 0.31774247],[0.50522476 0.32041496],[0.48638642 0.3291744 ],[0.46769392 0.33005357],1663671821879
420,0.21753312735431402,0.32254819346027636,0.2700406604072952,[0.44750774 0.32742321],[0.46414581 0.31838328],[0.4825407  0.31628808],[0.49850464 0.31822568],[0.47995594 0.32760131],[0.46208686 0.32912803],1663671821899
421,0.21861606608761308,0.3554940540082651,0.2870550600479391,[0.44242027 0.32673514],[0.45909032 0.31741476],[0.4777137  0.31516156],[0.49341047 0.3167088 ],[0.47615013 0.32654405],[0.45803404 0.32859707],1663671821919
422,0.2085741439121397,0.3249741992651373,0.2667741715886385,[0.44218674 0.32667506],[0.45925725 0.31740433],[0.47792569 0.31473678],[0.49365351 0.31605273],[0.47622451 0.32574204],[0.45797318 0.32811344],1663671821940
423,0.21186338487106218,0.31630003181296606,0.2640817083420141,[0.44887221 0.32254416],[0.46506208 0.31358641],[0.48337305 0.31112534],[0.4992736  0.31239977],[0.4816584  0.32209706],[0.46388674 0.32420135],1663671821960
424,0.20874835499725963,0.29783956727392236,0.253293961135591,[0.45714179 0.32103288],[0.47513607 0.31174377],[0.49448991 0.3093279 ],[0.51067108 0.31102335],[0.49267232 0.32071322],[0.47356185 0.32283881],1663671821981
425,0.21999190793308732,0.30531357314788,0.26265274054048365,[0.46537152 0.3173826 ],[0.48307538 0.30835199],[0.50235313 0.30590901],[0.51875633 0.30781201],[0.50071889 0.31800273],[0.48150221 0.31990466],1663671822002
426,0.2150458315096567,0.29532414105712806,0.25518498628339237,[0.46963412 0.31405026],[0.48787826 0.30554697],[0.50742638 0.30350634],[0.52395308 0.30545262],[0.50528437 0.31540796],[0.48587686 0.31693253],1663671822022
427,0.2198237973394581,0.3032552180277431,0.26153950768360057,[0.46906486 0.31291571],[0.48679155 0.30472022],[0.50592309 0.30289418],[0.52204579 0.30497721],[0.50391757 0.31476241],[0.48504931 0.31610414],1663671822040
428,0.2072307948098801,0.31194818094091653,0.2595894878753983,[0.46769765 0.31348133],[0.48579621 0.30584255],[0.50503403 0.30408856],[0.52098632 0.30594286],[0.50281459 0.31527975],[0.48388597 0.31657067],1663671822063
429,0.18671705005544473,0.3354461495523197,0.26108159980388224,[0.46423104 0.31607834],[0.48259863 0.30918702],[0.50207859 0.3078706 ],[0.51796037 0.30939877],[0.49928766 0.31776607],[0.48019761 0.31882989],1663671822087
430,0.20503481082459712,0.31793193900848504,0.26148337491654106,[0.46075252 0.3177951 ],[0.47759145 0.31018409],[0.49580353 0.30845955],[0.51235569 0.31044301],[0.49385294 0.31921089],[0.47558925 0.32043818],1663671822106
431,0.21019102386743257,0.382499255012581,0.2963451394400068,[0.45279953 0.3195447 ],[0.47054929 0.31170678],[0.48917109 0.31018621],[0.50570536 0.31301793],[0.48665202 0.32130247],[0.46776274 0.3223595 ],1663671822130
432,0.20338466682843803,0.5152460927759791,0.35931537980220857,[0.44638598 0.31943199],[0.46795449 0.31222188],[0.4894765  0.31152877],[0.50580317 0.31485724],[0.48562318 0.32320014],[0.46423081 0.32357651],1663671822154
433,0.221399368133952,0.41109178153957593,0.31624557483676397,[0.44063872 0.3248888 ],[0.46140963 0.31500369],[0.48290128 0.31451106],[0.49818549 0.31911546],[0.47891766 0.32659   ],[0.45843485 0.32754642],1663671822175
434,0.21447096425761616,0.4902492940452192,0.3523601291514177,[0.42932603 0.32773179],[0.45091826 0.32021779],[0.47214547 0.32036912],[0.48681185 0.32447305],[0.46632123 0.33145064],[0.44602612 0.33137083],1663671822200
435,0.21360369810410554,0.5015167849461557,0.3575602415251306,[0.42226213 0.33348894],[0.44186091 0.32627973],[0.46093857 0.32709426],[0.47490489 0.33151016],[0.45588011 0.33704534],[0.43759274 0.3367883 ],1663671822223
436,0.2244620912212621,0.41509675492903403,0.31977942307514806,[0.41294575 0.33361787],[0.43357557 0.32622954],[0.45340282 0.32739684],[0.4670831  0.33217442],[0.44779444 0.33809233],[0.42900506 0.33757931],1663671822242
437,0.21508564024964416,0.3550502057912348,0.2850679230204395,[0.40966865 0.33419484],[0.42955095 0.32713658],[0.44907895 0.32880744],[0.4626517  0.33396694],[0.44380447 0.33868748],[0.4254902  0.33799428],1663671822263
438,0.22364387571001826,0.36436605179653797,0.2940049637532781,[0.41166005 0.33579883],[0.43094611 0.32987303],[0.44943246 0.3316507 ],[0.46242222 0.33622077],[0.44305846 0.34110346],[0.42560437 0.33983651],1663671822282
439,0.21989605461146144,0.33890812165460865,0.279402088133035,[0.41035402 0.33680317],[0.42996055 0.3309783 ],[0.44848272 0.33290464],[0.46138123 0.33760497],[0.44223994 0.34218124],[0.42463812 0.34090388],1663671822302
440,0.22919697155653984,0.32143372867662523,0.27531535011658254,[0.41142172 0.33939636],[0.42964357 0.33414441],[0.4470706  0.33633611],[0.45987874 0.34144253],[0.44149712 0.34590212],[0.42486334 0.34422988],1663671822321
441,0.22697246523476708,0.31023924954220705,0.2686058573884871,[0.41236573 0.34037408],[0.43107733 0.33589447],[0.44824514 0.33867076],[0.46034661 0.343683  ],[0.44246688 0.34780777],[0.42598513 0.34566921],1663671822343
442,0.21245595241650342,0.3310009010495614,0.27172842673303244,[0.41387367 0.34259909],[0.43319419 0.33826882],[0.45155761 0.3410987 ],[0.46428278 0.34672534],[0.44601673 0.35030258],[0.42846343 0.34791973],1663671822364
443,0.2220807484206846,0.25746952722447236,0.23977513782257848,[0.4188709  0.34417525],[0.4386526  0.34023395],[0.45731199 0.34346682],[0.46989265 0.34921074],[0.45066926 0.35286993],[0.43303415 0.34999114],1663671822383
444,0.2187402420395409,0.28662776857548344,0.25268400530751217,[0.42259976 0.34317258],[0.44290602 0.33968854],[0.46165219 0.34322006],[0.47400635 0.34894547],[0.45484594 0.35244989],[0.43725163 0.34931323],1663671822405
445,0.21697860272514113,0.3576634291058079,0.28732101591547454,[0.41995737 0.33993158],[0.44172087 0.33568528],[0.46198303 0.33920866],[0.47545597 0.34532467],[0.45533794 0.34944543],[0.43598282 0.34621653],1663671822425
446,0.215326547423309,0.3416840881160176,0.2785053177696633,[0.42307994 0.33759129],[0.44411865 0.33390921],[0.46334669 0.33670676],[0.47646397 0.34240305],[0.4575772  0.34694064],[0.43896335 0.34400406],1663671822443
447,0.21163894189548477,0.44390167158572064,0.3277703067406027,[0.43252632 0.33950767],[0.45330673 0.33504498],[0.47256535 0.33788356],[0.48651746 0.34352842],[0.46646589 0.34766746],[0.44783133 0.34502926],1663671822463
448,0.22066538762155227,0.37372083070576595,0.2971931091636591,[0.43918708 0.33841127],[0.45907375 0.33384892],[0.47768918 0.33566269],[0.4917978  0.34055629],[0.47262546 0.3462671 ],[0.45411897 0.344212  ],1663671822485
449,0.24004633402420372,0.3948151157500609,0.3174307248871323,[0.45348996 0.3341459 ],[0.47325698 0.32853824],[0.49224675 0.32983306],[0.50685555 0.33472064],[0.4872044  0.34183669],[0.4683181  0.34013236],1663671822508
450,0.21241620088506838,0.4561517311002447,0.33428396599265653,[0.46340165 0.3328073 ],[0.48378986 0.3283788 ],[0.50332987 0.33008879],[0.51773465 0.33441794],[0.49778759 0.34047127],[0.47863653 0.33846161],1663671822528
451,0.19261353149810362,0.3986796668145564,0.29564659915633,[0.469542   0.33241114],[0.49015296 0.32882798],[0.51005423 0.3309108 ],[0.52488571 0.33491501],[0.50485194 0.34040627],[0.48541099 0.33821249],1663671822552
452,0.206499624974337,0.409057421771197,0.307778523372767,[0.47315675 0.3319279 ],[0.4940156 0.327344 ],[0.51380408 0.32950008],[0.52834636 0.33420888],[0.50843787 0.33970004],[0.4891212  0.33751494],1663671822574
453,0.19223191993031058,0.3739063492112728,0.2830691345707917,[0.47471493 0.33259216],[0.49533102 0.32895631],[0.51519901 0.33124861],[0.52989221 0.33543828],[0.51014745 0.34069651],[0.49073654 0.33842918],1663671822601
454,0.2159401418071468,0.3569308332414407,0.28643548752429376,[0.46983269 0.33161244],[0.48983225 0.32653353],[0.5096609  0.32868212],[0.52469563 0.33368754],[0.50455493 0.33959448],[0.48544219 0.3373391 ],1663671822626
455,0.20224643473299603,0.3567063884926058,0.2794764116128009,[0.46368    0.33169514],[0.48415664 0.32644475],[0.50406474 0.32755098],[0.51951712 0.33140475],[0.4995445  0.33805293],[0.47983864 0.3367275 ],1663671822645
456,0.2162966931385844,0.38184294875453206,0.2990698209465582,[0.46044573 0.33266851],[0.48001075 0.32625481],[0.49940351 0.3265084 ],[0.51456076 0.32989112],[0.49556118 0.33777347],[0.47639716 0.33721265],1663671822664
457,0.20398947933224726,0.40796763944942094,0.30597855939083407,[0.45822203 0.33516586],[0.47760195 0.32954347],[0.49706182 0.33001682],[0.51247025 0.3332274 ],[0.49303478 0.34054196],[0.47388819 0.33976686],1663671822682
458,0.21261556107509785,0.41014075166676917,0.3113781563709335,[0.45619583 0.33753726],[0.47493145 0.33148631],[0.49371275 0.33233336],[0.50907159 0.33622369],[0.48958734 0.34286037],[0.47119287 0.34202784],1663671822702
459,0.19238794853299493,0.4358995633953829,0.3141437559641889,[0.45869082 0.34397268],[0.47967151 0.34028089],[0.49950472 0.34191072],[0.51460147 0.34538218],[0.49447116 0.35158789],[0.47477841 0.34969738],1663671822722
460,0.17220560850693717,0.38063301285505974,0.27641931068099845,[0.45657748 0.35004717],[0.47707671 0.34728673],[0.49691281 0.34936807],[0.51242346 0.35294178],[0.49216396 0.35786802],[0.47253343 0.35565636],1663671822743
461,0.14990088066963667,0.3496995856463941,0.24980023315801536,[0.44782567 0.35612357],[0.46706173 0.35456973],[0.48637468 0.35685077],[0.50170666 0.35958564],[0.48119166 0.36335602],[0.46258149 0.36103922],1663671822764
462,0.20859228973369787,0.357988661734174,0.28329047573393595,[0.44930321 0.36120817],[0.46974409 0.35663477],[0.48918754 0.35827976],[0.50399262 0.36201614],[0.4836612  0.36853009],[0.46478975 0.36664918],1663671822786
463,0.1741233129301763,0.3410731605812837,0.25759823675573,[0.44068149 0.36160725],[0.45900065 0.3582561 ],[0.4774802  0.35961023],[0.49300572 0.3627404 ],[0.47273475 0.36761421],[0.45467538 0.36605844],1663671822806
464,0.20483229592178806,0.3520732829149743,0.2784527894183812,[0.43859383 0.36074844],[0.45743129 0.35582507],[0.47549748 0.35698524],[0.49009508 0.36076331],[0.47103637 0.36653221],[0.45309809 0.36545551],1663671822825
465,0.20314077913504297,0.3957837846063976,0.2994622818707203,[0.44174954 0.36243519],[0.46102706 0.3579489 ],[0.47964475 0.35918629],[0.49402294 0.36304429],[0.47526428 0.368855  ],[0.45678592 0.36769012],1663671822847
466,0.20040890199402375,0.3241398957147604,0.2622743988543921,[0.44271901 0.35754287],[0.46174759 0.35297748],[0.47999629 0.35414764],[0.49415365 0.35800087],[0.47526041 0.36338511],[0.4572323  0.36216378],1663671822871
467,0.16380881872860015,0.39387266214957833,0.27884074043908924,[0.44388008 0.36685151],[0.46193737 0.36360991],[0.48031789 0.36494738],[0.49579784 0.36761123],[0.4754498 0.3720881],[0.45726943 0.37055588],1663671822891
468,0.1384493163697759,0.31998124665301875,0.2292152815113973,[0.44062933 0.36640167],[0.45680034 0.36394152],[0.47432277 0.36525318],[0.48999146 0.36735159],[0.47035101 0.37092853],[0.45339856 0.36976442],1663671822912
469,0.20359061044085297,0.3609062072158646,0.2822484088283588,[0.43876529 0.36236456],[0.45819333 0.35754019],[0.47665423 0.35872996],[0.49064386 0.36241192],[0.47199345 0.36816522],[0.45364171 0.36711359],1663671822935
470,0.1830017384785225,0.37703617877244877,0.28001895862548565,[0.43687969 0.36208814],[0.45682564 0.35763541],[0.47601953 0.35884285],[0.49047431 0.36226919],[0.47092092 0.36735842],[0.45210373 0.36609784],1663671822958
471,0.20371865924470867,0.3523589274368106,0.27803879334075965,[0.44326252 0.36384207],[0.46053061 0.35934758],[0.47784173 0.36047423],[0.4914583  0.36335534],[0.47356367 0.3693015 ],[0.45676917 0.36842778],1663671822990
472,0.2105662577289335,0.3005864556012593,0.25557635666509637,[0.44303992 0.35736769],[0.46110091 0.35196143],[0.47908515 0.35286936],[0.49316102 0.3562023 ],[0.47493538 0.3625688 ],[0.45728326 0.36181092],1663671823011
473,0.2005299183122771,0.34749421545370884,0.27401206688299296,[0.43801183 0.35662681],[0.45558494 0.35066846],[0.47363326 0.35101685],[0.48842895 0.35397631],[0.46973443 0.36039031],[0.45203695 0.36012074],1663671823032
474,0.20237465798516546,0.3798670516227147,0.2911208548039401,[0.42803392 0.36133245],[0.44675761 0.3537063 ],[0.46577293 0.3532719 ],[0.4807421  0.35625789],[0.46225014 0.36334261],[0.4436014 0.3639963],1663671823052
475,0.20469024528755123,0.49056452693593905,0.34762738611174515,[0.41767523 0.3705833 ],[0.4356437  0.36204255],[0.45415372 0.36074886],[0.46812475 0.36311918],[0.45147973 0.37076858],[0.43339309 0.37230617],1663671823074
476,0.21362742913896138,0.4242291620343598,0.3189282955866606,[0.42064378 0.3783896 ],[0.43647853 0.37013283],[0.45383215 0.36908075],[0.46753278 0.37104809],[0.45065597 0.37868121],[0.43426985 0.3800554 ],1663671823096
477,0.2252523418154662,0.37310036660100704,0.29917635420823663,[0.42601863 0.38199016],[0.44211447 0.37395716],[0.45895436 0.37253955],[0.47208434 0.37428626],[0.45591176 0.38273093],[0.43956974 0.38404635],1663671823117
478,0.22672353664937095,0.37794175575350764,0.3023326462014393,[0.42517149 0.38297448],[0.44013241 0.37494299],[0.45630231 0.37389076],[0.46934247 0.37592399],[0.45387822 0.38371173],[0.43812466 0.38490981],1663671823137
479,0.2623638755657001,0.36221014514003735,0.31228701035286877,[0.42490032 0.37989664],[0.43964535 0.37023512],[0.45608342 0.3691026 ],[0.46844214 0.37137011],[0.45303538 0.38026953],[0.43748105 0.38173941],1663671823158
480,0.2529647178667183,0.4705562219138838,0.3617604698903011,[0.43203688 0.37237784],[0.4454729  0.36440319],[0.46051246 0.36392269],[0.47273061 0.366245  ],[0.45771578 0.37387308],[0.4433468  0.37467006],1663671823183
481,0.23749679818352457,0.4335675501400276,0.3355321741617761,[0.43043679 0.36991432],[0.44571257 0.36135677],[0.46215898 0.3605777 ],[0.47415191 0.36305776],[0.4595561  0.37059361],[0.44386306 0.37186491],1663671823205
482,0.23770332356916268,0.3711832160553368,0.30444326981224973,[0.4321759  0.37000364],[0.4471769  0.36133894],[0.46364933 0.3611145 ],[0.47659552 0.36412707],[0.46055308 0.37108886],[0.44476074 0.37192419],1663671823227
483,0.22115949523928974,0.4757689081588281,0.3484642016990589,[0.43063545 0.36910912],[0.44548041 0.36260101],[0.46138722 0.36238953],[0.47380269 0.36419028],[0.45756641 0.37128511],[0.44238374 0.37162003],1663671823250
484,0.24630405861730598,0.38978134420899135,0.31804270141314867,[0.42590287 0.37096226],[0.44072446 0.36232203],[0.45744777 0.36204556],[0.47031033 0.36500168],[0.45450696 0.37250808],[0.43874297 0.3733491 ],1663671823272
485,0.22340337009200176,0.5085585416364986,0.36598095586425017,[0.42176825 0.37245345],[0.43677333 0.36499563],[0.4529947  0.36478424],[0.46537191 0.36727998],[0.44980016 0.37405524],[0.43447176 0.37453502],1663671823290
486,0.19782868771054507,0.4233160314421516,0.3105723595763483,[0.42485344 0.37341744],[0.44026074 0.36847794],[0.45675617 0.36804995],[0.46924984 0.36854744],[0.45239729 0.37608364],[0.43682036 0.37628457],1663671823314
487,0.23408331078326525,0.4347425289358327,0.33441291985954896,[0.42750895 0.37006977],[0.44412965 0.36283472],[0.46117505 0.36280546],[0.47345975 0.36521804],[0.45656967 0.37272716],[0.44043395 0.37286958],1663671823334
488,0.22111461488922188,0.32008763458385364,0.27060112473653775,[0.43307468 0.36316702],[0.4496879  0.35681787],[0.46684095 0.35715538],[0.4795706  0.35983136],[0.46224061 0.36653522],[0.44600517 0.36629495],1663671823355
489,0.2009280991711604,0.3455733593706115,0.27325072927088595,[0.43349272 0.36078149],[0.45063198 0.35515881],[0.46792263 0.35548502],[0.48125991 0.35829681],[0.4638409  0.36431998],[0.44706109 0.36395052],1663671823375
490,0.20836504747153758,0.39433107159763325,0.30134805953458543,[0.43222919 0.35825819],[0.44957182 0.35188311],[0.46696547 0.35281911],[0.48052785 0.35652047],[0.46287724 0.36197564],[0.44591299 0.36131081],1663671823395
491,0.21002456667046687,0.4129454156943717,0.3114849911824193,[0.4350647  0.35349971],[0.45242602 0.34736341],[0.46964404 0.3481456 ],[0.48321179 0.35168505],[0.46522287 0.35731393],[0.44834581 0.35655865],1663671823420
492,0.20824857831141858,0.3949308006261162,0.3015896894687674,[0.43213496 0.35002053],[0.4500601  0.34442702],[0.46756089 0.34542215],[0.48138592 0.3491711 ],[0.46298805 0.35465983],[0.44577056 0.35369045],1663671823441
493,0.18990034260903113,0.4222807193263905,0.3060905309677108,[0.42608619 0.34820968],[0.44458622 0.34269944],[0.46244282 0.34349909],[0.47601718 0.34676972],[0.45799428 0.35186657],[0.44034198 0.35119328],1663671823466
494,0.1792344656732244,0.4193291799240971,0.2992818227986607,[0.42755592 0.34454027],[0.44569165 0.33930469],[0.46340743 0.33982384],[0.47707641 0.34242082],[0.45938751 0.34770569],[0.44174251 0.34730288],1663671823486
495,0.17573340565173548,0.41222554263465083,0.29397947414319314,[0.42909357 0.34226692],[0.44742215 0.33713365],[0.46520504 0.33790556],[0.47895366 0.34077591],[0.46119127 0.34565505],[0.44341174 0.34497201],1663671823510
496,0.17777206615450003,0.37145344581170797,0.274612755983104,[0.43241405 0.34439096],[0.4505077  0.33956546],[0.46842542 0.34027067],[0.48228922 0.34281152],[0.46419421 0.34816036],[0.4465946  0.34743533],1663671823531
497,0.2068882703279289,0.38576410605013334,0.2963261881890311,[0.43392196 0.34407896],[0.45141894 0.33851677],[0.4689613  0.33928597],[0.48267671 0.34263259],[0.46410778 0.34837911],[0.44709054 0.34739271],1663671823552
498,0.20779538608017536,0.4155546858004957,0.3116750359403355,[0.43330249 0.34517592],[0.45139283 0.33909169],[0.46972275 0.33992505],[0.48377451 0.34353447],[0.46491081 0.3494564 ],[0.44734979 0.3485755 ],1663671823571
499,0.20473560771437557,0.4056004147888737,0.3051680112516246,[0.43297577 0.34735963],[0.45122668 0.34093142],[0.46967202 0.34156305],[0.48359737 0.34494033],[0.46474832 0.35090774],[0.44712156 0.35025713],1663671823589
500,0.20083576006179288,0.4219101982110972,0.311372979136445,[0.43757463 0.34372899],[0.45360234 0.3377113 ],[0.47022587 0.33814371],[0.48439118 0.34089717],[0.46595079 0.34661406],[0.44991994 0.34630692],1663671823612
501,0.2061114343016953,0.40117766692308743,0.3036445506123914,[0.4383232  0.34690684],[0.45628804 0.34012693],[0.47447321 0.34010312],[0.4887093  0.34289545],[0.47074544 0.3499065 ],[0.45313001 0.34998107],1663671823633
502,0.21125820963547126,0.35583639764960184,0.28354730364253655,[0.44358918 0.3480964 ],[0.46226841 0.34112301],[0.48075858 0.34079918],[0.49479383 0.34343919],[0.47684968 0.35104194],[0.4589316  0.35135341],1663671823653
503,0.20687735768396523,0.35555943422244424,0.28121839595320475,[0.45135    0.34256309],[0.46893102 0.3363924 ],[0.48699877 0.3368046 ],[0.50149304 0.33971009],[0.48295364 0.34644333],[0.4656302  0.34617803],1663671823672
504,0.2111752372812931,0.35380171882928785,0.2824884780552905,[0.4543241  0.33936176],[0.47183031 0.33293539],[0.48997226 0.33339381],[0.50415856 0.33640197],[0.48523468 0.34303278],[0.46813732 0.34259811],1663671823691
505,0.1883616772223248,0.3601157126481852,0.274238694935255,[0.45689598 0.33880454],[0.47500253 0.33300734],[0.49357915 0.33330461],[0.50835979 0.33616179],[0.48968601 0.34228832],[0.4717285  0.34205538],1663671823711
506,0.19930162611366323,0.3590218902387905,0.27916175817622685,[0.45884296 0.3372753 ],[0.47773078 0.33085075],[0.49688393 0.33074373],[0.51167822 0.3336837 ],[0.49322289 0.34077489],[0.47457266 0.3407917 ],1663671823731
507,0.21718298393098825,0.3799440009935333,0.29856349246226077,[0.45823658 0.33243948],[0.47655746 0.32491693],[0.49562418 0.32494968],[0.50995427 0.32825255],[0.49130699 0.33552843],[0.47315651 0.33549583],1663671823752
508,0.22009229539068315,0.3485570982245141,0.28432469680759864,[0.45949292 0.33246121],[0.4774605  0.32486936],[0.49603537 0.32462412],[0.51027429 0.32756391],[0.49247202 0.33536029],[0.47451967 0.33561918],1663671823772
509,0.21832940179784974,0.3570724691115537,0.2877009354547017,[0.4629657  0.33212283],[0.48232058 0.32432768],[0.50200808 0.3239114 ],[0.5166626  0.32700434],[0.4977017  0.33514795],[0.47872978 0.33527377],1663671823791
510,0.21319076832526318,0.3341908085602575,0.27369078844276035,[0.46486342 0.32701945],[0.48449388 0.31903037],[0.50452483 0.318883  ],[0.51957786 0.32217059],[0.50084805 0.33007506],[0.48132426 0.33023065],1663671823811
511,0.22898741216832538,0.3262149882547449,0.2776012002115351,[0.47325036 0.32754606],[0.49084502 0.31897426],[0.50992674 0.31870255],[0.5256331  0.32239744],[0.50635791 0.33034205],[0.4881224 0.3305907],1663671823832
512,0.21106801448143017,0.34091969952697304,0.2759938570042016,[0.47555909 0.32691318],[0.49499238 0.31892353],[0.51490289 0.31890514],[0.53018051 0.3224214 ],[0.51090652 0.32990342],[0.49153653 0.32982242],1663671823849
513,0.21278110345082538,0.332579808057558,0.2726804557541917,[0.47773209 0.32542232],[0.49689609 0.31747118],[0.51665789 0.31727862],[0.5316751  0.32058269],[0.51198852 0.32809466],[0.49299484 0.32804164],1663671823869
514,0.22029679883759168,0.34202590999131494,0.28116135441445333,[0.48040056 0.32489225],[0.49999779 0.31674129],[0.5199914  0.31658527],[0.53521675 0.32008177],[0.51546633 0.32809958],[0.49615341 0.32797459],1663671823889
515,0.21375774436586806,0.3349770965921812,0.2743674204790246,[0.47930783 0.32414958],[0.49843314 0.31621829],[0.51816976 0.31585768],[0.53352803 0.31918699],[0.51425886 0.32703173],[0.49516574 0.32717985],1663671823909
516,0.2044673386586794,0.3359460699272853,0.2702067042929823,[0.48217496 0.32590789],[0.50287181 0.31907886],[0.52392   0.3188698],[0.53965175 0.322191  ],[0.52005982 0.33024451],[0.49946773 0.33010691],1663671823930
517,0.22291023423045267,0.3011342390572966,0.26202223664387464,[0.48101574 0.32544053],[0.50175017 0.31738782],[0.52228558 0.3174884 ],[0.53723282 0.32099867],[0.51812357 0.32942396],[0.4980664  0.32933313],1663671823947
518,0.18883437811962955,0.31303586246163456,0.25093512029063203,[0.48340157 0.32307553],[0.50350201 0.31669909],[0.52402645 0.3165569 ],[0.53957963 0.31913781],[0.52027899 0.32667452],[0.50023031 0.3266547 ],1663671823968
519,0.2053596740177189,0.32599817397782027,0.2656789239977696,[0.48399508 0.32149285],[0.50432718 0.31484458],[0.52453554 0.31503236],[0.53965569 0.31818807],[0.52052188 0.3259005 ],[0.50070149 0.32556355],1663671823993
520,0.1933823379637092,0.3000187346542071,0.24670053630895816,[0.48702839 0.32191151],[0.50572366 0.31551003],[0.52488762 0.31586242],[0.5402565  0.31914234],[0.52124637 0.3255628 ],[0.50242007 0.32521656],1663671824016
521,0.1821417939550441,0.3195600070946871,0.2508509005248656,[0.48928434 0.31950113],[0.50979251 0.31398833],[0.53036898 0.31413397],[0.54569113 0.31659549],[0.52588856 0.32369652],[0.5057385  0.32314631],1663671824038
522,0.20106711083659026,0.3239083344812361,0.2624877226589132,[0.49244884 0.3204987 ],[0.51165026 0.31430697],[0.53143442 0.3147369 ],[0.54702604 0.31816062],[0.52726901 0.32512   ],[0.5079115  0.32441789],1663671824062
523,0.2072221412514529,0.318044427714247,0.26263328448284995,[0.49064964 0.31610253],[0.51020861 0.30997115],[0.53015548 0.31033331],[0.54535681 0.31378496],[0.52579284 0.32110998],[0.50638461 0.3203567 ],1663671824080
524,0.20930878843915057,0.2935673053972429,0.2514380469181967,[0.48896441 0.31393501],[0.50798917 0.30715045],[0.52722019 0.30719692],[0.54230303 0.31051505],[0.52329379 0.31786945],[0.50445724 0.3175706 ],1663671824100
525,0.2096466212774053,0.28608332805719167,0.24786497466729848,[0.48916093 0.3119638 ],[0.50804019 0.30512127],[0.52731931 0.30499277],[0.5424971  0.30815566],[0.52325797 0.31575549],[0.50455981 0.31546855],1663671824128
526,0.2197218696017887,0.2650340831388444,0.24237797637031655,[0.49194139 0.30961472],[0.51068163 0.30215448],[0.52999008 0.30189374],[0.54521006 0.3050462 ],[0.5260517  0.31323963],[0.50724638 0.31311318],1663671824149
527,0.20779950007998124,0.259875326124608,0.2338374131022946,[0.49626839 0.30955827],[0.5146594  0.30218953],[0.53384012 0.30189252],[0.54934424 0.30496421],[0.52973634 0.31248039],[0.51110017 0.31237072],1663671824175
528,0.2156493833436624,0.25140364215451444,0.23352651274908842,[0.49974543 0.31240937],[0.51851469 0.30442789],[0.53846854 0.30382869],[0.55429393 0.30692691],[0.53411132 0.31521982],[0.51499689 0.31532326],1663671824193
529,0.23115126417635737,0.27242998200298224,0.2517906230896698,[0.5025     0.31248444],[0.52039963 0.30327165],[0.54036808 0.30310538],[0.55697924 0.30727655],[0.53590703 0.31524953],[0.5169096  0.31513193],1663671824215
530,0.22661925342501713,0.23763458060524634,0.23212691701513172,[0.50275815 0.31648809],[0.52079141 0.3075611 ],[0.54051358 0.30718327],[0.556068   0.31087151],[0.53600961 0.31875622],[0.51743758 0.31895506],1663671824235
531,0.22732757675506915,0.22803294210993516,0.22768025943250214,[0.5022521  0.31828794],[0.52118808 0.30949503],[0.54107237 0.30944774],[0.55639118 0.31315935],[0.53629583 0.32117257],[0.51750451 0.32098329],1663671824256
532,0.2586695448702513,0.22352670079221534,0.24109812283123333,[0.50242597 0.31523317],[0.52028847 0.30501112],[0.53969747 0.30471063],[0.55483657 0.30873856],[0.53574151 0.31793514],[0.51736736 0.31820965],1663671824275
533,0.25429035482012136,0.20780935507067716,0.23104985494539926,[0.50546277 0.31056747],[0.52459258 0.30030388],[0.54507643 0.29965305],[0.5603705  0.30324426],[0.54071563 0.3133443 ],[0.52126855 0.313701  ],1663671824298
534,0.24618222953484212,0.22393877526871303,0.23506050240177756,[0.51185387 0.30870309],[0.53097457 0.2986424 ],[0.55081886 0.29769269],[0.56608552 0.30082828],[0.54668701 0.31079382],[0.52755737 0.3114385 ],1663671824319
535,0.2632168664150368,0.23117417407600438,0.24719552024552058,[0.515706   0.30984235],[0.53432733 0.29904881],[0.55413771 0.29858196],[0.56919956 0.30239442],[0.54976273 0.31232038],[0.53088611 0.31263399],1663671824344
536,0.25915427730713136,0.2409687282832767,0.250061502795204,[0.51920825 0.31169668],[0.53811651 0.3010149 ],[0.55790365 0.30071974],[0.57271969 0.30481839],[0.55374169 0.31423715],[0.53474975 0.31441852],1663671824364
537,0.27108311021936365,0.24207550336711986,0.25657930679324176,[0.51913464 0.31261221],[0.53708881 0.30177611],[0.55625063 0.30158302],[0.57109243 0.30580014],[0.55210036 0.31532052],[0.53386909 0.31546259],1663671824391
538,0.21047835034915055,0.2045379468385078,0.20750814859382916,[0.51905245 0.3168166 ],[0.53726035 0.30878076],[0.55647254 0.30810416],[0.57129258 0.31094998],[0.55240488 0.31865937],[0.53400964 0.31909797],1663671824410
539,0.18586368509828805,0.2511477099227944,0.21850569751054122,[0.51592892 0.3188113 ],[0.53443521 0.31304923],[0.55339181 0.31270224],[0.56892902 0.31497899],[0.54969084 0.32210717],[0.53101158 0.32206732],1663671824428
540,0.19594696868738457,0.236508507205093,0.21622773794623878,[0.51364344 0.31456724],[0.53211153 0.30851644],[0.55153066 0.30888933],[0.56689525 0.31186306],[0.54746544 0.31873095],[0.52879763 0.31821361],1663671824447
541,0.20628349214819908,0.2583413412413108,0.23231241669475494,[0.51396465 0.31018135],[0.53301054 0.30376652],[0.55246538 0.30460641],[0.56787324 0.30904064],[0.54797632 0.31506652],[0.52919084 0.31393602],1663671824473
542,0.1859971626380194,0.2477564299882667,0.21687679631314305,[0.5000726  0.30784789],[0.51969367 0.30189279],[0.54009283 0.30262634],[0.55588746 0.30636019],[0.53535998 0.31221461],[0.51572472 0.31115574],1663671824493
543,0.20768657381102137,0.2311326733375511,0.21940962357428623,[0.49653807 0.30805585],[0.51544756 0.30173108],[0.53486115 0.30198231],[0.55008352 0.30543205],[0.53113526 0.31272152],[0.51223105 0.31214657],1663671824512
544,0.20472962603123424,0.23949030038707947,0.22210996320915685,[0.49323636 0.31046885],[0.5123266  0.30379099],[0.53173494 0.30393153],[0.54721224 0.3074711 ],[0.52810967 0.31456381],[0.50896984 0.31416297],1663671824530
545,0.20905551908421113,0.2303553264860482,0.21970542278512967,[0.49124166 0.30949143],[0.51100296 0.30284488],[0.53111708 0.30275184],[0.54708171 0.30608904],[0.52721405 0.31408453],[0.50740308 0.31366649],1663671824551
546,0.20318511023255256,0.25832772253620206,0.23075641638437733,[0.49344411 0.30652204],[0.51306772 0.30016872],[0.5333733  0.30000067],[0.54940563 0.30362242],[0.52960223 0.31112424],[0.50973523 0.31067926],1663671824574
547,0.21447515484092258,0.27907796139867275,0.24677655811979765,[0.49918532 0.30166048],[0.51781625 0.29513153],[0.53701943 0.29529878],[0.55285382 0.29928884],[0.53289467 0.30638266],[0.51407826 0.30570748],1663671824595
548,0.20127265582965778,0.27700010681663906,0.2391363813231484,[0.50052404 0.29955259],[0.52000993 0.29361007],[0.53974509 0.29399154],[0.55546302 0.29794434],[0.53535587 0.30447942],[0.51604223 0.30360708],1663671824618
549,0.21727963162754219,0.2692762732712636,0.24327795244940287,[0.50377631 0.29882592],[0.52217817 0.29276824],[0.54116046 0.29359484],[0.55670339 0.29824808],[0.53657907 0.30447635],[0.51813495 0.30320728],1663671824640
550,0.2137216194543437,0.2787229493041897,0.24622228437926671,[0.50402123 0.29799637],[0.52310997 0.29201522],[0.54257214 0.2933327 ],[0.5580107  0.29852191],[0.53745407 0.30405042],[0.51879877 0.30235383],1663671824662
551,0.21684535790321838,0.3075335106090765,0.26218943425614744,[0.50106525 0.30226776],[0.51856458 0.29594073],[0.53708637 0.29710117],[0.55250156 0.30177519],[0.53272051 0.30749691],[0.51496893 0.30637157],1663671824683
552,0.21043642902109191,0.2971849126965448,0.25381067085881837,[0.49880809 0.30446592],[0.51711828 0.29836386],[0.53609943 0.29964066],[0.55156958 0.30428645],[0.5309183  0.30975533],[0.51280171 0.30830905],1663671824704
553,0.21837615759217163,0.31710994578077,0.26774305168647083,[0.49836677 0.30257434],[0.51679599 0.29605928],[0.53591198 0.29717574],[0.55153215 0.3019349 ],[0.53103954 0.30798504],[0.51270443 0.30666229],1663671824725
554,0.213735114535763,0.2887994473143045,0.25126728092503375,[0.50091338 0.29746592],[0.52019048 0.29162002],[0.5397889  0.29228854],[0.55535686 0.29644811],[0.53467995 0.30325705],[0.51586109 0.30192453],1663671824743
555,0.21025027085325484,0.26168338082518705,0.23596682583922096,[0.50553834 0.29902738],[0.52524143 0.29276305],[0.54515237 0.29316175],[0.56099588 0.29725069],[0.54095328 0.30440867],[0.52139634 0.30341709],1663671824767
556,0.21424346303514805,0.26626283612790796,0.240253149581528,[0.50839007 0.30054992],[0.52861232 0.29534009],[0.54854405 0.2971451 ],[0.56393397 0.30232212],[0.54322463 0.30809501],[0.52372026 0.30590034],1663671824787
557,0.19356764002340757,0.2998546718676065,0.24671115594550702,[0.50145221 0.30182064],[0.52065092 0.29681796],[0.54017913 0.29875728],[0.55577475 0.30361345],[0.53551453 0.30837727],[0.5164516 0.3062782],1663671824807
558,0.20226083430807518,0.2937747028633895,0.24801776858573235,[0.50100845 0.30272108],[0.51860487 0.29706135],[0.5371393  0.29834712],[0.55267262 0.30260184],[0.53258425 0.30794281],[0.51480806 0.30661169],1663671824830
559,0.21430522176539052,0.27940734229815756,0.24685628203177404,[0.50364804 0.30383241],[0.52070284 0.29774144],[0.53887045 0.2992101 ],[0.55452836 0.30393338],[0.53447527 0.30930576],[0.51707482 0.30791062],1663671824854
560,0.21519823796082638,0.27623447232022,0.2457163551405232,[0.50649267 0.29906937],[0.52529907 0.29340559],[0.54430813 0.29503965],[0.55941719 0.30004099],[0.53962547 0.30558085],[0.52135557 0.30393952],1663671824875
561,0.20886046657511342,0.26432869783580654,0.23659458220545998,[0.50648326 0.29646957],[0.5242303  0.29095194],[0.54253298 0.29258156],[0.55752432 0.29740903],[0.53808999 0.30240268],[0.52061069 0.30085644],1663671824896
562,0.21532640300415978,0.23998406361555166,0.2276552333098557,[0.50639319 0.29284966],[0.52423877 0.28787267],[0.54272211 0.28970724],[0.55818164 0.29476959],[0.53783792 0.30004889],[0.52012151 0.29794481],1663671824919
563,0.20440509509077792,0.26969633568522966,0.2370507153880038,[0.50274307 0.29429626],[0.52054495 0.28928405],[0.53896499 0.29085436],[0.55460012 0.29549745],[0.53422803 0.30062568],[0.51652628 0.29881811],1663671824945
564,0.2202210361972119,0.29981711594328586,0.2600190760702489,[0.49632046 0.29623815],[0.51259953 0.28992698],[0.53061634 0.29123336],[0.54689211 0.29637873],[0.52663743 0.30179489],[0.50939125 0.30043596],1663671824965
565,0.21537923936262446,0.283234100796244,0.24930667007943424,[0.48977369 0.29667288],[0.50693268 0.29053554],[0.52517468 0.29142174],[0.54125887 0.29596427],[0.52116168 0.30202296],[0.50349313 0.30082005],1663671824985
566,0.21019457349698112,0.265100737957385,0.23764765572718305,[0.48789099 0.29671949],[0.50600785 0.29065102],[0.52447283 0.29159459],[0.53985363 0.29590046],[0.5201596  0.30184439],[0.50230223 0.30071753],1663671825007
567,0.22077784155870175,0.21672962283303737,0.21875373219586958,[0.48887753 0.29892692],[0.50641215 0.29254049],[0.52457154 0.29320478],[0.54039788 0.29756373],[0.52064496 0.30403656],[0.50288844 0.30320919],1663671825028
568,0.20294717854355385,0.24951758526456186,0.22623238190405787,[0.48779082 0.30242649],[0.50629205 0.29631358],[0.52533466 0.29697147],[0.541062   0.30143774],[0.52175617 0.30732909],[0.50311661 0.30649784],1663671825053
569,0.20769970064047513,0.2529672415857628,0.23033347111311897,[0.4883531  0.30120629],[0.50751811 0.29513088],[0.52672309 0.29563001],[0.54264706 0.29984066],[0.52328926 0.30647859],[0.50437981 0.3058632 ],1663671825076
570,0.22154805712581307,0.23687367704291012,0.2292108670843616,[0.48868263 0.29496536],[0.5072903  0.28834128],[0.52637279 0.2888636 ],[0.54263502 0.29353461],[0.52232486 0.30035177],[0.50365829 0.29949906],1663671825097
571,0.22755394558439326,0.24200449177107677,0.23477921867773502,[0.48623395 0.29368326],[0.50449133 0.28681919],[0.52308553 0.28751561],[0.53891706 0.29216743],[0.51905435 0.29894623],[0.50079107 0.29809329],1663671825120
572,0.21113972003891715,0.24899577433338452,0.23006774718615083,[0.484685  0.2948682],[0.50303239 0.28860977],[0.52201313 0.28900748],[0.53814948 0.29287615],[0.5177837  0.29978976],[0.499448  0.2990205],1663671825145
573,0.20967853218943805,0.26688260409573233,0.2382805681425852,[0.48512641 0.29852331],[0.50292695 0.29170486],[0.5216856  0.29151666],[0.53798836 0.29526204],[0.51898265 0.30242914],[0.50051463 0.30240422],1663671825166
574,0.2123653556886117,0.21910918728546233,0.21573727148703703,[0.48855528 0.29949856],[0.50778121 0.29209805],[0.52753145 0.29194236],[0.54374558 0.29594663],[0.52410269 0.30339792],[0.50461364 0.3031863 ],1663671825187
575,0.2101018193244219,0.25659363637462856,0.23334772784952523,[0.49560347 0.29902405],[0.51467961 0.29187107],[0.53404337 0.29156739],[0.55040753 0.29528341],[0.5308761  0.30286801],[0.51156169 0.30278063],1663671825207
576,0.21647543349613232,0.27984877562444144,0.24816210456028687,[0.50024951 0.29755425],[0.52017546 0.28978875],[0.54039121 0.28952464],[0.55675745 0.29351622],[0.53705221 0.30149615],[0.51700807 0.30146593],1663671825229
577,0.22472209554781625,0.26765997936717595,0.2461910374574961,[0.50425988 0.29018593],[0.52342182 0.28296846],[0.54340428 0.28371632],[0.55908597 0.28822187],[0.53898561 0.29536968],[0.51983702 0.29462373],1663671825248
578,0.22819407639836095,0.24251640985624723,0.2353552431273041,[0.50673759 0.28960043],[0.52652162 0.28308108],[0.54664475 0.2841619 ],[0.56241912 0.28912425],[0.54146224 0.29618868],[0.52201074 0.29454282],1663671825269
579,0.22178067251028216,0.27120955467796876,0.24649511359412546,[0.50103581 0.29102463],[0.52013654 0.28451073],[0.53972489 0.28542221],[0.55550349 0.28995287],[0.53497404 0.29692531],[0.51604468 0.29549202],1663671825287
580,0.21451430206684424,0.28211512549733103,0.24831471378208764,[0.49587402 0.29002443],[0.51499605 0.28343403],[0.53451508 0.28427678],[0.55045396 0.28887349],[0.53003675 0.29538086],[0.51101536 0.29416811],1663671825307
581,0.21900200865871283,0.26593885428199115,0.242470431470352,[0.49505493 0.28899121],[0.5134486  0.28264746],[0.53255391 0.28365162],[0.5481444  0.28832933],[0.52856892 0.29482275],[0.5099991  0.29350737],1663671825326
582,0.2147452483466449,0.25549922464612834,0.23512223649638664,[0.49664313 0.29019541],[0.5157612  0.28379074],[0.5350371  0.28446236],[0.55058682 0.28865725],[0.53078622 0.29547343],[0.51199263 0.29452291],1663671825345
583,0.22235328453736036,0.29295238629363524,0.25765283541549777,[0.49406442 0.29190671],[0.51243734 0.28484952],[0.53173232 0.2854628 ],[0.54784334 0.28997672],[0.52774864 0.29698214],[0.50892144 0.29605332],1663671825366
584,0.2126386148072574,0.2467866971382297,0.22971265597274354,[0.4933801 0.29323  ],[0.51208907 0.28668916],[0.53147101 0.28736007],[0.54756916 0.29186416],[0.52768171 0.29845846],[0.50868946 0.29749212],1663671825386
585,0.21638912157770024,0.2854717552204687,0.25093043839908447,[0.4933652  0.29552183],[0.51160258 0.28868863],[0.53079396 0.28949267],[0.54690963 0.29397318],[0.52693129 0.30054891],[0.5082339  0.29965383],1663671825407
586,0.2025170233913859,0.25670139398341724,0.22960920868740156,[0.49482754 0.29593241],[0.51497781 0.29035336],[0.53498685 0.29113135],[0.55087852 0.29523522],[0.53041279 0.30179766],[0.51068729 0.30058911],1663671825434
587,0.20965353870913392,0.23969259477221436,0.22467306674067414,[0.50204819 0.2993952 ],[0.52107692 0.29310876],[0.54048526 0.29384866],[0.55651551 0.29869947],[0.53685665 0.30488607],[0.51764315 0.30379233],1663671825455
588,0.2019651986293422,0.29006500562184034,0.24601510212559127,[0.50668567 0.29911128],[0.52678317 0.29278883],[0.54681176 0.29370224],[0.56320518 0.29892194],[0.5425607  0.30452698],[0.5225687  0.30316621],1663671825476
589,0.21377633949712072,0.26893806050073016,0.24135719999892544,[0.50594687 0.29863262],[0.52350193 0.29285198],[0.54186684 0.29450521],[0.55716294 0.29979557],[0.53764141 0.30476192],[0.51996797 0.30306825],1663671825496
590,0.20361576087742922,0.2582260689538212,0.23092091491562522,[0.50451732 0.29656932],[0.52091205 0.29110083],[0.53849256 0.292467  ],[0.55380231 0.29707891],[0.5345645  0.30183053],[0.51770276 0.3004846 ],1663671825516
591,0.21444506200271699,0.24677438997467205,0.2306097259886945,[0.50523889 0.29415265],[0.52241617 0.28818545],[0.54075295 0.28953457],[0.55593902 0.29462761],[0.53678221 0.29980764],[0.51924706 0.29843885],1663671825535
592,0.2124703925664571,0.29699240056633375,0.25473139656639543,[0.511397   0.29277769],[0.5284493  0.28648984],[0.54612297 0.28752154],[0.56125355 0.29254425],[0.54238474 0.29748824],[0.52518362 0.29651287],1663671825560
593,0.20531218301431547,0.2785525610735468,0.24193237204393114,[0.5138557  0.28965393],[0.53126544 0.28422651],[0.54913032 0.2857348 ],[0.56419158 0.29075533],[0.54512841 0.29532751],[0.52771795 0.2938751 ],1663671825578
594,0.21233556383997076,0.2432721103798884,0.22780383710992957,[0.51246691 0.28946644],[0.52980077 0.28347662],[0.5474087  0.28491497],[0.56211621 0.29026169],[0.54329944 0.2947033 ],[0.52611846 0.29327923],1663671825597
595,0.19347863971407883,0.27243360914165526,0.23295612442786706,[0.50989544 0.28702533],[0.52734965 0.28180376],[0.54555464 0.28362474],[0.56046724 0.2885817 ],[0.54148722 0.29259139],[0.52397567 0.29093254],1663671825617
596,0.21297384615872192,0.27664455940308036,0.24480920278090113,[0.50575668 0.28570271],[0.52317256 0.27990243],[0.54141116 0.28134084],[0.55645537 0.28631565],[0.53727651 0.29141966],[0.51974469 0.29004127],1663671825637
597,0.1881894295268532,0.264544119113644,0.2263667743202486,[0.50814754 0.28415826],[0.52313107 0.27926704],[0.54065472 0.28038877],[0.55662912 0.28417796],[0.53689754 0.28885069],[0.52058625 0.2878882 ],1663671825658
598,0.20902001021393982,0.26047682232656694,0.2347484162702534,[0.50720602 0.28681701],[0.52205378 0.28134871],[0.53930938 0.28262609],[0.55499786 0.28690937],[0.53551978 0.29198286],[0.51937085 0.29086149],1663671825680
599,0.22422206847960433,0.2975419231576739,0.26088199581863913,[0.50310701 0.2884016 ],[0.51904535 0.28191605],[0.5362103  0.28303009],[0.55145264 0.28839716],[0.53257185 0.29335827],[0.51595926 0.29219267],1663671825701
600,0.22412322682628275,0.2672928595229625,0.24570804317462264,[0.50011766 0.28722426],[0.51649469 0.28069541],[0.53391594 0.28167477],[0.54931462 0.28669313],[0.53004766 0.29214978],[0.5132249 0.29108  ],1663671825727
601,0.23316368616905844,0.271173734591186,0.25216871038012223,[0.50022978 0.28600198],[0.51757258 0.27930644],[0.53528923 0.28038287],[0.54988241 0.28536773],[0.53094369 0.29123384],[0.51373976 0.29011446],1663671825748
602,0.208635198292174,0.26010819195476587,0.23437169512346995,[0.50170314 0.28588554],[0.51826566 0.28059968],[0.53547937 0.28187004],[0.55025005 0.28584158],[0.53100777 0.29103822],[0.51453125 0.28993729],1663671825774
603,0.2360981111279367,0.24822547530468514,0.24216179321631093,[0.50495452 0.28835008],[0.52162236 0.28177276],[0.53930426 0.2835083 ],[0.55402488 0.28880557],[0.5342868  0.29404038],[0.51775789 0.29261002],1663671825797
604,0.23701578025600203,0.2932184541421848,0.2651171171990934,[0.50439554 0.2909193 ],[0.52149767 0.28401425],[0.53940731 0.28527069],[0.55468172 0.29060456],[0.53457731 0.29638854],[0.51737577 0.29498124],1663671825818
605,0.22323086167847628,0.30258989792222846,0.26291037980035237,[0.4985967  0.29171503],[0.51724631 0.28510845],[0.53598058 0.28637007],[0.55129218 0.29162711],[0.53142077 0.29735577],[0.51309174 0.29597333],1663671825840
606,0.23241259316511206,0.30494243727730824,0.26867751522121014,[0.49476814 0.28804362],[0.51132244 0.28086984],[0.52902657 0.28180382],[0.54483306 0.28704387],[0.52478004 0.29280075],[0.50763327 0.29174906],1663671825859
607,0.23134743318198914,0.23670867629890582,0.23402805474044747,[0.49010164 0.28376183],[0.50782758 0.27583838],[0.52636218 0.27658826],[0.54228181 0.28184229],[0.52212214 0.28803262],[0.50412208 0.28720489],1663671825881
608,0.24063452136564178,0.26801415971241405,0.2543243405390279,[0.49095222 0.28320158],[0.50738245 0.27509835],[0.52484542 0.27535996],[0.53981823 0.27958733],[0.52077311 0.28644624],[0.50416374 0.28642112],1663671825900
609,0.25204391103028473,0.2852248676760207,0.2686343893531527,[0.49604949 0.27981436],[0.5121243  0.27216154],[0.52913481 0.27261052],[0.54390121 0.27701199],[0.52485639 0.28402999],[0.5086087 0.2836017],1663671825919
610,0.2497546925838504,0.3081441160016259,0.2789494042927382,[0.50179327 0.27998227],[0.51828355 0.27177253],[0.53589648 0.27254575],[0.55051893 0.27762324],[0.53133053 0.28387487],[0.51479948 0.28341523],1663671825939
611,0.2603598318194215,0.2914689945826806,0.27591441320105103,[0.50501484 0.28342119],[0.52123344 0.27555442],[0.53888053 0.27680618],[0.5535028  0.28263921],[0.53398806 0.28853226],[0.51765078 0.28757814],1663671825957
612,0.26044012590550564,0.2892386248645024,0.274839375385004,[0.50659823 0.28240031],[0.52509922 0.27475148],[0.54402375 0.27651864],[0.55851883 0.28267989],[0.53768337 0.28865838],[0.51999444 0.28708592],1663671825976
613,0.26671800453430894,0.28429869839523975,0.27550835146477437,[0.50592691 0.28123406],[0.52339077 0.27312058],[0.54169148 0.27471998],[0.55592406 0.28102306],[0.53591985 0.28691456],[0.51899302 0.28554425],1663671825993
614,0.2660280151996031,0.23782695737747203,0.25192748628853756,[0.50931114 0.27929109],[0.52783424 0.27117258],[0.54771411 0.27298132],[0.56250674 0.27966639],[0.54108274 0.28572139],[0.52286369 0.28419751],1663671826012
615,0.26351088732904443,0.31464809934800103,0.28907949333852273,[0.51053792 0.28061545],[0.52909583 0.27271193],[0.54877967 0.27460173],[0.5635851  0.28162587],[0.54231584 0.28718317],[0.52422279 0.28564146],1663671826034
616,0.17692032194674873,0.2929288600426987,0.2349245909947237,[0.50993204 0.2862227 ],[0.52621609 0.28325057],[0.54383612 0.28547016],[0.5586794  0.29039717],[0.53870118 0.2928822 ],[0.52205139 0.29042423],1663671826053
617,0.16817986958428477,0.2644362627802109,0.21630806618224782,[0.5079959  0.28732753],[0.52482778 0.2852588 ],[0.54269993 0.28815511],[0.55735576 0.29338676],[0.53739941 0.29506731],[0.52036184 0.29191637],1663671826073
618,0.164710559908362,0.285352963089473,0.22503176149891752,[0.50874782 0.2872631 ],[0.52616996 0.28590894],[0.54418927 0.28948218],[0.55841011 0.29514194],[0.53896087 0.29627335],[0.52177382 0.29258531],1663671826092
619,0.1756941859198382,0.2751976464290918,0.225445916174465,[0.50667328 0.28818876],[0.52401757 0.28618145],[0.54154682 0.28973937],[0.55565715 0.29593983],[0.53638113 0.29700756],[0.51952547 0.29340881],1663671826111
620,0.15654838159691442,0.2636859354916434,0.2101171585442789,[0.50740343 0.28988951],[0.52506834 0.28891703],[0.54281634 0.29281825],[0.55700016 0.29866925],[0.53794521 0.29913911],[0.52063733 0.29532403],1663671826130
621,0.2170282855469499,0.20868597199127484,0.21285712876911236,[0.5084877  0.28489456],[0.52754188 0.28137705],[0.5460183  0.28556287],[0.55955678 0.29298663],[0.53892237 0.29456213],[0.52145559 0.29051957],1663671826150
622,0.204390850448174,0.23053800772240934,0.21746442908529168,[0.50777531 0.28497458],[0.52516019 0.28142101],[0.54326904 0.28455919],[0.55780894 0.29109538],[0.53730172 0.29337251],[0.52017707 0.29004693],1663671826170
623,0.22567393667265628,0.2557562044019863,0.2407150705373213,[0.50928932 0.28364652],[0.52548951 0.27862555],[0.5431152  0.28125587],[0.55767739 0.28798181],[0.53722411 0.29088488],[0.52094585 0.28824568],1663671826188
624,0.18974483664598704,0.2929024089152376,0.2413236227806123,[0.51145875 0.28785607],[0.52711856 0.28521013],[0.54397124 0.28797039],[0.55855215 0.29365918],[0.5389415  0.29585138],[0.52282453 0.29272756],1663671826208
625,0.13474413409584143,0.26080253744806353,0.1977733357719525,[0.51202959 0.29234174],[0.52791959 0.29243138],[0.54498845 0.29563135],[0.56001621 0.30032665],[0.54070187 0.30096003],[0.52393007 0.29726943],1663671826227
626,0.12253581614219516,0.2925173466387693,0.20752658139048225,[0.51388431 0.29090121],[0.52990705 0.29231137],[0.54655725 0.29594344],[0.56105572 0.30026451],[0.54239166 0.30041158],[0.52583337 0.29626557],1663671826247
627,0.12263263582000405,0.3058640557959641,0.21424834580798408,[0.51643115 0.28870949],[0.53227031 0.29047725],[0.54870945 0.29438853],[0.56298286 0.29901841],[0.54472971 0.29896417],[0.5284152  0.29458016],1663671826270
628,0.10451769532985652,0.23244622297320527,0.1684819591515309,[0.51608616 0.28687149],[0.53167403 0.2896288 ],[0.54873145 0.29386345],[0.56390691 0.29843545],[0.54488593 0.29771316],[0.52802324 0.29281101],1663671826292
629,0.10712838343869605,0.23409750354052145,0.17061294348960876,[0.51481795 0.28773865],[0.53095472 0.29019755],[0.54814428 0.29438433],[0.5632534  0.29916805],[0.54427117 0.29838389],[0.52709198 0.29352009],1663671826314
630,0.151929066973414,0.2541657091293646,0.20304738805138928,[0.51713634 0.28493196],[0.53421491 0.28477407],[0.55118227 0.28890896],[0.56540304 0.29498413],[0.54629576 0.29477566],[0.52947223 0.29038358],1663671826333
631,0.2226105062069859,0.22255171082314007,0.22258110851506296,[0.51913828 0.28223789],[0.53486359 0.27772781],[0.55171078 0.28078222],[0.56636614 0.28834844],[0.54669249 0.29036608],[0.53070462 0.28724244],1663671826352
632,0.24832185890748293,0.18675409899866824,0.21753797895307558,[0.52273881 0.27965805],[0.54000401 0.27348617],[0.5581404  0.27640688],[0.57315356 0.28436491],[0.55262727 0.28781232],[0.53534371 0.28506234],1663671826372
633,0.24342200983731463,0.1502396403095271,0.19683082507342087,[0.52832258 0.28083971],[0.54552889 0.27461064],[0.56355619 0.277686  ],[0.57835859 0.28528988],[0.55755031 0.28843239],[0.54057068 0.28569755],1663671826395
634,0.24377643768957616,0.23447801902625778,0.23912722835791697,[0.52920103 0.27824628],[0.54803121 0.27222404],[0.56716901 0.27544054],[0.5817669  0.28345841],[0.56057984 0.28661352],[0.54268026 0.2838333 ],1663671826417
635,0.24606085079545628,0.2172897351582248,0.23167529297684053,[0.53065622 0.28036299],[0.549245   0.27423429],[0.56810194 0.27727094],[0.58247483 0.28511018],[0.56174463 0.28848571],[0.5440591  0.28584534],1663671826438
636,0.2583203040359588,0.25446570331650437,0.2563930036762316,[0.53082258 0.28203255],[0.54911166 0.27563134],[0.56783402 0.27850497],[0.58257711 0.28686869],[0.56173748 0.29060268],[0.54406065 0.28794345],1663671826458
637,0.23512619586903002,0.29393106693275106,0.26452863140089056,[0.52990991 0.28284225],[0.54784566 0.277749  ],[0.56567371 0.2809307 ],[0.5798651  0.28862798],[0.55942035 0.29114923],[0.54244453 0.28809217],1663671826477
638,0.22197577461035525,0.29398676985954053,0.2579812722349479,[0.52630764 0.28636432],[0.54442424 0.28241673],[0.56174082 0.28580251],[0.57547045 0.29310986],[0.55584532 0.29523507],[0.5390054 0.2918824],1663671826496
639,0.247560765848016,0.2441322179400747,0.24584649189404534,[0.52652508 0.28198078],[0.54662776 0.27696609],[0.56597108 0.28106833],[0.57989693 0.28920287],[0.55783719 0.29194838],[0.53961295 0.28800833],1663671826515
640,0.2579891624436987,0.2863785841677296,0.27218387330571414,[0.52259094 0.28083462],[0.54140109 0.27405274],[0.56109756 0.27709985],[0.57592911 0.28554523],[0.55431044 0.28933182],[0.53619516 0.28665984],1663671826538
641,0.26320008707252834,0.2270536454261904,0.24512686624935937,[0.52383739 0.28072265],[0.54298294 0.27358001],[0.56238765 0.27640221],[0.57684147 0.28434893],[0.55615866 0.28898793],[0.53789967 0.28654271],1663671826556
642,0.2681581565769964,0.2652481341663201,0.26670314537165823,[0.52742916 0.27672938],[0.5468154  0.26954216],[0.56659979 0.27270859],[0.58108717 0.28057501],[0.55939573 0.28537717],[0.54113632 0.28264195],1663671826575
643,0.26573204229339087,0.2765012507068091,0.2711166465001,[0.53033972 0.27563059],[0.55037719 0.26863867],[0.57043475 0.27168056],[0.58498883 0.27948514],[0.56318289 0.28451261],[0.54445964 0.28174111],1663671826594
644,0.255064995357799,0.2633122859427829,0.2591886406502909,[0.53065336 0.27556315],[0.55028909 0.26882529],[0.57075655 0.27147883],[0.58609688 0.27942425],[0.56395447 0.28410992],[0.54487795 0.2817435 ],1663671826617
645,0.2538568662485915,0.24697810957925267,0.2504174879139221,[0.53076154 0.27786079],[0.54874974 0.27115852],[0.56756312 0.27388793],[0.58235902 0.28130749],[0.56160641 0.285754  ],[0.54404449 0.28325337],1663671826636
646,0.24991730955588534,0.25866414829927825,0.2542907289275818,[0.53421992 0.27912065],[0.55236769 0.27255091],[0.57146543 0.2753883 ],[0.5860095  0.28295374],[0.56521422 0.28686553],[0.54741275 0.28444815],1663671826657
647,0.25680588228405365,0.25429400562937926,0.2555499439567165,[0.53585786 0.27883106],[0.55496019 0.27266255],[0.57456678 0.27589712],[0.58898062 0.28383338],[0.56785929 0.28793561],[0.54961717 0.28519532],1663671826680
648,0.2532716445541528,0.24342582827527715,0.24834873641471497,[0.53507382 0.28038406],[0.55328709 0.27390802],[0.57236505 0.27714851],[0.58699906 0.28527591],[0.56601644 0.28882027],[0.54835361 0.2860783 ],1663671826703
649,0.2500610253933845,0.2401629638080801,0.2451119946007323,[0.53243321 0.28526437],[0.54983842 0.27857006],[0.56826341 0.28177071],[0.58278716 0.28994694],[0.56230915 0.29289988],[0.54521936 0.29036796],1663671826722
650,0.26140524001502585,0.22190263993383533,0.24165393997443058,[0.53443426 0.28475973],[0.55193752 0.27788299],[0.57045215 0.28120828],[0.58483553 0.28952432],[0.56408131 0.29284221],[0.54701084 0.29013312],1663671826739
651,0.2556272332902484,0.2190627922247293,0.23734501275748884,[0.53735912 0.28390643],[0.55619919 0.27754351],[0.57563728 0.28099874],[0.59012514 0.28940147],[0.56889558 0.29286414],[0.55082327 0.2899006 ],1663671826761
652,0.25137214716687556,0.24125028741358245,0.246311217290229,[0.54018992 0.28248668],[0.55822408 0.27651453],[0.57661152 0.27995265],[0.59107059 0.28847978],[0.56995583 0.29116181],[0.55266505 0.28795612],1663671826779
653,0.2424891426005278,0.21171056619456988,0.22709985439754884,[0.54180855 0.28180882],[0.55947948 0.27650765],[0.57744074 0.28018314],[0.59185529 0.28874868],[0.57073814 0.29068178],[0.55375075 0.28710657],1663671826800
654,0.23684530397112286,0.1895226704082051,0.21318398718966397,[0.54332006 0.27993268],[0.56165838 0.27518469],[0.5796448  0.27921736],[0.59364796 0.28774822],[0.57307923 0.28948954],[0.55592549 0.28565201],1663671826819
655,0.22476686783255645,0.2607089144391056,0.24273789113583102,[0.53827435 0.28225473],[0.55546546 0.27808562],[0.5726347  0.28158435],[0.58687019 0.28965312],[0.56705129 0.29128951],[0.55040658 0.28774118],1663671826837
656,0.21306941947074481,0.22272911693497183,0.21789926820285832,[0.53313017 0.28804433],[0.55071878 0.28429085],[0.56849158 0.28797308],[0.58319044 0.2962226 ],[0.56281197 0.29741839],[0.5456447  0.29359066],1663671826859
657,0.21164767757081274,0.2189788213992235,0.21531324948501812,[0.52471614 0.29383421],[0.54061222 0.29059929],[0.55784595 0.29443362],[0.57253432 0.30171952],[0.55164897 0.303029  ],[0.53553474 0.29911926],1663671826877
658,0.14785642767534693,0.24405274376824548,0.1959545857217962,[0.51507694 0.29700637],[0.53062862 0.29678118],[0.54794395 0.30083409],[0.56351233 0.30668131],[0.54284394 0.30658028],[0.52628022 0.30216801],1663671826898
659,0.12708089669493214,0.2166434005950155,0.17186214864497382,[0.51127201 0.2987982 ],[0.52690077 0.29943365],[0.54466474 0.30344921],[0.56077266 0.30839571],[0.53957951 0.30802122],[0.52258563 0.30356956],1663671826920
660,0.1439425065904507,0.24100108234985537,0.19247179447015303,[0.50698406 0.30228746],[0.52199596 0.3018308 ],[0.53930986 0.30572978],[0.55533427 0.31152582],[0.53437561 0.3113752 ],[0.51797122 0.30715376],1663671826942
661,0.1675249408602755,0.2458022437745178,0.20666359231739664,[0.50289816 0.30854177],[0.51954532 0.30636021],[0.53737891 0.30964816],[0.55320251 0.3160986 ],[0.53253114 0.31702006],[0.51537538 0.31344464],1663671826962
662,0.19681921148684248,0.26712805500139103,0.23197363324411674,[0.50585407 0.30440578],[0.52194279 0.3007344 ],[0.53926653 0.30409476],[0.55473804 0.3112475 ],[0.53421301 0.31255421],[0.51773739 0.30933779],1663671826979
663,0.23750855973104143,0.2755316285222855,0.2565200941266635,[0.51387817 0.29602033],[0.53283024 0.28925496],[0.55206877 0.29201964],[0.56718415 0.29978147],[0.54546773 0.30314443],[0.52741176 0.30046225],1663671827001
664,0.2433299642225795,0.24701007224077484,0.24517001823167717,[0.52007103 0.29135534],[0.53828728 0.28493583],[0.55670851 0.28787446],[0.57166177 0.29542893],[0.5504356  0.29894719],[0.53290051 0.29617029],1663671827022
665,0.2480519531512202,0.2644590059521841,0.25625547955170214,[0.52345097 0.28821087],[0.54060906 0.28195909],[0.5586158  0.28513247],[0.57327747 0.29276839],[0.55250812 0.29603323],[0.53574383 0.29328546],1663671827040
666,0.24128364033782707,0.2558707895377141,0.24857721493777057,[0.51892734 0.2865538 ],[0.53700954 0.28077745],[0.55550206 0.28359982],[0.57014066 0.29039127],[0.54962718 0.29466182],[0.53212422 0.29201978],1663671827059
667,0.2391554413351387,0.2171217283467608,0.22813858484094973,[0.5115599  0.29059857],[0.52974504 0.28398663],[0.54871708 0.28619868],[0.56382591 0.29303443],[0.54301685 0.29754329],[0.52517056 0.29543704],1663671827078
668,0.24919605429985123,0.2366625624130141,0.24292930835643267,[0.50941139 0.29189855],[0.52834177 0.28516409],[0.54776353 0.28760824],[0.56265306 0.29421324],[0.54118162 0.2994346 ],[0.52295911 0.29702565],1663671827100
669,0.2408082371244084,0.2433219882441955,0.24206511268430195,[0.50966394 0.29255116],[0.52750266 0.28587753],[0.5465641  0.28808978],[0.56139022 0.29463011],[0.5410077  0.29938081],[0.52342284 0.29753226],1663671827120
670,0.23867726193046604,0.1744910778080877,0.20658416986927686,[0.51477164 0.29296529],[0.53133422 0.28679326],[0.54876959 0.2887488 ],[0.56308675 0.29449475],[0.54401267 0.29934818],[0.52750093 0.29759008],1663671827138
671,0.24907566160182895,0.22028794173988958,0.23468180167085928,[0.51789582 0.29300821],[0.5357573  0.28654316],[0.5541991  0.28893527],[0.56896275 0.29574549],[0.54857337 0.30053058],[0.53108853 0.29823291],1663671827161
672,0.2421074159824425,0.18958098524312378,0.21584420061278314,[0.51735771 0.29218203],[0.53513002 0.28602165],[0.55331272 0.28853208],[0.56791162 0.29517674],[0.54745537 0.29946914],[0.53030086 0.29713267],1663671827179
673,0.23901489967170625,0.2881111956502801,0.26356304766099314,[0.51220322 0.29289177],[0.52967936 0.28698522],[0.54765904 0.28926796],[0.56237483 0.29567692],[0.54275197 0.30033869],[0.52544016 0.29811624],1663671827201
674,0.25087574069243396,0.24708569603114772,0.24898071836179084,[0.5076707  0.29342732],[0.52539974 0.28607616],[0.5439651  0.28847131],[0.55904841 0.29554349],[0.538243   0.30011272],[0.52064747 0.2979925 ],1663671827226
675,0.25243563837351285,0.3037251019588888,0.2780803701662008,[0.5071134  0.29111242],[0.52427691 0.28402859],[0.54277891 0.2861799 ],[0.55827588 0.29331928],[0.53769523 0.2981922 ],[0.52013403 0.29615095],1663671827246
676,0.24712954200674392,0.25884007383643914,0.2529848079215915,[0.50692838 0.28733036],[0.52488685 0.28072286],[0.54374838 0.28311923],[0.558833   0.28989819],[0.53774863 0.29467544],[0.52000517 0.29240906],1663671827268
677,0.2457476826574975,0.28547641011069924,0.26561204638409835,[0.50460911 0.28981194],[0.52223366 0.28313148],[0.54088819 0.28532895],[0.55606186 0.29189992],[0.53515595 0.29685327],[0.51759273 0.29467162],1663671827288
678,0.2547197417127118,0.2318090163043475,0.24326437900852965,[0.50698739 0.29040048],[0.52406532 0.2830075 ],[0.54270136 0.28526488],[0.55743456 0.2919361 ],[0.53727597 0.29695925],[0.52010024 0.29519901],1663671827307
679,0.24609223020632237,0.2661385640771058,0.25611539714171405,[0.50740916 0.2914547 ],[0.52548933 0.2847164 ],[0.54452866 0.28696629],[0.55967671 0.29381076],[0.53913343 0.2988016 ],[0.52112865 0.29669151],1663671827325
680,0.24766156632866154,0.2556055714843724,0.251633568906517,[0.50778043 0.29143918],[0.5266093 0.2848067],[0.54578376 0.28708372],[0.56017464 0.29357237],[0.53963089 0.29874223],[0.52164555 0.29659534],1663671827346
681,0.2459788253293167,0.22362572702217318,0.23480227617574495,[0.50531691 0.29478097],[0.52153653 0.28835452],[0.53914398 0.29040954],[0.55402243 0.29638466],[0.53384781 0.30136988],[0.51743126 0.29941863],1663671827366
682,0.23252721548416103,0.24542487115352787,0.23897604331884445,[0.50250107 0.29609683],[0.52066326 0.28959417],[0.5395534  0.29139873],[0.55406219 0.29704574],[0.53442162 0.30240154],[0.51670724 0.30075592],1663671827387
683,0.24443560511638093,0.21006186007110064,0.2272487325937408,[0.50556856 0.2978009 ],[0.52269047 0.29123807],[0.54090244 0.29307395],[0.55555695 0.29886431],[0.5357517  0.30432242],[0.5186196  0.30260271],1663671827408
684,0.2243337997138107,0.2514074891403406,0.23787064442707567,[0.50674784 0.29991683],[0.52500063 0.29390502],[0.54388005 0.29580754],[0.55803651 0.30105266],[0.53869337 0.30625653],[0.5209446 0.3045074],1663671827431
685,0.24199634244912363,0.1874228555114495,0.21470959898028658,[0.50935566 0.30028054],[0.52676827 0.29353482],[0.54490966 0.29574546],[0.55901414 0.30151129],[0.53942692 0.30649966],[0.52234489 0.30465811],1663671827451
686,0.24640201763842692,0.2274866667034779,0.2369443421709524,[0.50930381 0.29805025],[0.52717096 0.29126069],[0.54573601 0.29357061],[0.560076   0.29992345],[0.54011399 0.30485243],[0.52262992 0.30283445],1663671827472
687,0.24158315856648044,0.22399132193324822,0.23278724024986433,[0.51074064 0.29539973],[0.52834874 0.28894636],[0.54672605 0.29115656],[0.56146431 0.2975325 ],[0.54115999 0.30220762],[0.52380401 0.30022082],1663671827497
688,0.25361793779551906,0.16651829744117455,0.21006811761834682,[0.51356548 0.293423  ],[0.53099513 0.28666058],[0.5497008  0.28948209],[0.56467378 0.29687837],[0.54377192 0.30107477],[0.52636296 0.29876697],1663671827517
689,0.26033801385120026,0.16239856485962312,0.2113682893554117,[0.51571614 0.29314443],[0.53318286 0.28591377],[0.55168843 0.28881979],[0.5664556  0.29657573],[0.54556608 0.30056432],[0.52842677 0.29826429],1663671827538
690,0.250183279569499,0.24612717020229358,0.24815522488589628,[0.51690698 0.29588711],[0.53516263 0.28888771],[0.5538637  0.29176596],[0.56864905 0.29945964],[0.54788435 0.30330819],[0.53032506 0.30090299],1663671827557
691,0.24634058877694154,0.2467694621354905,0.24655502545621602,[0.51875156 0.29781565],[0.53727162 0.29144007],[0.55606019 0.2943339 ],[0.57084239 0.30175954],[0.54978669 0.3057121 ],[0.53205717 0.30306903],1663671827577
692,0.23248943655197796,0.2366886056459569,0.23458902109896743,[0.51612622 0.29766592],[0.5342201  0.29178131],[0.55259812 0.29442632],[0.56744194 0.30143747],[0.54665434 0.30503359],[0.52922821 0.3024359 ],1663671827596
693,0.2248182492683093,0.24598162154603098,0.23539993540717014,[0.51697856 0.29697883],[0.53428555 0.29195315],[0.5524044  0.29415736],[0.5669117  0.29994172],[0.54654717 0.30420718],[0.52966189 0.30177876],1663671827616
694,0.19955251101835905,0.21163506653515726,0.20559378877675816,[0.51740098 0.29708102],[0.53568429 0.29328418],[0.5543046  0.29584187],[0.56890339 0.30076516],[0.54862517 0.30478749],[0.53085291 0.30205238],1663671827636
695,0.21955358713199286,0.2345104755648874,0.22703203134844013,[0.51657575 0.29653305],[0.53511292 0.29134637],[0.55370617 0.29378611],[0.5682162  0.29948896],[0.54813212 0.30392528],[0.5304904  0.30148476],1663671827655
696,0.22178600730211112,0.21503046361356173,0.21840823545783644,[0.52107936 0.29929101],[0.54062325 0.29500452],[0.55946374 0.29766893],[0.57366627 0.30340937],[0.55328119 0.30796275],[0.53517538 0.30500686],1663671827675
697,0.22652490689882945,0.17780524753555882,0.20216507721719412,[0.52425581 0.2966623 ],[0.54323417 0.29229698],[0.56183529 0.2952022 ],[0.5759545  0.30098146],[0.55552858 0.3054848 ],[0.53792143 0.30242974],1663671827694
698,0.20629489732513073,0.13372444377837306,0.1700096705517519,[0.52788711 0.29458928],[0.54661614 0.29108611],[0.56531924 0.29413593],[0.57947981 0.29932836],[0.55949354 0.30341738],[0.54174221 0.30029362],1663671827716
699,0.21449281982391283,0.18324178944818456,0.19886730463604868,[0.52974576 0.29491597],[0.54911292 0.29066825],[0.56776512 0.29381797],[0.58151603 0.29968375],[0.56167662 0.30333206],[0.54375172 0.30028158],1663671827734
700,0.2215587478676559,0.17341122824639504,0.19748498805702547,[0.53400159 0.29735121],[0.55336905 0.29295135],[0.57173109 0.2961525 ],[0.58507985 0.30206454],[0.5653578  0.30576241],[0.54777598 0.30265322],1663671827755
701,0.2245713851359811,0.2624528977980205,0.2435121414670008,[0.53532726 0.29829684],[0.55432898 0.29404062],[0.57252073 0.2975381 ],[0.58602858 0.30384994],[0.56638914 0.30735025],[0.54904211 0.30407041],1663671827774
702,0.22597248958802157,0.25027357938361716,0.23812303448581937,[0.53235543 0.29731283],[0.55106986 0.29326281],[0.56893903 0.29663962],[0.58223116 0.30278757],[0.56210303 0.30603203],[0.54527968 0.30268577],1663671827794
703,0.2063165555792276,0.21436154104760255,0.21033904831341507,[0.52603537 0.29616481],[0.54524547 0.29260561],[0.56378615 0.29608202],[0.57765502 0.30206406],[0.55739719 0.3049064 ],[0.53959119 0.30150557],1663671827813
704,0.19631941625608795,0.20858583519727636,0.20245262572668216,[0.51711017 0.29509941],[0.53586584 0.29143894],[0.55447572 0.29431581],[0.56856066 0.29964575],[0.54828733 0.30275339],[0.53066301 0.29976323],1663671827833
705,0.20668641000918322,0.24502690990674242,0.22585665995796284,[0.50560659 0.29875162],[0.52480227 0.29408777],[0.54340953 0.29639882],[0.55753028 0.30180562],[0.53771365 0.30572215],[0.51971906 0.30336139],1663671827856
706,0.21521618622580968,0.2825252652943422,0.24887072576007593,[0.49782664 0.30123469],[0.51601189 0.29628405],[0.5344907  0.29810488],[0.54941767 0.30327189],[0.52907985 0.30816135],[0.51136798 0.30603912],1663671827883
707,0.22560669319577953,0.23489457244552217,0.23025063282065084,[0.49260843 0.30161297],[0.5108481  0.29551014],[0.52970839 0.2972548 ],[0.54468566 0.30259609],[0.52434254 0.30789521],[0.50644904 0.30622777],1663671827905
708,0.24290550636092376,0.2757867963618867,0.2593461513614052,[0.49284402 0.29980367],[0.50966841 0.29242828],[0.52772015 0.29411417],[0.54296809 0.30026302],[0.52270859 0.30530095],[0.50563532 0.30382979],1663671827926
709,0.24394873362777716,0.27741725826776903,0.2606829959477731,[0.49519196 0.30190647],[0.51271224 0.29393518],[0.53145421 0.29538214],[0.54692012 0.30163485],[0.526434   0.30706415],[0.50865424 0.30578285],1663671827946
710,0.22220307577414558,0.27391619075141,0.2480596332627778,[0.4956823  0.29960623],[0.51280618 0.29299951],[0.53088534 0.29425538],[0.54612076 0.29928184],[0.52620673 0.30463764],[0.50882286 0.30328286],1663671827968
711,0.23592534779348362,0.3052594721519332,0.2705924099727084,[0.49291426 0.30229008],[0.5102762  0.29501554],[0.52866858 0.29639012],[0.54388517 0.30221719],[0.52417701 0.30764362],[0.50646949 0.30632606],1663671827994
712,0.22531572959105886,0.30949880121283463,0.26740726540194676,[0.48943028 0.30257034],[0.50731993 0.29511464],[0.52578837 0.29645169],[0.54054785 0.30164221],[0.52128196 0.30702487],[0.50347799 0.30600217],1663671828018
713,0.21787320340366512,0.2965725525482799,0.25722287797597254,[0.48822743 0.30689573],[0.50613421 0.29983711],[0.52452195 0.30056661],[0.53933412 0.30487564],[0.5205881  0.31099296],[0.50281042 0.31047302],1663671828039
714,0.20058608373387599,0.2774517494752752,0.23901891660457558,[0.49006259 0.31091022],[0.50881529 0.30391246],[0.52806473 0.30438733],[0.5437417  0.30845866],[0.52503937 0.31468505],[0.50604093 0.31437495],1663671828063
715,0.22559786950242075,0.31764142428677733,0.27161964689459905,[0.49051517 0.31379431],[0.5104835  0.30641854],[0.53074598 0.30737442],[0.54615343 0.31223753],[0.52675247 0.31927511],[0.50704938 0.31850067],1663671828084
716,0.1881772152398554,0.32394270993612706,0.25605996258799124,[0.4978272  0.31415245],[0.51800978 0.30777872],[0.53839201 0.30845523],[0.55437756 0.31210154],[0.53489333 0.31845054],[0.51479608 0.31799206],1663671828107
717,0.18638658877742614,0.23571072051598804,0.21104865464670708,[0.50403076 0.31697765],[0.52433974 0.31129992],[0.54480559 0.31230018],[0.56048399 0.31583199],[0.54054105 0.32193393],[0.52045828 0.32107031],1663671828138
718,0.22110330234291783,0.28772708381133266,0.25441519307712523,[0.50307298 0.32092309],[0.52352351 0.31386676],[0.54416674 0.31449679],[0.55923557 0.31853569],[0.53935629 0.32614002],[0.51947457 0.32543895],1663671828161
719,0.2369112766524844,0.27936282138105034,0.2581370490167674,[0.50079525 0.32360914],[0.52232075 0.31518015],[0.54404312 0.31597018],[0.55938154 0.32059413],[0.5385859  0.32893196],[0.51782495 0.32815588],1663671828185
720,0.2677856360245925,0.2955022218035356,0.28164392891406403,[0.50097322 0.329115  ],[0.52190471 0.31824055],[0.54365695 0.31817135],[0.55956221 0.32270405],[0.53884935 0.33349812],[0.51794797 0.3332299 ],1663671828206
721,0.2637684021788088,0.3045892361978698,0.2841788191883393,[0.50661665 0.32457638],[0.52682781 0.31288633],[0.54777259 0.31238446],[0.56378037 0.31688452],[0.5442459  0.32732028],[0.52394563 0.32768956],1663671828227
722,0.27639298537628215,0.2718551371879554,0.27412406128211875,[0.51759011 0.32181084],[0.54006112 0.30980405],[0.56218642 0.30955634],[0.57699335 0.31399098],[0.55646634 0.32539105],[0.53492588 0.32525754],1663671828250
723,0.26637477090709055,0.2507524501726694,0.25856361053988,[0.52805078 0.32745817],[0.55044723 0.31578621],[0.57282251 0.31559101],[0.58760113 0.32006484],[0.56696057 0.33072105],[0.54539174 0.33069548],1663671828271
724,0.275369520236934,0.24596377200160366,0.2606666461192688,[0.53046501 0.32658836],[0.55135959 0.31401831],[0.57274854 0.31343642],[0.58698356 0.31773812],[0.56731439 0.32850718],[0.54664505 0.32876894],1663671828293
725,0.29440941516763036,0.23951770968366548,0.2669635624256479,[0.53689271 0.32446024],[0.55690074 0.31018227],[0.5783605 0.3084062],[0.59278816 0.31327218],[0.57425332 0.32505029],[0.5537762  0.32630405],1663671828314
726,0.2817956567820902,0.21093774630918774,0.24636670154563894,[0.54539144 0.31949213],[0.56548876 0.30574054],[0.58742398 0.30370486],[0.60192269 0.30787987],[0.58290118 0.31980011],[0.56204349 0.32116762],1663671828338
727,0.2590479513519024,0.2281221015527825,0.24358502645234245,[0.5544253 0.3207421],[0.57338339 0.30883694],[0.59329265 0.30698338],[0.60701078 0.31048763],[0.58892006 0.32041141],[0.56976628 0.3219839 ],1663671828359
728,0.24527488292803273,0.21550619900859252,0.23039054096831263,[0.57384861 0.31781334],[0.5917269  0.30710045],[0.61084282 0.30521804],[0.62412041 0.30829987],[0.60768384 0.31754979],[0.58946824 0.31926104],1663671828380
729,0.23929414527984594,0.19099817255891322,0.21514615891937958,[0.58794427 0.3182008 ],[0.60527647 0.30792516],[0.62326521 0.30614802],[0.63545257 0.30919114],[0.6208964  0.31752169],[0.60356498 0.31932181],1663671828402
730,0.23876071452932124,0.2117522254804926,0.22525647000490692,[0.59672034 0.31632158],[0.6119411  0.30641577],[0.62837094 0.30413318],[0.6396879  0.30645812],[0.62695438 0.31458697],[0.61115342 0.31688845],1663671828425
731,0.2578315370098591,0.2159146647195379,0.2368731008646985,[0.59785563 0.314942  ],[0.61258447 0.30467117],[0.62860751 0.30238572],[0.63997823 0.30473188],[0.62740695 0.31352758],[0.61176664 0.31578481],1663671828450
732,0.24498054873055275,0.1939682621311561,0.21947440543085442,[0.59565055 0.31515357],[0.61120212 0.30449384],[0.62798768 0.30170283],[0.63968283 0.30393872],[0.62647724 0.31285661],[0.61007434 0.31544319],1663671828472
733,0.2526630913741059,0.17365615816298208,0.213159624768544,[0.58953834 0.31462795],[0.60517955 0.30305907],[0.62247145 0.30009285],[0.63535547 0.30287883],[0.62214375 0.31190878],[0.60519505 0.31514031],1663671828494
734,0.24511983864831058,0.15086601766373095,0.19799292815602076,[0.55732989 0.3227239 ],[0.57390261 0.31151012],[0.5924527  0.30934873],[0.60635835 0.31248093],[0.59078729 0.32140318],[0.57288724 0.32385412],1663671828514
735,0.26335894653249137,0.1504883516987191,0.20692364911560523,[0.52846891 0.32198679],[0.54486853 0.31039798],[0.56417561 0.3084017 ],[0.57927555 0.31154507],[0.5610888  0.32193542],[0.54297394 0.32370257],1663671828535
736,0.24948174094702177,0.2485772398039299,0.24902949037547584,[0.4995786  0.32433158],[0.51746827 0.31325373],[0.53755927 0.31087127],[0.55243641 0.31333697],[0.5333209  0.32416117],[0.5144484  0.32588705],1663671828555
737,0.24914947292529813,0.28117034184837447,0.2651599073868363,[0.48556405 0.32843941],[0.50401998 0.31704456],[0.52433509 0.31522638],[0.54008752 0.31856209],[0.52063304 0.32876915],[0.50108534 0.33029503],1663671828576
738,0.21823163485856192,0.2839406337167427,0.2510861342876523,[0.47676036 0.32650733],[0.49572486 0.31615219],[0.51634836 0.31371796],[0.53274882 0.31608254],[0.51386189 0.32607105],[0.49380279 0.32825658],1663671828594
739,0.22296883548780433,0.292128434126705,0.25754863480725465,[0.47616738 0.3260366 ],[0.49541056 0.31562662],[0.51622111 0.31372193],[0.53347403 0.3170256 ],[0.51397687 0.32662973],[0.4934611  0.32824466],1663671828616
740,0.23065101169386107,0.28962634518132035,0.2601386784375907,[0.47632456 0.32700977],[0.49653134 0.31649807],[0.51787156 0.31504202],[0.53487653 0.31853446],[0.51510358 0.32850122],[0.4940159 0.3298133],1663671828638
741,0.22209535582378837,0.3019838574647186,0.2620396066442535,[0.4768222  0.32840446],[0.49665922 0.3185187 ],[0.51747072 0.3171472 ],[0.53449708 0.32062718],[0.51456928 0.32991609],[0.49395031 0.33098388],1663671828658
742,0.2090497114428972,0.27690360901282984,0.24297666022786352,[0.47058073 0.32781628],[0.49081254 0.31932467],[0.5116846  0.31822404],[0.52806324 0.32135209],[0.50834149 0.33007067],[0.48781881 0.33081672],1663671828680
743,0.2200661352956511,0.28523931620242926,0.2526527257490402,[0.46714485 0.32413471],[0.48650095 0.31499517],[0.50709748 0.31387171],[0.52358037 0.31704983],[0.50349349 0.32614484],[0.48330972 0.32681465],1663671828704
744,0.21726732466960227,0.2839784642912643,0.2506228944804333,[0.46448365 0.32014173],[0.48422876 0.31059942],[0.50533527 0.30928093],[0.52242613 0.31278175],[0.50229633 0.32182658],[0.48154035 0.32277808],1663671828728
745,0.21735224795868177,0.31177558499716895,0.2645639164779254,[0.464764   0.31903154],[0.48371941 0.30999148],[0.5037238 0.3088699],[0.52031076 0.31250358],[0.50051087 0.32082406],[0.48090404 0.32158884],1663671828751
746,0.21859628713109217,0.3059684798569065,0.26228238349399935,[0.46734309 0.31920391],[0.48590997 0.31010669],[0.50577033 0.30884016],[0.52253872 0.31250724],[0.50291997 0.32086021],[0.48345137 0.32180583],1663671828770
747,0.21986438772446984,0.32914259722013856,0.2745034924723042,[0.46515843 0.3198728 ],[0.48393992 0.31099021],[0.50394613 0.30983797],[0.52005047 0.31304896],[0.5002923  0.32171986],[0.48095477 0.32250187],1663671828789
748,0.21494736803163247,0.3246921700471328,0.26981976903938265,[0.46159044 0.32072705],[0.47910923 0.31198055],[0.49850485 0.31079277],[0.51516247 0.31382942],[0.49523264 0.3221505 ],[0.47636825 0.32304689],1663671828813
749,0.21747804930046674,0.35568487601092336,0.28658146265569506,[0.4590469  0.32157922],[0.47807065 0.31247163],[0.49836439 0.31108803],[0.51460171 0.31426024],[0.49527141 0.32311124],[0.4754976  0.32414955],1663671828835
750,0.2179315992565776,0.3123023659915461,0.26511698262406186,[0.45589155 0.31946492],[0.47513807 0.30976644],[0.49558645 0.30842841],[0.51231194 0.31161931],[0.49290255 0.32065773],[0.47265124 0.32182041],1663671828858
751,0.22198676398803532,0.2792833570341726,0.25063506051110396,[0.4584001  0.31629062],[0.47725004 0.30689076],[0.49750051 0.30542332],[0.51438034 0.30849606],[0.49492389 0.31784263],[0.47482404 0.31906104],1663671828883
752,0.21823799792206197,0.31228401521342825,0.2652610065677451,[0.46007505 0.315202  ],[0.47951135 0.30622876],[0.49965352 0.30495036],[0.51630294 0.30794734],[0.49639729 0.31717888],[0.47655386 0.31795239],1663671828907
753,0.21852087824766298,0.31483478494418626,0.2666778315959246,[0.46037921 0.31812057],[0.47872397 0.30908698],[0.49865153 0.30740872],[0.51537758 0.3103047 ],[0.49638534 0.3195225 ],[0.47693506 0.32090652],1663671828930
754,0.2183867412025872,0.3186512400319941,0.2685189906172906,[0.46555793 0.32029271],[0.48448503 0.31101564],[0.50493324 0.30938423],[0.52213144 0.31234196],[0.50256693 0.32181835],[0.48230204 0.32311565],1663671828950
755,0.22195011391660388,0.3016766642505279,0.2618133890835659,[0.46930033 0.32060733],[0.48867956 0.3111988 ],[0.50944173 0.30986705],[0.52672976 0.31322065],[0.50676554 0.32263502],[0.4861677  0.32360458],1663671828972
756,0.21309757694836068,0.2913566812000805,0.2522271290742206,[0.47140235 0.31497562],[0.49141818 0.30669832],[0.5123347  0.30586055],[0.52909184 0.30914795],[0.50820452 0.31794637],[0.48780179 0.31807753],1663671828995
757,0.20704377845240474,0.3116467712435781,0.2593452748479914,[0.47388977 0.31328809],[0.49433917 0.30487764],[0.51548386 0.30397168],[0.53266364 0.30727735],[0.5113095  0.31581461],[0.49062741 0.31619173],1663671829015
758,0.21185114632578372,0.33378636648741544,0.2728187564065996,[0.47266576 0.31612641],[0.49274835 0.30763954],[0.51341808 0.30693638],[0.53016031 0.31012753],[0.50934845 0.3187297 ],[0.48904049 0.31907028],1663671829039
759,0.2087353794533376,0.36639579660707405,0.2875655880302058,[0.46935779 0.3205238 ],[0.48775572 0.31236812],[0.50775141 0.31189695],[0.52463102 0.31530756],[0.50380439 0.32304788],[0.4844774  0.32323292],1663671829060
760,0.2302990606426383,0.3072960421845294,0.26879755141358386,[0.46622086 0.31907052],[0.48534319 0.3099061 ],[0.50609642 0.30917186],[0.52340221 0.31284249],[0.50247926 0.32222641],[0.48218152 0.3224611 ],1663671829083
761,0.2173537885964534,0.35305197442699654,0.28520288151172496,[0.46077642 0.31976104],[0.48000455 0.31148842],[0.49990383 0.31054205],[0.51654595 0.31354538],[0.49675754 0.32257247],[0.47710285 0.32308954],1663671829107
762,0.22258925109541416,0.356904861704428,0.28974705639992104,[0.46058777 0.31833249],[0.48007736 0.30943227],[0.50042635 0.30818528],[0.51724279 0.3113569 ],[0.49732852 0.3208141 ],[0.47719303 0.32150123],1663671829134
763,0.21797397056071355,0.3297924683215884,0.27388321944115096,[0.46218026 0.31776765],[0.48127463 0.30904901],[0.50151879 0.30772021],[0.51869458 0.31087244],[0.49933395 0.32010967],[0.47922501 0.32111555],1663671829156
764,0.21852527212957193,0.3591106204242866,0.28881794627692925,[0.45988688 0.31895277],[0.47912705 0.31088632],[0.49911544 0.30987611],[0.51548547 0.31290215],[0.49581933 0.32192463],[0.47605291 0.32243583],1663671829179
765,0.2193533916582663,0.3091571666890338,0.26425527917365005,[0.45399433 0.3207438 ],[0.47172806 0.31270334],[0.49039981 0.31145883],[0.50648987 0.31400204],[0.48738033 0.32289994],[0.46908724 0.32377931],1663671829202
766,0.22058457839187642,0.2954066885183353,0.25799563345510584,[0.45203063 0.32096127],[0.46922421 0.31231678],[0.48781103 0.31038421],[0.50448889 0.31235397],[0.4854494  0.32204878],[0.466988   0.32364944],1663671829223
767,0.22932633414384082,0.3182608497112122,0.2737935919275265,[0.44708091 0.32082003],[0.46417588 0.31156695],[0.48292249 0.3095603 ],[0.49965355 0.31154317],[0.48087507 0.32177255],[0.46230152 0.32352334],1663671829243
768,0.21880448523990736,0.3040295785672059,0.26141703190355664,[0.44840914 0.31856561],[0.46502873 0.30897862],[0.48348239 0.30627751],[0.50013465 0.30825496],[0.48185796 0.31796253],[0.46349028 0.32015672],1663671829264
769,0.2180355846116442,0.24865587057387445,0.23334572759275934,[0.4487009  0.31546012],[0.46562845 0.3060739 ],[0.48447603 0.30353537],[0.50136268 0.30532464],[0.48331025 0.31530315],[0.46457648 0.3175863 ],1663671829283
770,0.20501871218783682,0.2810350021453537,0.24302685716659528,[0.45075247 0.31561247],[0.46860099 0.30668628],[0.48781088 0.30391175],[0.50442618 0.30534238],[0.48617175 0.31521162],[0.46696967 0.31755388],1663671829308
771,0.21001761128267887,0.30642172507529253,0.2582196681789857,[0.44902155 0.31762069],[0.46517593 0.30914748],[0.48341745 0.30680764],[0.50052446 0.30861288],[0.48207545 0.31787193],[0.46401075 0.31990057],1663671829332
772,0.21908609229283724,0.33802115038900304,0.27855362134092015,[0.44798121 0.31712854],[0.46459362 0.30865818],[0.48333028 0.30650267],[0.50031632 0.30871493],[0.48181933 0.31825417],[0.46336997 0.31997019],1663671829354
773,0.21189621369940276,0.2767543606433351,0.24432528717136892,[0.44158182 0.31892109],[0.45911059 0.31068867],[0.477997   0.30860582],[0.49423531 0.31038582],[0.47589087 0.31997263],[0.45732749 0.32158893],1663671829374
774,0.21307646732220623,0.3260529119861318,0.269564689654169,[0.43627822 0.32034963],[0.45326552 0.31080869],[0.47263709 0.30836079],[0.48953447 0.31015879],[0.47106752 0.31998965],[0.45217085 0.32212865],1663671829400
775,0.2106584890288147,0.319073178977975,0.26486583400339486,[0.43344438 0.32225353],[0.45075986 0.31289107],[0.46983638 0.31047389],[0.48626447 0.31201684],[0.46775335 0.32185054],[0.44897452 0.32384887],1663671829424
776,0.2104615748912041,0.30063960713063187,0.255550591010918,[0.4310824  0.32470793],[0.44870332 0.31464031],[0.46769682 0.31225702],[0.48385847 0.31397685],[0.46631292 0.32345837],[0.44746095 0.32595503],1663671829446
777,0.21842299088613462,0.24072986535351146,0.22957642811982304,[0.4325183  0.32770562],[0.44900769 0.31738979],[0.46670696 0.31421095],[0.48346144 0.31524456],[0.46642509 0.32558429],[0.44816706 0.32889268],1663671829467
778,0.23059061708770978,0.24907242901451226,0.23983152305111102,[0.43698886 0.32392889],[0.45167729 0.31401128],[0.46820447 0.31086284],[0.4849554  0.31214067],[0.46808586 0.32236901],[0.45104951 0.32526651],1663671829488
779,0.21836079101635472,0.28418839752842434,0.2512745942723895,[0.43822038 0.32224122],[0.4536466 0.3119241],[0.47104779 0.30827993],[0.48795554 0.30929363],[0.47132105 0.31956491],[0.45359418 0.32308006],1663671829508
780,0.21795700658138203,0.2835711876036248,0.2507640970925034,[0.43998066 0.31969693],[0.45653668 0.30954027],[0.47519481 0.30594349],[0.49201331 0.30716589],[0.4747498  0.31784001],[0.45613566 0.32095864],1663671829529
781,0.22098916447332734,0.33475126159952195,0.2778702130364247,[0.44351715 0.31694087],[0.45975977 0.30701402],[0.47848925 0.30355734],[0.49558049 0.30488536],[0.47822872 0.31563106],[0.45956236 0.3185555 ],1663671829550
782,0.2389726363418524,0.25958976471522865,0.24928120052854053,[0.4490481  0.31312954],[0.46514684 0.30223805],[0.48341134 0.29927579],[0.50050157 0.30115053],[0.48335001 0.31194547],[0.46488941 0.31481519],1663671829575
783,0.23483502906020354,0.334332375249438,0.28458370215482076,[0.45347023 0.313261  ],[0.47024599 0.30261406],[0.48919368 0.29962453],[0.5064072  0.30176261],[0.48897856 0.3124474 ],[0.46989846 0.31522727],1663671829601
784,0.22529316363307247,0.29153481105668655,0.2584139873448795,[0.45640102 0.31459019],[0.47351694 0.30498287],[0.49258    0.30277371],[0.509727  0.3055425],[0.49171969 0.31505463],[0.472727   0.31701732],1663671829622
785,0.22977706948332574,0.3068401567831539,0.26830861313323984,[0.45672935 0.31479713],[0.47340548 0.30519694],[0.49203619 0.30317017],[0.50890374 0.30583069],[0.49105075 0.31533277],[0.47259006 0.31729549],1663671829642
786,0.22163885018717908,0.302877117473507,0.26225798383034304,[0.45702946 0.31406361],[0.47497708 0.30494243],[0.49424425 0.30300295],[0.5110085  0.30577496],[0.49297148 0.31515524],[0.47387171 0.31688076],1663671829667
787,0.21603688482040748,0.27424110365350796,0.24513899423695773,[0.45807371 0.31651253],[0.47591135 0.30783346],[0.49503011 0.30626842],[0.51182067 0.30920893],[0.4934212  0.31797317],[0.47447389 0.3193655 ],1663671829689
788,0.22223358511332375,0.26732172220527806,0.2447776536593009,[0.4562816  0.31733993],[0.47368139 0.3086448 ],[0.49263185 0.30718949],[0.50916868 0.30990514],[0.49030551 0.31902337],[0.47174522 0.32016051],1663671829710
789,0.2132282689265947,0.30924597712756735,0.261237123027081,[0.45349798 0.31807393],[0.47241926 0.30959272],[0.49215379 0.30809462],[0.50838691 0.31057072],[0.4899064  0.31981248],[0.4703747  0.32110661],1663671829732
790,0.21892299486360384,0.3200147175630514,0.2694688562133276,[0.45722342 0.31875676],[0.47448897 0.30999756],[0.49338129 0.30831578],[0.50960839 0.31061041],[0.4915368  0.31990483],[0.47300908 0.32137907],1663671829758
791,0.22790871511613875,0.3022043157171733,0.26505651541665604,[0.46464056 0.31515464],[0.48366359 0.3057833 ],[0.50391102 0.30397236],[0.52063203 0.30670661],[0.50168937 0.31686744],[0.48140773 0.31830746],1663671829779
792,0.22651064189561818,0.2853560273936017,0.25593333464460993,[0.46754247 0.31369931],[0.48562735 0.30468553],[0.50526917 0.30302468],[0.52178043 0.30579641],[0.50346684 0.31543973],[0.48407072 0.31687173],1663671829805
793,0.2098247217768564,0.34069710396961583,0.2752609128732361,[0.47739163 0.31424654],[0.49657479 0.30606306],[0.51642519 0.30487096],[0.53299403 0.30768561],[0.51363528 0.31646645],[0.49386868 0.31731111],1663671829828
794,0.22287512304082593,0.26520087575115275,0.24403799939598936,[0.48459029 0.31212255],[0.50397891 0.30437624],[0.52395719 0.30378273],[0.54032958 0.30689612],[0.5199281  0.31587583],[0.50014246 0.31596592],1663671829851
795,0.23488502555310223,0.2730495331995288,0.2539672793763155,[0.48912245 0.31093106],[0.50834006 0.30226034],[0.52834094 0.30137235],[0.54454863 0.30487758],[0.52449095 0.31426352],[0.50470442 0.3144691 ],1663671829876
796,0.23136764221786685,0.266979661338456,0.24917365177816142,[0.49281937 0.30965123],[0.51252359 0.30106804],[0.53276455 0.30029684],[0.54983699 0.30462614],[0.52918392 0.31348348],[0.50890332 0.31336856],1663671829898
797,0.2224807466521445,0.24357077307241787,0.2330257598622812,[0.49302551 0.30917314],[0.51200581 0.3021796 ],[0.53139472 0.30206177],[0.54802287 0.30613568],[0.52754849 0.31404808],[0.50818115 0.3134701 ],1663671829919
798,0.23746932587528485,0.2737766851924751,0.25562300553387995,[0.48830149 0.30667064],[0.50774997 0.29909191],[0.52767801 0.29901052],[0.54399264 0.30280241],[0.52342266 0.3118844 ],[0.50380611 0.31143165],1663671829939
799,0.2103810246085097,0.22781946245741633,0.219100243532963,[0.48837653 0.29845667],[0.50680369 0.29125625],[0.52624857 0.29060575],[0.54268903 0.29391947],[0.52290887 0.30182067],[0.5037865  0.30207399],1663671829959
800,0.20510668511783126,0.24678808497395013,0.22594738504589068,[0.48830861 0.29338172],[0.50730079 0.28595704],[0.52700752 0.28544602],[0.54304063 0.28876087],[0.52421689 0.29644552],[0.50460708 0.29681149],1663671829986
801,0.20552838278276347,0.2755457105359995,0.2405370466593815,[0.48476368 0.29506698],[0.50340223 0.28770742],[0.52261406 0.28713572],[0.5385465  0.29038608],[0.51954883 0.29791769],[0.50054008 0.29831004],1663671830005
802,0.20604213030611862,0.23420519331442524,0.22012366181027193,[0.48165259 0.29193985],[0.50038999 0.28481057],[0.51965386 0.28464681],[0.53588146 0.2885713 ],[0.5165543  0.29552299],[0.49743336 0.29548955],1663671830025
803,0.21804123591439126,0.2636521401326427,0.240846688023517,[0.48019394 0.29089463],[0.49852511 0.28309596],[0.51811045 0.28252605],[0.53411466 0.2859993 ],[0.51414907 0.29403085],[0.49536526 0.29409391],1663671830045
804,0.22510140459489833,0.2465310272803878,0.23581621593764307,[0.48109862 0.29363921],[0.49952868 0.28519136],[0.51917857 0.28491756],[0.53561395 0.28908473],[0.5154736  0.29687518],[0.49653068 0.29692441],1663671830071
805,0.21360853264677424,0.27998883059675844,0.24679868162176632,[0.48262218 0.29348621],[0.49958792 0.28603888],[0.51839411 0.28574514],[0.53437382 0.28925166],[0.514498   0.29649806],[0.4967351  0.29639935],1663671830096
806,0.22312352744700034,0.2836777977759455,0.2534006626114729,[0.48135695 0.29384437],[0.49847469 0.28602654],[0.51719564 0.28584695],[0.53286844 0.28953001],[0.51331139 0.29690149],[0.4955928  0.29700482],1663671830121
807,0.21751022608997975,0.28101496196498377,0.24926259402748174,[0.48048669 0.29352304],[0.49655816 0.28595859],[0.51434952 0.28568456],[0.53040165 0.28955173],[0.51144367 0.29636815],[0.49430463 0.29642975],1663671830142
808,0.2177503755825855,0.26002130585859606,0.23888584072059077,[0.48064819 0.29175442],[0.49745905 0.28412563],[0.51586843 0.28403276],[0.53174329 0.28779948],[0.51221782 0.29477254],[0.49469373 0.29474679],1663671830164
809,0.20627702359422367,0.24724145679440213,0.2267592401943129,[0.48429939 0.29264697],[0.50195462 0.28574657],[0.52032518 0.28596184],[0.53580874 0.28979182],[0.51652771 0.29608455],[0.49873725 0.29571149],1663671830183
810,0.1990579970047092,0.2379164232034257,0.21848721010406746,[0.48691329 0.29318166],[0.50539064 0.28684226],[0.52437025 0.28685704],[0.53993511 0.29045349],[0.52031118 0.29695427],[0.50183755 0.29646119],1663671830210
811,0.1945860887374215,0.2643070687947708,0.22944657876609614,[0.48514244 0.29595739],[0.50289184 0.28927964],[0.52172524 0.28938675],[0.53740335 0.29299799],[0.51778466 0.29898527],[0.49963969 0.29873091],1663671830232
812,0.21230672157450348,0.2510030084056036,0.23165486499005353,[0.48223773 0.29737383],[0.49878934 0.29045886],[0.51694202 0.29071099],[0.53277934 0.29472679],[0.51353586 0.30106094],[0.49612489 0.30071235],1663671830251
813,0.20037766479855013,0.26791631850622655,0.23414699165238834,[0.48083255 0.29880014],[0.49775109 0.29184201],[0.51602679 0.29190719],[0.5319522  0.29567304],[0.51252496 0.30175039],[0.49490124 0.30150786],1663671830273
814,0.1885521676866825,0.2377998324886786,0.21317600008768056,[0.48008355 0.29371616],[0.49845731 0.2878592 ],[0.51745242 0.28781158],[0.53312624 0.29085732],[0.51383829 0.29741856],[0.49528387 0.29709664],1663671830295
815,0.21180120368707253,0.24138618378159743,0.22659369373433497,[0.48121735 0.28952077],[0.49862367 0.28213221],[0.51719064 0.28183326],[0.53283334 0.285386  ],[0.51326472 0.29234275],[0.49538627 0.29234734],1663671830318
816,0.20792955686521447,0.21769910203529186,0.21281432945025316,[0.47546959 0.28856805],[0.49263021 0.28122637],[0.51081914 0.28088838],[0.52678537 0.28466341],[0.50816905 0.29133111],[0.49028611 0.29159272],1663671830341
817,0.21702572976792112,0.26629961944748387,0.2416626746077025,[0.47205743 0.2910589 ],[0.48960155 0.28280208],[0.50832146 0.28224364],[0.52416104 0.28586698],[0.50498754 0.29323313],[0.48685044 0.29370388],1663671830363
818,0.225752341652556,0.24506484738458673,0.23540859451857138,[0.47106373 0.29228821],[0.48922232 0.28317851],[0.50862318 0.28231326],[0.52479422 0.28614372],[0.50586885 0.29430911],[0.48700917 0.29508424],1663671830388
819,0.2115082548479765,0.2936479723004039,0.2525781135741902,[0.47748983 0.29208386],[0.49496377 0.28415272],[0.51359856 0.28325889],[0.52951735 0.2864989 ],[0.51032275 0.29405829],[0.49210232 0.29461822],1663671830409
820,0.20844422410309996,0.25344116209655426,0.23094269309982712,[0.48022372 0.29409677],[0.49840474 0.28654775],[0.51705891 0.28609142],[0.53265899 0.2895411 ],[0.51374251 0.29672271],[0.49530908 0.29690027],1663671830431
821,0.20500308854633048,0.23575797367327517,0.22038053110980282,[0.48039111 0.29519224],[0.49844319 0.28807625],[0.51733655 0.28810853],[0.53312266 0.29182482],[0.51353633 0.29842249],[0.49515513 0.29822963],1663671830452
822,0.21369778885580476,0.24467544648814848,0.22918661767197662,[0.47810414 0.29647416],[0.49520555 0.2893135 ],[0.51344198 0.28932151],[0.5290128  0.29306117],[0.51033986 0.29988128],[0.49256009 0.29978549],1663671830476
823,0.20637607143692238,0.24935641350857643,0.2278662424727494,[0.47699559 0.29574707],[0.4944714  0.28857327],[0.51294762 0.2884208 ],[0.52854431 0.29201058],[0.5097332  0.29875267],[0.49173558 0.29872334],1663671830499
824,0.2070589243563288,0.24277051546801393,0.22491471991217138,[0.47536454 0.29736435],[0.49376681 0.2899099 ],[0.51277292 0.28968897],[0.52822101 0.29320246],[0.50937837 0.30026904],[0.49080557 0.30034307],1663671830521
825,0.20291170005056094,0.23361899618210738,0.21826534811633416,[0.48135877 0.2993395 ],[0.49884504 0.29249886],[0.51708567 0.29218012],[0.53297842 0.29557875],[0.51437134 0.30244994],[0.49630424 0.30256465],1663671830541
826,0.1935950145508217,0.23944429607522244,0.21651965531302209,[0.49102843 0.30083615],[0.50996685 0.29445547],[0.52891994 0.29460812],[0.54448253 0.29811037],[0.52530015 0.30441296],[0.5065344  0.30413711],1663671830561
827,0.20224118800156304,0.2970076979081705,0.24962444295486677,[0.49774936 0.29961905],[0.51839298 0.29301855],[0.53885561 0.29344001],[0.55468118 0.29771212],[0.53485149 0.30439004],[0.51458102 0.30374289],1663671830584
828,0.20686873127527727,0.26122663390412754,0.2340476825897024,[0.49547306 0.29916233],[0.51666766 0.29293403],[0.53744578 0.29387993],[0.55331665 0.29847145],[0.53251576 0.30507064],[0.51208889 0.30370656],1663671830605
829,0.20102298050077255,0.25844311803663766,0.2297330492687051,[0.49037832 0.30002663],[0.5106895 0.2941139],[0.53108549 0.29461193],[0.5470615  0.29885659],[0.52714998 0.30564857],[0.50700402 0.30455959],1663671830625
830,0.21540554889597524,0.23753465536082435,0.2264701021283998,[0.4872309  0.30277231],[0.5068664  0.29614192],[0.52650815 0.29679328],[0.54205191 0.30094439],[0.5223465  0.30801168],[0.50299668 0.30714655],1663671830647
831,0.21329425784375258,0.237095703305921,0.22519498057483678,[0.48367712 0.30072409],[0.50252938 0.29401475],[0.5221808  0.29439634],[0.53787649 0.29829285],[0.51848239 0.30558431],[0.49933326 0.30491656],1663671830667
832,0.20784746352187827,0.25277675633119884,0.23031210992653856,[0.48630691 0.29927766],[0.50375056 0.29318482],[0.52223462 0.29336587],[0.5378015  0.29690176],[0.51825374 0.30365968],[0.5004555  0.30304065],1663671830686
833,0.20521134843251693,0.23801238377497813,0.22161186610374753,[0.48650527 0.29919839],[0.50539637 0.29231426],[0.52483541 0.29206133],[0.54068714 0.29551244],[0.52145439 0.30287862],[0.50231022 0.30282611],1663671830707
834,0.20845807666056373,0.23912083616000857,0.22378945641028614,[0.48535413 0.29794949],[0.50399333 0.29129565],[0.52311534 0.29136297],[0.53846043 0.29481333],[0.51931757 0.3020229 ],[0.50064886 0.30163121],1663671830733
835,0.20145984512500675,0.25024445133770695,0.22585214823135685,[0.48877022 0.29689696],[0.50739461 0.29012734],[0.52658892 0.28998199],[0.54230303 0.29347819],[0.5230267  0.30038685],[0.50413895 0.3002314 ],1663671830752
836,0.2066187159800219,0.2344625262390374,0.22054062110952966,[0.48875874 0.29982758],[0.50663155 0.29325825],[0.52540785 0.29351354],[0.54112297 0.29762545],[0.52212214 0.30400303],[0.50377071 0.30353335],1663671830773
837,0.21117808535640056,0.2695081975835676,0.2403431414699841,[0.49084538 0.29923135],[0.50821841 0.29233977],[0.52692324 0.29229122],[0.54282856 0.29623765],[0.52385175 0.30303067],[0.5056088  0.30284217],1663671830797
838,0.2050436822985631,0.2405256666336632,0.22278467446611316,[0.49128795 0.29883036],[0.50988853 0.29228947],[0.52932882 0.29241419],[0.54516852 0.2963438 ],[0.5258339  0.30316135],[0.506769   0.30264804],1663671830820
839,0.20503319091094593,0.2581608837577221,0.231597037334334,[0.49286976 0.29941329],[0.51174188 0.29236743],[0.53169709 0.29234847],[0.54768014 0.29625511],[0.52857661 0.30330893],[0.50910074 0.3031663 ],1663671830839
840,0.20240424082217817,0.26059375470901264,0.2314989977655954,[0.49686727 0.30259454],[0.51681733 0.29557279],[0.53724593 0.29568863],[0.55333632 0.29960912],[0.53392422 0.30679357],[0.51370406 0.30643544],1663671830860
841,0.20267929215246377,0.24875749857351054,0.22571839536298716,[0.49590179 0.30220735],[0.51581758 0.29555029],[0.5361048  0.29585814],[0.55205518 0.30004942],[0.5322718  0.30683249],[0.51231956 0.30614221],1663671830879
842,0.21322609846263962,0.24637411023833347,0.22980010435048653,[0.48991647 0.29953325],[0.5079785  0.29238862],[0.52739382 0.292579  ],[0.54331887 0.29678875],[0.52412426 0.30371723],[0.50528955 0.30325633],1663671830898
843,0.20721470614017953,0.20924290363840267,0.2082288048892911,[0.48644394 0.2933732 ],[0.50628251 0.28607494],[0.52648455 0.28620729],[0.54262304 0.29041025],[0.5226742  0.29740834],[0.50277811 0.29701036],1663671830918
844,0.21932590731532636,0.21788364526364434,0.21860477628948535,[0.48729432 0.29124904],[0.50587267 0.28296885],[0.52536553 0.28291312],[0.54185432 0.28733456],[0.5218426  0.29453105],[0.50279057 0.29441521],1663671830940
845,0.2206123156816294,0.24558801684792575,0.2331001662647776,[0.4867318  0.28986034],[0.50299937 0.2814211 ],[0.52156448 0.28134939],[0.53794694 0.28562045],[0.5185715  0.29231426],[0.50094128 0.29254091],1663671830959
846,0.22945563366689972,0.2486565658593918,0.23905609976314576,[0.49069667 0.29062742],[0.50763518 0.28280586],[0.5262109  0.28309283],[0.54205364 0.28743345],[0.52233297 0.2944136 ],[0.50472546 0.29408383],1663671830977
847,0.23153739306731655,0.24572614802001838,0.23863177054366747,[0.49322408 0.29140222],[0.51054019 0.28325298],[0.52956575 0.28362116],[0.54553586 0.28845274],[0.52563423 0.29530215],[0.50752407 0.29480356],1663671831002
848,0.24111394773671196,0.2995987427914735,0.27035634526409275,[0.4940578  0.29602277],[0.51033938 0.28677887],[0.52877939 0.28719375],[0.54490602 0.29255906],[0.52511919 0.29903132],[0.50753546 0.29863864],1663671831025
849,0.22596340173591345,0.2679001703142271,0.24693178602507027,[0.49232978 0.29751247],[0.5094229  0.28863022],[0.52832556 0.28866884],[0.54432493 0.29335463],[0.52472383 0.30005538],[0.50661683 0.29991704],1663671831049
850,0.2244357378303115,0.2506207186257616,0.23752822822803654,[0.49322212 0.29884121],[0.51042676 0.2904343 ],[0.52921075 0.29060477],[0.54507536 0.2953752 ],[0.52558255 0.30187821],[0.50753707 0.30154929],1663671831072
851,0.2325176722848759,0.2619754985445279,0.2472465854147019,[0.48921555 0.3006283 ],[0.50646162 0.29141647],[0.52566779 0.29153645],[0.54191786 0.29667333],[0.52179974 0.30337709],[0.50339162 0.30314216],1663671831092
852,0.22611245384801057,0.285799234659515,0.2559558442537628,[0.4806264  0.29931772],[0.49810565 0.29068071],[0.51740205 0.2905252 ],[0.53375697 0.29496074],[0.513888   0.30229145],[0.49537241 0.3021884 ],1663671831112
853,0.22785599689299288,0.2875064090952092,0.257681202994101,[0.47187236 0.29820937],[0.49015734 0.28947473],[0.50985742 0.28889436],[0.52602375 0.29237348],[0.50646293 0.30112678],[0.4874016  0.30128309],1663671831131
854,0.2635118356009274,0.2745433244853018,0.26902758004311456,[0.47264063 0.29700062],[0.49047968 0.28617284],[0.51000077 0.28490502],[0.52556086 0.28843972],[0.50746489 0.29882842],[0.48873046 0.30016425],1663671831151
855,0.2665763910524146,0.325010825890596,0.29579360847150526,[0.47708645 0.29755378],[0.49387378 0.28663576],[0.51249301 0.28538287],[0.52804542 0.28868768],[0.51027453 0.29901126],[0.49226907 0.30031121],1663671831174
856,0.2531116971815479,0.3094662473848925,0.2812889722832202,[0.48322681 0.30011591],[0.49968636 0.28975627],[0.51814073 0.28858161],[0.53420782 0.29215285],[0.51612502 0.30150443],[0.49818814 0.30271155],1663671831196
857,0.2667999474864444,0.28817100479985713,0.2774854761431508,[0.48629296 0.29657596],[0.50350648 0.28601357],[0.52236277 0.28521609],[0.53800714 0.28952456],[0.51970649 0.29899174],[0.50149256 0.29968667],1663671831217
858,0.266421014763263,0.29488460243449044,0.28065280859887676,[0.49023175 0.29468748],[0.50715321 0.28406546],[0.52573985 0.28336304],[0.54134607 0.287563  ],[0.52297658 0.29690298],[0.50495541 0.29756787],1663671831240
859,0.2621417021922902,0.2937571919940712,0.2779494470931807,[0.49396172 0.29381666],[0.51110405 0.2823166 ],[0.53034782 0.28092298],[0.54622811 0.28486642],[0.5280875  0.29479262],[0.50938714 0.29595762],1663671831259
860,0.26402625199795743,0.273014908346442,0.2685205801721997,[0.50191545 0.29381412],[0.51934433 0.28287855],[0.53836811 0.28158686],[0.55361605 0.28492987],[0.53582954 0.2952556 ],[0.51747096 0.29654908],1663671831278
861,0.27256589666954095,0.2557737761525653,0.2641698364110531,[0.50882483 0.29517829],[0.52600563 0.28364158],[0.54487014 0.28273427],[0.56007642 0.28665471],[0.54218549 0.29662105],[0.52397788 0.29767454],1663671831297
862,0.26509168182508236,0.2722772380400521,0.26868445993256723,[0.50844944 0.29730403],[0.5245167  0.28602672],[0.54263341 0.2846007 ],[0.55791384 0.28825176],[0.54052091 0.29784054],[0.5229848  0.29919133],1663671831319
863,0.28490126978584707,0.251203763395234,0.2680525165905405,[0.50737941 0.29355383],[0.52377725 0.28144047],[0.54243964 0.28051269],[0.55797905 0.2846401 ],[0.5398711  0.29493171],[0.52197653 0.29595897],1663671831338
864,0.2732477003860111,0.25713921346116253,0.2651934569235868,[0.50416994 0.29307127],[0.52066088 0.28110361],[0.5396046  0.27970639],[0.55519795 0.28340563],[0.53702158 0.29378945],[0.51890576 0.29505813],1663671831358
865,0.23936113296868827,0.20781149065399915,0.2235863118113437,[0.49961624 0.29815906],[0.51628071 0.28811288],[0.53509629 0.28680959],[0.55099171 0.29038471],[0.53243041 0.29910156],[0.51422369 0.30023646],1663671831379
866,0.22912106529608006,0.22847052406975576,0.2287957946829179,[0.48925161 0.29987383],[0.50662655 0.29149625],[0.52542549 0.29118162],[0.54061806 0.294554  ],[0.52168787 0.30256855],[0.50378668 0.30282524],1663671831401
867,0.22526820981937495,0.2685956322926542,0.24693192105601458,[0.47621959 0.30296516],[0.49294949 0.29469657],[0.5111528  0.29385585],[0.5265761  0.29704517],[0.50823212 0.30501539],[0.49060893 0.30575997],1663671831421
868,0.21429626500851098,0.2495230050383569,0.23190963502343392,[0.46756524 0.30329457],[0.48342565 0.29522774],[0.50135195 0.29453897],[0.51723623 0.29772246],[0.498638   0.30501604],[0.48149979 0.30565059],1663671831440
869,0.21073527905401002,0.2797114650333212,0.24522337204366562,[0.46455041 0.3064777 ],[0.481033   0.29843038],[0.49951145 0.29730451],[0.51549429 0.30014968],[0.4975113  0.30799961],[0.47971594 0.30910528],1663671831460
870,0.2126673095699011,0.3180447105397995,0.2653560100548503,[0.47141734 0.30547488],[0.49006239 0.29700914],[0.50955653 0.2957699 ],[0.52578259 0.29864877],[0.50661021 0.30724159],[0.48744285 0.30816674],1663671831477
871,0.20752868839357141,0.28968146191377,0.2486050751536707,[0.47583285 0.30118293],[0.49504918 0.29320106],[0.51477498 0.29224014],[0.53086036 0.29533663],[0.51160687 0.30345151],[0.49207538 0.30412111],1663671831498
872,0.2042282122280695,0.3209777908902663,0.2626030015591679,[0.47968328 0.30059272],[0.49823567 0.29330522],[0.51739997 0.29273278],[0.53314775 0.29583836],[0.51403683 0.30333808],[0.49526191 0.30368596],1663671831518
873,0.20705319057605773,0.2746313978218103,0.240842294198934,[0.48459518 0.30565983],[0.5023163  0.29761243],[0.52132666 0.29698598],[0.53754467 0.30080131],[0.51910287 0.3078056 ],[0.50043195 0.30842248],1663671831542
874,0.2024790365199272,0.28719512599332975,0.24483708125662848,[0.48466912 0.30483538],[0.5046854  0.29737216],[0.52509308 0.29732513],[0.5415011  0.30156687],[0.52132696 0.30840746],[0.50112182 0.30814594],1663671831562
875,0.20515069730934488,0.27066870626615763,0.23790970178775125,[0.48019803 0.30319726],[0.49889106 0.29583424],[0.51871783 0.29597023],[0.53492677 0.30025977],[0.5153476  0.30687901],[0.49608743 0.30654341],1663671831584
876,0.2129220228052506,0.2830198967197359,0.24797095976249323,[0.47679347 0.30238539],[0.49503705 0.29442215],[0.5144707  0.29441723],[0.53057182 0.29849997],[0.51135868 0.3054812 ],[0.4925175  0.30560952],1663671831606
877,0.19992687512702634,0.25240423734035866,0.2261655562336925,[0.47299224 0.30004603],[0.4917219  0.29303673],[0.5111137  0.29253715],[0.52685088 0.29574543],[0.50840831 0.30313665],[0.489418   0.30344972],1663671831628
878,0.2007347219885518,0.273869648042668,0.2373021850156099,[0.47417229 0.29896516],[0.49318302 0.29160506],[0.51280904 0.29072201],[0.52890599 0.29366973],[0.50967741 0.30154639],[0.49037364 0.30204177],1663671831650
879,0.20576517898425065,0.32258879204996477,0.2641769855171077,[0.47897637 0.29973361],[0.49729198 0.29260767],[0.51602411 0.29202572],[0.53174388 0.29497796],[0.51284873 0.30260539],[0.49441218 0.30297256],1663671831672
880,0.20137437353489457,0.29776140047025207,0.24956788700257332,[0.48316801 0.3011063 ],[0.5006994  0.29449683],[0.51918268 0.29374692],[0.53504753 0.29666248],[0.51677841 0.30410516],[0.49857685 0.30461389],1663671831693
881,0.19474276570577065,0.28892730210225837,0.2418350339040145,[0.48391023 0.30013731],[0.50251299 0.29365337],[0.52167737 0.29317519],[0.53759873 0.29636511],[0.51847029 0.30336431],[0.49962407 0.30351964],1663671831718
882,0.19338842575481502,0.2918123392701489,0.24260038251248195,[0.48619166 0.29751471],[0.50578928 0.29138482],[0.52566069 0.29097939],[0.54175329 0.29409257],[0.52237427 0.30155036],[0.50273067 0.30138829],1663671831741
883,0.19859070765112144,0.30180204530428284,0.25019637647770215,[0.48667338 0.2925477 ],[0.5053606  0.28591803],[0.52448559 0.28575534],[0.54004055 0.28899804],[0.52057922 0.29586104],[0.50207216 0.29579377],1663671831766
884,0.1990338814188445,0.29737290987458265,0.24820339564671356,[0.4876509  0.29010427],[0.50581408 0.28327379],[0.52477562 0.28324279],[0.54075199 0.28684902],[0.52094507 0.29331499],[0.50264192 0.29317978],1663671831788
885,0.20411283719699555,0.2689195072886744,0.236516172242835,[0.48839611 0.28985405],[0.50563174 0.28322804],[0.52389812 0.28324887],[0.53963172 0.28676873],[0.52050781 0.29329407],[0.50285155 0.29319939],1663671831806
886,0.18843669980215208,0.26013246129514705,0.22428458054864958,[0.49071562 0.2932061 ],[0.50823933 0.28723872],[0.52671295 0.28728271],[0.54264933 0.29091108],[0.52355796 0.29673296],[0.5056172  0.29650334],1663671831838
887,0.19494614476744598,0.24404581524449787,0.21949598000597192,[0.48724279 0.29427338],[0.5059191 0.2882435],[0.52482247 0.28847206],[0.5403654  0.29215887],[0.52138758 0.29842547],[0.50293529 0.29799634],1663671831860
888,0.1953347416793281,0.2284038073636943,0.21186927452151122,[0.48592657 0.29445583],[0.50454324 0.28871423],[0.52333266 0.28908557],[0.53887153 0.29278058],[0.51997507 0.29898798],[0.50154132 0.29850242],1663671831883
889,0.1996438893735534,0.24224452656740236,0.22094420797047787,[0.48405546 0.29778695],[0.5025413  0.29132923],[0.52142429 0.29145795],[0.53703469 0.29511186],[0.51822352 0.30158225],[0.49965084 0.30148876],1663671831907
890,0.19872686051734875,0.2644720721432065,0.23159946633027761,[0.48229694 0.29779136],[0.50113803 0.29098433],[0.52035791 0.2909196 ],[0.53618538 0.29451901],[0.51731879 0.30136111],[0.49832237 0.3011857 ],1663671831925
891,0.1784800214552672,0.24239583067628856,0.21043792606577788,[0.48089197 0.29620901],[0.49911794 0.29047289],[0.51829791 0.29037768],[0.53448218 0.29323566],[0.5150075 0.299546 ],[0.49631521 0.29946429],1663671831948
892,0.18562072186679018,0.26035491259330523,0.2229878172300477,[0.48088646 0.29229403],[0.49916473 0.28561011],[0.51815766 0.28507155],[0.5342561  0.28825447],[0.51529002 0.29472864],[0.49661234 0.29506758],1663671831971
893,0.2095793962006004,0.28367051080085587,0.24662495350072813,[0.4831143  0.29263279],[0.5022071  0.28498575],[0.52158558 0.28469458],[0.53721553 0.28826508],[0.5178678  0.29560935],[0.49889761 0.29570678],1663671831996
894,0.20371971836497804,0.2710183289414192,0.23736902365319862,[0.48418826 0.29449937],[0.50296301 0.28758416],[0.52207434 0.28747982],[0.5378269  0.29124486],[0.51885152 0.29808685],[0.49997911 0.29797298],1663671832020
895,0.2037759397069801,0.29149654886444537,0.24763624428571274,[0.48439687 0.29354122],[0.50284499 0.28628507],[0.52185863 0.2861672 ],[0.53750503 0.28987354],[0.51858324 0.29662207],[0.49996516 0.29663172],1663671832039
896,0.2065333168779628,0.23497161018143428,0.22075246352969854,[0.4826614 0.2921581],[0.50080872 0.28522623],[0.51989156 0.2852298 ],[0.53590763 0.28899729],[0.51688612 0.29597476],[0.49826002 0.29579896],1663671832058
897,0.19752057234965478,0.2484092821047757,0.22296492722721523,[0.47973731 0.29670519],[0.49777314 0.29020452],[0.51623023 0.29018557],[0.53205121 0.2936365 ],[0.51358944 0.30023298],[0.49531844 0.30022115],1663671832079
898,0.19465716367625266,0.2418487132823328,0.21825293847929272,[0.48389542 0.30243918],[0.5022614  0.29543236],[0.52103478 0.29514548],[0.53720438 0.2989046 ],[0.5185442  0.30524856],[0.49966449 0.30549669],1663671832099
899,0.19833133432604547,0.26269676000318953,0.23051404716461749,[0.4828712  0.30044702],[0.50252831 0.29316112],[0.52248812 0.29290181],[0.53885561 0.29689091],[0.51981771 0.30377802],[0.49988633 0.30389315],1663671832120
900,0.19680799759365725,0.22302308252942438,0.2099155400615408,[0.48351225 0.29448187],[0.50274724 0.28782725],[0.5220747  0.28755501],[0.5381332  0.29127035],[0.51914769 0.29805738],[0.49986044 0.29806212],1663671832141
901,0.1985057402956741,0.22836103581006417,0.21343338805286916,[0.48683596 0.29666048],[0.50581938 0.29003546],[0.52519536 0.28980628],[0.54155195 0.29338056],[0.52244824 0.30047163],[0.50311375 0.30043775],1663671832162
902,0.20695716828269795,0.26220313171260917,0.23458014999765356,[0.4890793  0.29882324],[0.5078783  0.29157272],[0.5268985  0.29149079],[0.54310966 0.29543474],[0.52397138 0.30234492],[0.50489402 0.30233252],1663671832185
903,0.21982033080125457,0.26401555712649016,0.24191794396387237,[0.48821932 0.29554591],[0.50654775 0.28782383],[0.52556163 0.28810316],[0.54133093 0.292642  ],[0.52163279 0.29925722],[0.50313932 0.29886901],1663671832204
904,0.20931262288323416,0.2096506433158875,0.20948163309956083,[0.48668486 0.29675066],[0.50613397 0.28998804],[0.52580363 0.29038975],[0.54151666 0.29466084],[0.52174658 0.30134776],[0.50253278 0.30068377],1663671832223
905,0.2136042261071363,0.1942633479112842,0.20393378700921025,[0.484615   0.29510966],[0.50401402 0.28804162],[0.52371198 0.28822261],[0.53937507 0.29206902],[0.51951015 0.29935381],[0.50030959 0.29896259],1663671832240
906,0.21445013159605197,0.24466739237610258,0.22955876198607728,[0.48625791 0.29534361],[0.50541389 0.28818113],[0.5250107  0.28800213],[0.54096431 0.29182756],[0.52083004 0.29926932],[0.50164717 0.29904062],1663671832259
907,0.21943430175563788,0.1856187448902964,0.20252652332296714,[0.48706272 0.30072808],[0.50584972 0.29350659],[0.52496594 0.29336053],[0.54111707 0.29724938],[0.5210588  0.30481595],[0.50221014 0.30459288],1663671832276
908,0.22820511555274556,0.22884522568089843,0.22852517061682198,[0.48303178 0.3041296 ],[0.50102609 0.29634243],[0.51950234 0.29598594],[0.53548861 0.29992568],[0.51665276 0.30768618],[0.49829844 0.30800402],1663671832299
909,0.2407084236804273,0.2673623325948258,0.25403537813762656,[0.47755191 0.30396128],[0.49500087 0.29599398],[0.51307076 0.29564065],[0.52884734 0.29977173],[0.50993806 0.30779439],[0.49215695 0.30788434],1663671832319
910,0.23125141483387177,0.22871942607979237,0.22998542045683207,[0.47517955 0.30341697],[0.49268886 0.29588205],[0.51083088 0.29557431],[0.52671218 0.29955712],[0.50775653 0.30726871],[0.48983395 0.30734074],1663671832337
911,0.23075706000959315,0.1892609304706007,0.21000899524009692,[0.47697604 0.29934946],[0.49542716 0.29135901],[0.51414561 0.290874  ],[0.52999073 0.29465288],[0.51060021 0.30283099],[0.49216434 0.30300176],1663671832359
912,0.2487414666859521,0.29152689389193465,0.27013418028894337,[0.48291317 0.30364817],[0.49950007 0.2947765 ],[0.51757634 0.29462218],[0.53316641 0.29872134],[0.51406479 0.3067106 ],[0.49683937 0.30702266],1663671832378
913,0.20901146105600601,0.2701953009987635,0.23960338102738477,[0.4881548  0.30461279],[0.50624853 0.29779533],[0.52422023 0.29775465],[0.53951591 0.3015461 ],[0.52075708 0.308043  ],[0.50285918 0.30789453],1663671832397
914,0.20759671421406653,0.26559266376211715,0.23659468898809183,[0.48676288 0.30077726],[0.5041461  0.29460844],[0.52224696 0.29498428],[0.53774273 0.29867038],[0.5181964  0.30500585],[0.50066328 0.30438179],1663671832416
915,0.2207950868293616,0.28131331492706296,0.2510542008782123,[0.49019539 0.29530495],[0.50754064 0.28790247],[0.52563173 0.2881715 ],[0.54100686 0.29236451],[0.52149642 0.29880717],[0.50404108 0.29839849],1663671832437
916,0.2001439678434358,0.27709230100713034,0.23861813442528307,[0.49411187 0.29783139],[0.51205415 0.29154959],[0.53009659 0.29183826],[0.54548097 0.29548737],[0.52642679 0.30150631],[0.50865728 0.30121264],1663671832457
917,0.20739118111021498,0.2541600720347596,0.2307756265724873,[0.50021255 0.30088556],[0.51856065 0.29475251],[0.53706753 0.29551595],[0.55221677 0.29976922],[0.53295481 0.30560374],[0.51484585 0.30476719],1663671832475
918,0.2084023332916159,0.2269943957838454,0.21769836453773064,[0.50460422 0.3029139 ],[0.52367771 0.29757416],[0.5427779  0.29887933],[0.55827439 0.30363217],[0.53828853 0.30938655],[0.51958358 0.30772552],1663671832500
919,0.21205265815583388,0.28437671616725596,0.24821468716154493,[0.50265133 0.30441844],[0.52120292 0.29930601],[0.53998506 0.30100963],[0.55522919 0.3057355 ],[0.5350998  0.31130037],[0.51703632 0.30939347],1663671832522
920,0.19486546834299784,0.23807184642805196,0.2164686573855249,[0.49507102 0.30048516],[0.51256347 0.29467219],[0.53117585 0.29593924],[0.54691905 0.30081362],[0.52711141 0.30536649],[0.5093416 0.3040767],1663671832544
921,0.21196602569741974,0.24517870130109784,0.2285723634992588,[0.4939824  0.29598436],[0.51110965 0.28977972],[0.5293721  0.29064393],[0.54499948 0.29490626],[0.52544117 0.3008709 ],[0.50795573 0.29997942],1663671832568
922,0.2020470265814678,0.21234772039638294,0.20719737348892536,[0.49315396 0.29234913],[0.51209688 0.28610373],[0.531012  0.2872085],[0.54614967 0.29178992],[0.52669156 0.29707786],[0.50824893 0.29602659],1663671832587
923,0.22021257668655997,0.30051912305116785,0.2603658498688639,[0.494973   0.29078165],[0.51049924 0.28421715],[0.52779996 0.28508338],[0.54336667 0.28966311],[0.52455288 0.29516903],[0.50811899 0.29467368],1663671832607
924,0.22574211978595635,0.2688087107996709,0.2472754152928136,[0.4953472  0.28871772],[0.5111497  0.28194267],[0.52831709 0.28313303],[0.54352111 0.28837654],[0.52452469 0.29330856],[0.50815439 0.29241371],1663671832627
925,0.23230908632539388,0.29145415919830714,0.2618816227618505,[0.49316442 0.28980917],[0.51023054 0.28268063],[0.52871883 0.28379259],[0.54411715 0.28894776],[0.52425873 0.29486611],[0.50691825 0.2939426 ],1663671832649
926,0.25440926150425436,0.3053622846698531,0.27988577308705376,[0.49324748 0.29499784],[0.50998104 0.28680053],[0.52813578 0.2878716 ],[0.54369485 0.29383647],[0.52408719 0.30014738],[0.50662607 0.29910037],1663671832671
927,0.22544699168103005,0.3215124895652837,0.2734797406231569,[0.48985785 0.29790404],[0.50723326 0.29024208],[0.52602851 0.29126826],[0.5417493  0.29658854],[0.522035   0.30235469],[0.50407767 0.30142674],1663671832691
928,0.20769452976245398,0.24045367112825256,0.22407410044535325,[0.48769975 0.2974914 ],[0.50519121 0.29066601],[0.52368218 0.29111835],[0.53933865 0.29539597],[0.51998019 0.30137506],[0.50211585 0.30077198],1663671832712
929,0.2198808244192838,0.2477714197282162,0.23382612207375,[0.4905946  0.30059561],[0.50872332 0.29345658],[0.52730334 0.29422995],[0.54257834 0.29916203],[0.52338183 0.30503091],[0.50516367 0.30426377],1663671832736
930,0.21553693089690862,0.2802208925844384,0.2478789117406735,[0.49321619 0.29918912],[0.51171148 0.29248494],[0.53046781 0.29325289],[0.54567981 0.29774019],[0.52645636 0.30390432],[0.50810075 0.30313188],1663671832757
931,0.22054839321375166,0.2642824841451983,0.24241543867947496,[0.49371678 0.29559118],[0.51310825 0.28864804],[0.53253359 0.28987885],[0.54780257 0.29489267],[0.52772385 0.30087033],[0.50886577 0.29972467],1663671832776
932,0.2270050631674459,0.27065319039808755,0.24882912678276672,[0.49237993 0.29189953],[0.51048952 0.28508458],[0.52904427 0.28620407],[0.5441249 0.2908985],[0.52426839 0.29709861],[0.50645238 0.29596126],1663671832799
933,0.22874823061213215,0.25000350680229977,0.23937586870721594,[0.49064279 0.29002738],[0.50904959 0.28256431],[0.52779311 0.28356123],[0.54306489 0.28860646],[0.52350491 0.29480577],[0.50530005 0.29391849],1663671832820
934,0.2291857071924549,0.24367443553481685,0.23643007136363586,[0.49374962 0.29133344],[0.51157451 0.28428128],[0.52964723 0.28526121],[0.54473674 0.29025993],[0.52528971 0.29617414],[0.50763232 0.29521796],1663671832842
935,0.2487727212257683,0.26980734479860563,0.25929003301218695,[0.49964455 0.29474041],[0.51628041 0.28707665],[0.53457355 0.28830084],[0.5499655  0.29377195],[0.53024197 0.30013865],[0.513111   0.29910219],1663671832862
936,0.2444021383898658,0.27380258201557706,0.2591023602027214,[0.50120437 0.29679674],[0.51669455 0.28950226],[0.53393364 0.29091868],[0.54904902 0.29649106],[0.52947479 0.3017996 ],[0.51336384 0.30064312],1663671832888
937,0.2271490125228993,0.3129396441999863,0.2700443283614428,[0.49148345 0.29634976],[0.50835788 0.28955036],[0.52669293 0.29036802],[0.54220855 0.2952733 ],[0.52221721 0.30131194],[0.50477856 0.30019018],1663671832913
938,0.23208398231014887,0.2251118238934088,0.22859790310177885,[0.48775843 0.28951111],[0.50535846 0.28189728],[0.52390182 0.28307909],[0.53920656 0.28848082],[0.51941657 0.29426524],[0.50165385 0.29313594],1663671832933
939,0.2620036261757745,0.31217985400668635,0.2870917400912304,[0.49644217 0.29191396],[0.51342911 0.28342921],[0.53242487 0.28479102],[0.54771239 0.29059228],[0.52692378 0.2972146 ],[0.50957942 0.2961472 ],1663671832957
940,0.2650058130018329,0.26462199608838616,0.26481390454510956,[0.51018804 0.29774004],[0.52596968 0.2894406 ],[0.54417992 0.29083422],[0.55936807 0.29639781],[0.53869003 0.3028385 ],[0.52234596 0.30179578],1663671832975
941,0.240720594317944,0.2430275721139561,0.24187408321595005,[0.51846123 0.30272746],[0.53615284 0.29556951],[0.55475324 0.2977069 ],[0.56954318 0.30390015],[0.54936308 0.30885264],[0.53195137 0.30704319],1663671832999
942,0.24389594313901233,0.2355516649138846,0.23972380402644847,[0.51993519 0.30108112],[0.53685647 0.29518452],[0.55442846 0.29789862],[0.5689708  0.30460694],[0.54913211 0.30866057],[0.53260845 0.30639282],1663671833021
943,0.2546349183463924,0.24594544802060944,0.25029018318350094,[0.51486975 0.30051157],[0.53325391 0.29330808],[0.55220705 0.29630297],[0.56707251 0.30419463],[0.54618335 0.30822226],[0.52837789 0.30567819],1663671833046
944,0.2547212566158335,0.24143800964274512,0.24807963312928932,[0.51630235 0.29891911],[0.53466004 0.29203072],[0.55347246 0.29521048],[0.56818497 0.30345047],[0.54757786 0.3070479 ],[0.52986282 0.30444396],1663671833069
945,0.23446019307446767,0.2552832110223802,0.24487170204842396,[0.51714951 0.29727489],[0.53473288 0.29117405],[0.55333936 0.29434419],[0.5683642  0.30260262],[0.54765707 0.30513042],[0.53013486 0.30220813],1663671833090
946,0.24009466294770856,0.2418507869545148,0.2409727249511117,[0.51694393 0.2960344 ],[0.53406417 0.29005024],[0.55192679 0.29329836],[0.56657004 0.30160984],[0.54576868 0.30375099],[0.52906048 0.30078989],1663671833112
947,0.20568309285079428,0.27999627353951806,0.24283968319515617,[0.51015842 0.30121407],[0.52759624 0.29695466],[0.54567248 0.30014956],[0.5603382  0.30770698],[0.54018265 0.30931026],[0.52293402 0.30595323],1663671833136
948,0.18468752164664917,0.2602618348297942,0.2224746782382217,[0.50373429 0.30701667],[0.52029997 0.30410761],[0.53815609 0.30717656],[0.55305052 0.31360778],[0.53247809 0.3149471 ],[0.51549417 0.3114247 ],1663671833158
949,0.14018185928790797,0.2677492170763698,0.20396553818213886,[0.49441925 0.30987984],[0.51119328 0.30925012],[0.5291962  0.31260526],[0.54452205 0.31760857],[0.52427298 0.31814092],[0.50678986 0.31443828],1663671833180
950,0.19943947410399243,0.2651820895773654,0.2323107818406789,[0.49045378 0.30437398],[0.50808966 0.30040964],[0.52629608 0.30343467],[0.54110569 0.31035134],[0.52064317 0.31223252],[0.50331461 0.30906683],1663671833203
951,0.24315793169849467,0.24463328623403946,0.24389560896626705,[0.49353814 0.29779372],[0.51235294 0.29046568],[0.53204376 0.29287705],[0.54737431 0.30045444],[0.52546728 0.30456254],[0.50714988 0.30216524],1663671833224
952,0.24575237111281384,0.2547605300689647,0.2502564505908893,[0.4995884 0.2984584],[0.51705337 0.29098427],[0.53551042 0.292492  ],[0.55058289 0.29846382],[0.53038627 0.30407447],[0.51290882 0.30266976],1663671833245
953,0.22956166604453787,0.24244634116183808,0.23600400360318796,[0.50801748 0.30342707],[0.5263471  0.29672056],[0.54497105 0.29828399],[0.55996561 0.30386901],[0.53994346 0.30928367],[0.52185953 0.30758771],1663671833268
954,0.23530477885864673,0.21845385567967474,0.22687931726916072,[0.51020694 0.3052853 ],[0.52743071 0.2990455 ],[0.54527509 0.3011837 ],[0.55995947 0.30726334],[0.54026008 0.31186426],[0.52328038 0.30991313],1663671833291
955,0.2412217138245623,0.18314239189016202,0.21218205285736216,[0.50572705 0.30306134],[0.52427906 0.29643911],[0.5430184  0.29872787],[0.55808479 0.30534694],[0.53762811 0.31032726],[0.51952994 0.30799428],1663671833313
956,0.21475797331791907,0.20349423627226848,0.20912610479509378,[0.49801123 0.30205733],[0.51676565 0.29647696],[0.53579819 0.29848707],[0.55081183 0.30396187],[0.5302887  0.30868316],[0.51193839 0.3064768 ],1663671833337
957,0.23376209553120614,0.2601018925488286,0.24693199404001737,[0.49821985 0.30098495],[0.51567894 0.29450744],[0.53417063 0.29634342],[0.54920071 0.3024146 ],[0.52954507 0.30745924],[0.51187986 0.30568373],1663671833360
958,0.22943319217270194,0.23740123130482496,0.23341721173876345,[0.49987027 0.30133432],[0.51720804 0.29465497],[0.53596908 0.29644522],[0.55127722 0.30220371],[0.53122216 0.30735734],[0.51361018 0.30578005],1663671833377
959,0.2307472502573804,0.16949351415615452,0.20012038220676748,[0.50296474 0.30125082],[0.52137893 0.2952581 ],[0.53977591 0.29701346],[0.55440331 0.3026309 ],[0.53526551 0.30804074],[0.51731461 0.30637133],1663671833401
960,0.23057494964627281,0.18095260587438614,0.20576377776032947,[0.50553995 0.3016665 ],[0.52319145 0.29554772],[0.54126793 0.29774404],[0.55591005 0.30374345],[0.53630304 0.30830401],[0.51906323 0.30636582],1663671833423
961,0.2283551565444267,0.19812976455675418,0.21324246055059043,[0.50564474 0.30305222],[0.52336425 0.2970854 ],[0.54137737 0.29930806],[0.55578637 0.30521297],[0.5365597  0.30966854],[0.51937622 0.30786711],1663671833444
962,0.21735274873725202,0.1694303910112162,0.19339156987423411,[0.50614637 0.30661294],[0.52409816 0.30138573],[0.5418486  0.30340031],[0.55590755 0.30891877],[0.53789276 0.31331459],[0.52046537 0.3117477 ],1663671833466
963,0.21793305544277056,0.18388826848808396,0.20091066196542726,[0.50785673 0.30809745],[0.52628279 0.30326709],[0.54440629 0.30568922],[0.55862224 0.31168178],[0.54003412 0.31582919],[0.52224469 0.31364906],1663671833487
964,0.24838779520586493,0.24944744502058747,0.2489176201132262,[0.50584322 0.30378142],[0.52370101 0.2969808 ],[0.54222018 0.29956645],[0.55679333 0.30626291],[0.53687555 0.31101874],[0.51949626 0.30896744],1663671833507
965,0.23693785133698125,0.25176248626289854,0.2443501687999399,[0.50612968 0.30382302],[0.52511185 0.29731572],[0.54424185 0.29976296],[0.55860674 0.30615908],[0.53902668 0.3110646 ],[0.52081722 0.30899659],1663671833525
966,0.2330704496980347,0.21148850892604532,0.22227947931204,[0.50806874 0.30645904],[0.52670598 0.29996181],[0.54568833 0.30224162],[0.56001931 0.30846354],[0.54066873 0.31322396],[0.52263319 0.31141862],1663671833544
967,0.24807720910064282,0.23449000586703148,0.24128360748383715,[0.50684756 0.30625719],[0.52489567 0.29900208],[0.54386091 0.30132529],[0.55857641 0.30773163],[0.53778356 0.31276295],[0.52023572 0.31084198],1663671833562
968,0.26394425692620394,0.20122565983117122,0.2325849583786876,[0.5049426 0.3046155],[0.52193916 0.29677483],[0.54046464 0.29921079],[0.55536228 0.30611858],[0.53446645 0.31114763],[0.51757669 0.30930585],1663671833585
969,0.2542710519476316,0.2511097135083594,0.2526903827279955,[0.50353628 0.30288181],[0.52078307 0.2958324 ],[0.5391677  0.29819077],[0.55398285 0.30464238],[0.53319818 0.30968252],[0.51618737 0.30769327],1663671833605
970,0.24726924810704648,0.22351138851988656,0.23539031831346652,[0.50824022 0.30181196],[0.52619308 0.29530197],[0.54506665 0.29805315],[0.5597989  0.30481678],[0.53872764 0.3093119 ],[0.52123481 0.30690756],1663671833626
971,0.25260231952631446,0.21648303014551112,0.2345426748359128,[0.51260513 0.301314  ],[0.52971077 0.29509285],[0.54772222 0.29816282],[0.56236809 0.30528325],[0.54140794 0.30918425],[0.52461338 0.3065263 ],1663671833650
972,0.25175187549027683,0.22083169654783444,0.23629178601905565,[0.51264203 0.30238989],[0.53063309 0.29619342],[0.5492245  0.29929003],[0.56369114 0.30666527],[0.54179412 0.3101714 ],[0.52465135 0.30730245],1663671833673
973,0.16822054001438078,0.2627126304318528,0.2154665852231168,[0.50459456 0.3004477 ],[0.52155781 0.2971096 ],[0.54050809 0.29938173],[0.55609417 0.30347177],[0.53561157 0.30684906],[0.51770222 0.30460271],1663671833694
974,0.21165018616870693,0.24848686784601312,0.23006852700736002,[0.50418776 0.30019817],[0.52172363 0.29484233],[0.53979254 0.29652166],[0.55451697 0.30173537],[0.53527808 0.30631909],[0.51793599 0.30466413],1663671833718
975,0.21578947407165786,0.25277357946857965,0.23428152677011876,[0.50367886 0.29947993],[0.52211905 0.29358283],[0.54080456 0.29534489],[0.55547237 0.30071232],[0.53619218 0.30551493],[0.51827168 0.304093  ],1663671833737
976,0.21145303276270552,0.27551646400657326,0.2434847483846394,[0.50570828 0.30049169],[0.52487963 0.29535395],[0.5444659  0.29716486],[0.55956185 0.30230227],[0.54001993 0.30784428],[0.52116394 0.30594078],1663671833756
977,0.18588884931047453,0.2233554809336412,0.20462216512205786,[0.5083186  0.30243024],[0.52871376 0.29793453],[0.5492748  0.29946905],[0.56517458 0.3038992 ],[0.54446751 0.30921233],[0.52448606 0.30730513],1663671833775
978,0.20384026091614993,0.2527177158454605,0.2282789883808052,[0.50765997 0.3056201 ],[0.52785975 0.30106226],[0.54784834 0.30301431],[0.56342143 0.30804241],[0.54311365 0.31341952],[0.52365518 0.31157514],1663671833793
979,0.1883634836261588,0.30710408871072964,0.24773378616844421,[0.50633389 0.31116757],[0.52647913 0.30671099],[0.54661095 0.30866364],[0.56257153 0.31378409],[0.5422101  0.31844702],[0.52258396 0.31644186],1663671833815
980,0.17516669139068633,0.29161000651194985,0.2333883489513181,[0.50496334 0.31789169],[0.52485824 0.31353927],[0.54513216 0.31521338],[0.56133741 0.32003787],[0.54103374 0.32439375],[0.52136159 0.32259822],1663671833835
981,0.20421763343172172,0.25090215210682365,0.2275598927692727,[0.5109883  0.32035255],[0.53226066 0.31454957],[0.55321527 0.31615669],[0.56906003 0.32130924],[0.54877806 0.32720825],[0.52812344 0.32561406],1663671833856
982,0.20607602475872,0.25946192150316916,0.23276897313094458,[0.52170438 0.3209947 ],[0.54316348 0.31514007],[0.56419808 0.31679893],[0.57979465 0.32205638],[0.55947578 0.32789293],[0.53879607 0.32619759],1663671833878
983,0.19372002628554086,0.2796471590394533,0.23668359266249708,[0.53662246 0.31666008],[0.55816394 0.31137455],[0.57903373 0.31315935],[0.59444988 0.31740904],[0.5736407  0.32306185],[0.55302197 0.32124636],1663671833899
984,0.21393810295076457,0.2676143577085051,0.24077623032963485,[0.54079932 0.30762777],[0.56276441 0.30258507],[0.58358848 0.30548486],[0.59771955 0.31101757],[0.57777333 0.31624547],[0.55753613 0.31357101],1663671833921
985,0.22073678028985522,0.27342875345423656,0.2470827668720459,[0.53965288 0.3018105 ],[0.56153643 0.29700273],[0.58183467 0.30032879],[0.59610075 0.30683553],[0.57600719 0.31144959],[0.55607194 0.30820459],1663671833945
986,0.22917035530768923,0.2658649505567607,0.24751765293222494,[0.52675009 0.30291525],[0.54694074 0.29790446],[0.56597698 0.30103296],[0.57983285 0.30721605],[0.56011826 0.31174189],[0.54160386 0.30887848],1663671833967
987,0.20989108427156067,0.28366956325786696,0.24678032376471382,[0.50665647 0.30553082],[0.52545041 0.29956761],[0.54439276 0.3014496 ],[0.55913347 0.30644971],[0.53947735 0.31133306],[0.52120489 0.30970877],1663671833990
988,0.22030590342504913,0.28275277012917843,0.25152933677711375,[0.50529522 0.30815366],[0.52508694 0.30131412],[0.54500675 0.30288222],[0.55986124 0.30788586],[0.53998291 0.31383163],[0.52084225 0.31253383],1663671834009
989,0.2274852527168954,0.30790743832167544,0.26769634551928545,[0.50758481 0.31352478],[0.52710724 0.30575481],[0.54742289 0.30679062],[0.56334168 0.31225726],[0.54359037 0.31898049],[0.52383196 0.31791767],1663671834031
990,0.21562660463555017,0.27833190429050575,0.24697925446302796,[0.51348925 0.31436539],[0.53510213 0.30716017],[0.55646873 0.30832416],[0.57229918 0.31339023],[0.55165339 0.32019535],[0.53061968 0.31888753],1663671834055
991,0.22472119606984048,0.290887133353984,0.25780416471191225,[0.51595438 0.30546132],[0.53628612 0.29865935],[0.55641061 0.30050567],[0.57144177 0.30599448],[0.55085599 0.31183258],[0.53139228 0.30996999],1663671834077
992,0.21777673259542243,0.2803499984938843,0.24906336554465336,[0.51604211 0.30308285],[0.53705692 0.29687414],[0.55740875 0.29874274],[0.5721966  0.30406487],[0.55188352 0.30979735],[0.53208339 0.30790859],1663671834098
993,0.2331483359271477,0.24420426103324894,0.23867629848019833,[0.51683182 0.30608928],[0.53795493 0.2997202 ],[0.55835664 0.3020936 ],[0.5727278  0.30796766],[0.55234295 0.31383154],[0.53259659 0.31144375],1663671834120
994,0.22248169170059515,0.28305505587446056,0.25276837378752787,[0.51329881 0.30770627],[0.53375679 0.30122873],[0.55415058 0.3032226 ],[0.56949812 0.30903074],[0.54885846 0.31473601],[0.52914101 0.31267527],1663671834143
995,0.21998325774880698,0.2824899457971305,0.25123660177296875,[0.50812376 0.30478361],[0.52960944 0.29845181],[0.55059779 0.30032018],[0.56574899 0.30565947],[0.54518044 0.31193721],[0.52471894 0.30999672],1663671834167
996,0.2136264983807707,0.2658051912930926,0.23971584483693165,[0.50478047 0.30248642],[0.52524257 0.29607391],[0.54560119 0.29771712],[0.56082439 0.30292678],[0.54008186 0.30852887],[0.52045387 0.30686578],1663671834190
997,0.20799389968069915,0.28287513090524263,0.2454345152929709,[0.50262004 0.30340919],[0.52214581 0.29734346],[0.54188395 0.29855508],[0.55722272 0.30319884],[0.53676611 0.30902645],[0.51779687 0.30751157],1663671834211
998,0.21614742220217978,0.27255364357630063,0.2443505328892402,[0.50252682 0.30392778],[0.52214795 0.29727194],[0.542068   0.29866117],[0.55734921 0.30381811],[0.53685194 0.30954775],[0.51782829 0.30806762],1663671834231
999,0.20187873275083584,0.2702823321072078,0.23608053242902183,[0.50224137 0.29949147],[0.52118158 0.29337195],[0.5405553  0.29448721],[0.5558399  0.29917935],[0.53591079 0.30448398],[0.51727456 0.30324516],1663671834253
1000,0.2121504987765025,0.2793667197065995,0.245758609241551,[0.50118768 0.29785505],[0.51810622 0.29160219],[0.5359993  0.29291219],[0.55106163 0.29787886],[0.53166592 0.30268395],[0.51462913 0.30148014],1663671834275
1001,0.2000018671080405,0.2681581698247067,0.2340800184663736,[0.49884817 0.29667962],[0.51652145 0.29100239],[0.53489077 0.2921924 ],[0.54979002 0.29669306],[0.53062361 0.3015925 ],[0.51294971 0.30040017],1663671834296
1002,0.21835053770650736,0.29844099671652285,0.25839576721151514,[0.49738854 0.299604  ],[0.51420707 0.29212388],[0.53227586 0.29315627],[0.54759204 0.29824156],[0.5282892  0.30337137],[0.51102078 0.30261731],1663671834316
1003,0.20232856658525,0.2978913597914636,0.25010996318835677,[0.49904257 0.30034819],[0.51638418 0.29399601],[0.5348658 0.2945368],[0.55025506 0.29875824],[0.53098595 0.30433661],[0.51330417 0.30371314],1663671834340
1004,0.20423689778056076,0.2849156063337377,0.24457625205714922,[0.50035077 0.30346614],[0.51891512 0.2973569 ],[0.53793383 0.29822066],[0.55347949 0.30278689],[0.53358066 0.30839729],[0.51510149 0.30728447],1663671834359
1005,0.20241485932257322,0.2456689112914874,0.22404188530703031,[0.50182229 0.30339244],[0.52170122 0.29756737],[0.54138786 0.2986674 ],[0.5565483  0.30316138],[0.53680801 0.30892432],[0.51757789 0.30768108],1663671834382
1006,0.20424643931192216,0.2702697774308783,0.23725810837140024,[0.50747663 0.30220056],[0.52497905 0.29661489],[0.54313552 0.2981469 ],[0.55787623 0.30273804],[0.53856474 0.30748248],[0.52121186 0.30608788],1663671834402
1007,0.23467018185986663,0.24642889729417006,0.24054953957701836,[0.5082671  0.30006626],[0.52619803 0.29363525],[0.54490721 0.29551485],[0.56048489 0.30174437],[0.53963464 0.30675063],[0.52181602 0.30492374],1663671834426
1008,0.23442685879866568,0.24920946884573086,0.24181816382219828,[0.50677329 0.29981828],[0.52501446 0.29387364],[0.54398543 0.2959187 ],[0.55868757 0.30181402],[0.53894567 0.30716702],[0.52104849 0.30523369],1663671834447
1009,0.22231604238847125,0.2987175192212881,0.26051678080487967,[0.5007875  0.30064145],[0.5186227  0.29356244],[0.537727   0.29494283],[0.55345654 0.30078331],[0.53281689 0.30585355],[0.51466495 0.30431071],1663671834468
1010,0.2083594420677224,0.28575597358609667,0.24705770782690953,[0.49197161 0.30448392],[0.51019561 0.29805252],[0.52905393 0.29914695],[0.54446805 0.30414408],[0.5248642  0.30940574],[0.50665069 0.30824924],1663671834486
1011,0.2247195915668551,0.29371144116915177,0.25921551636800344,[0.48570687 0.30720347],[0.50329691 0.29986203],[0.52180314 0.30092114],[0.53702641 0.30586469],[0.51733774 0.31163386],[0.4995251  0.31069067],1663671834507
1012,0.23843058274175866,0.2765100063192333,0.25747029453049597,[0.49115527 0.306337  ],[0.50790662 0.29895699],[0.52612936 0.29991388],[0.54093993 0.30473617],[0.52128536 0.31097361],[0.50419569 0.31003034],1663671834525
1013,0.23235110276539525,0.30787602775590456,0.2701135652606499,[0.50010812 0.30656683],[0.51707166 0.29935974],[0.53496563 0.30054513],[0.54949605 0.30514526],[0.53020406 0.31108636],[0.51325339 0.3100943 ],1663671834545
1014,0.23283191630397895,0.25905296140772627,0.2459424388558526,[0.51297319 0.30640128],[0.53067499 0.30002621],[0.5485369  0.30173185],[0.56292838 0.30692968],[0.54330158 0.3122867 ],[0.52618992 0.31059569],1663671834565
1015,0.2239602166872944,0.2728117334355857,0.24838597506144006,[0.52226269 0.3093394 ],[0.54066819 0.30354083],[0.55883789 0.30568254],[0.57299507 0.31113139],[0.55346751 0.31581417],[0.53590542 0.31375641],1663671834586
1016,0.2384278341152699,0.25052388495881395,0.24447585953704193,[0.52554601 0.30800715],[0.54664284 0.30245516],[0.56642681 0.30534446],[0.58060426 0.31140232],[0.56001151 0.31707054],[0.54073632 0.31396672],1663671834613
1017,0.21528806997704444,0.26173422004880925,0.23851114501292686,[0.52517873 0.3063125 ],[0.54480356 0.30125096],[0.56394315 0.30389848],[0.57862842 0.30993861],[0.55785376 0.31400296],[0.53949314 0.3111909 ],1663671834635
1018,0.2144659941676776,0.2155970417652724,0.215031517966475,[0.52051717 0.29886234],[0.53933406 0.29454073],[0.55811447 0.29727036],[0.57230103 0.30253902],[0.55201042 0.30692059],[0.53418994 0.30409262],1663671834657
1019,0.24005431119525855,0.27669740955750055,0.25837586037637955,[0.51193821 0.29670304],[0.52935773 0.28975949],[0.54796505 0.29133716],[0.56314158 0.29749224],[0.54294622 0.30276138],[0.52536464 0.30119017],1663671834674
1020,0.2342291434809063,0.2550079481308276,0.24461854580586695,[0.51468283 0.29377306],[0.53218222 0.28742158],[0.55039275 0.28893071],[0.56522048 0.29455739],[0.54578269 0.2999866 ],[0.52838355 0.2984868 ],1663671834696
1021,0.23980375813863494,0.2984211116925615,0.2691124349155982,[0.52509242 0.29207832],[0.54174197 0.28597355],[0.55952036 0.28764728],[0.57423043 0.29326659],[0.55503941 0.29867232],[0.53836906 0.29714862],1663671834715
1022,0.2545192622157589,0.255456055716377,0.2549876589660679,[0.52837533 0.2934899 ],[0.54461193 0.28653616],[0.56208557 0.28847805],[0.57661009 0.29500362],[0.55731028 0.29979777],[0.54107982 0.2982969 ],1663671834734
1023,0.23724447528777526,0.2507598883014926,0.24400218179463393,[0.53171897 0.29618829],[0.54903257 0.29044604],[0.56694281 0.29284742],[0.58138847 0.29923072],[0.56143457 0.30345595],[0.54461962 0.30123708],1663671834760
1024,0.22519719394724474,0.2896862500055726,0.2574417219764087,[0.52945197 0.29824823],[0.54740357 0.29289261],[0.56545639 0.29541901],[0.57982963 0.30174163],[0.56027913 0.30566734],[0.54293704 0.30323154],1663671834783
1025,0.21440268531395476,0.2609897026786006,0.23769619399627767,[0.53050816 0.29875594],[0.54772717 0.29394832],[0.56584179 0.29633403],[0.58053863 0.30186287],[0.56106031 0.30611122],[0.54390043 0.30384517],1663671834809
1026,0.22233365534911814,0.2544081587231298,0.23837090703612396,[0.52724129 0.29931515],[0.54473138 0.29304603],[0.5627383  0.29516697],[0.57783073 0.30152097],[0.55800784 0.30546165],[0.54064244 0.30345935],1663671834828
1027,0.23197620251840434,0.2578466437891241,0.2449114231537642,[0.52302688 0.29748815],[0.5404166  0.29148951],[0.55801129 0.29392233],[0.57262796 0.30013338],[0.5527336  0.30423629],[0.53594702 0.30204132],1663671834849
1028,0.20605060153157712,0.2494670983243553,0.2277588499279662,[0.51867753 0.29864073],[0.53622186 0.29312694],[0.55416703 0.295064  ],[0.56892526 0.30043662],[0.54947281 0.30436379],[0.53224283 0.30263057],1663671834872
1029,0.19729644502200244,0.25847498857194295,0.2278857167969727,[0.51994222 0.3027105 ],[0.5381586  0.29796895],[0.55661559 0.29981434],[0.57118875 0.30430511],[0.55217576 0.30894971],[0.53434229 0.30729231],1663671834890
1030,0.22603027934866246,0.2516686993043283,0.23884948932649536,[0.52333695 0.30485445],[0.54344308 0.2986508 ],[0.56290936 0.30075866],[0.57729942 0.30620694],[0.55759025 0.31179294],[0.53874034 0.30985653],1663671834908
1031,0.19832137197830757,0.25693411490811763,0.2276277434432126,[0.52479029 0.30266696],[0.54421949 0.29798448],[0.563546   0.30034167],[0.57825071 0.3052659 ],[0.55800349 0.30957687],[0.53941828 0.30727637],1663671834929
1032,0.21257854866348028,0.24714152645510717,0.22986003755929374,[0.52742279 0.30144966],[0.54615223 0.29594558],[0.56479752 0.29784784],[0.57943767 0.30302179],[0.55960381 0.30779827],[0.54165339 0.30587414],1663671834948
1033,0.20932570904483372,0.2602864140363437,0.23480606154058872,[0.52873093 0.30061179],[0.54848206 0.29533798],[0.56737667 0.29772076],[0.58190084 0.30358982],[0.56240827 0.30774832],[0.54374057 0.30537832],1663671834968
1034,0.22605784355763403,0.21067171455077568,0.21836477905420487,[0.53019178 0.30118966],[0.55025804 0.29532647],[0.56942254 0.29780689],[0.58357143 0.30392054],[0.56423259 0.30875981],[0.54543823 0.30636513],1663671834989
1035,0.21729051466072724,0.2755534408040721,0.24642197773239968,[0.5297181  0.30130056],[0.55009478 0.29553053],[0.56959206 0.29802188],[0.58392072 0.30395216],[0.56434345 0.30859551],[0.54528099 0.30628094],1663671835010
1036,0.22257304877942516,0.23930515191112928,0.2309391003452772,[0.52311319 0.30810595],[0.54207128 0.30228376],[0.56079119 0.30464301],[0.57519376 0.3106907 ],[0.5553863  0.31504306],[0.53738928 0.31277803],1663671835039
1037,0.2225423769933575,0.29945853397832706,0.2610004554858423,[0.51401389 0.31162822],[0.53339994 0.30523282],[0.5524798  0.30701706],[0.56743211 0.31275401],[0.54746556 0.31795868],[0.52884364 0.3160581 ],1663671835061
1038,0.20659910245634158,0.3135061951722063,0.2600526488142739,[0.50630796 0.31524953],[0.526021   0.30925664],[0.54554802 0.30994731],[0.56031317 0.31407949],[0.54107225 0.3204847 ],[0.52196181 0.31934196],1663671835086
1039,0.17870062083914004,0.2745841505290306,0.22664238568408535,[0.50650793 0.3162517 ],[0.52645135 0.31126225],[0.54630411 0.31194907],[0.56180876 0.31500724],[0.54194981 0.32099092],[0.52233791 0.3200843 ],1663671835105
1040,0.20296479741685422,0.18459550205076497,0.19378014973380958,[0.51082546 0.31508055],[0.53136939 0.30906835],[0.55093318 0.30964142],[0.56588662 0.31345537],[0.54726535 0.320245  ],[0.52749419 0.31951332],1663671835125
1041,0.1741294778841201,0.15496925350685237,0.16454936569548623,[0.51616985 0.31426105],[0.53528428 0.30982605],[0.55441546 0.31092465],[0.57001239 0.31421089],[0.55056763 0.31953472],[0.5314914  0.31833979],1663671835146
1042,0.19360217553073578,0.12830323461495463,0.1609527050728452,[0.52163166 0.31083202],[0.54255807 0.30469495],[0.56292182 0.30553436],[0.57807231 0.30972824],[0.55835658 0.31562158],[0.53806502 0.31450063],1663671835166
1043,0.20248808419177333,0.18632137244243258,0.19440472831710295,[0.52671355 0.30763707],[0.54836857 0.30183557],[0.56940806 0.30364257],[0.58460313 0.30912864],[0.56459802 0.31450731],[0.54382312 0.31247509],1663671835186
1044,0.22289149055099433,0.25066713141858915,0.23677931098479174,[0.53211319 0.30784631],[0.55246019 0.30190957],[0.5720945  0.30390489],[0.58661216 0.30944178],[0.56763864 0.31527585],[0.54825938 0.31324872],1663671835208
1045,0.22021409943279716,0.27102890056237716,0.24562149999758714,[0.53573126 0.30827042],[0.55687755 0.30295387],[0.57707006 0.30549559],[0.59118539 0.31128389],[0.57163733 0.31660253],[0.55195332 0.31400129],1663671835228
1046,0.21798050136151997,0.27938457002669753,0.24868253569410875,[0.53596425 0.30806142],[0.55770582 0.30360746],[0.57803333 0.30672798],[0.59190422 0.31264031],[0.57176799 0.31739232],[0.55202287 0.31429055],1663671835255
1047,0.21632114784708983,0.2686253543617879,0.24247325110443887,[0.53453076 0.30687219],[0.55544549 0.30180556],[0.57542282 0.30479565],[0.58963007 0.31093308],[0.56980324 0.31544495],[0.5503962 0.3125391],1663671835284
1048,0.21646493629060737,0.25123970814928365,0.2338523222199455,[0.53427333 0.30637389],[0.55541432 0.30149129],[0.57532001 0.3042894 ],[0.58934617 0.31000838],[0.56954664 0.31487328],[0.55012709 0.31208342],1663671835306
1049,0.21145315883884805,0.2649540477136691,0.23820360327625856,[0.54020929 0.30963242],[0.5605948  0.30507338],[0.57999307 0.3080225 ],[0.59390837 0.31372517],[0.57435179 0.3180694 ],[0.55548978 0.31510201],1663671835328
1050,0.2170698635086856,0.24874687483561503,0.2329083691721503,[0.54313523 0.3091301 ],[0.56430089 0.30386493],[0.58429521 0.30660611],[0.59834933 0.3126263 ],[0.5784502  0.31727707],[0.55899674 0.3144635 ],1663671835348
1051,0.22385250324335276,0.2901514049054937,0.2570019540744232,[0.54502106 0.30441216],[0.5664506  0.29979035],[0.58638924 0.30289942],[0.60035849 0.30895075],[0.57971221 0.31368378],[0.56041032 0.31036016],1663671835371
1052,0.2151138690054718,0.28397862348587244,0.24954624624567212,[0.54540312 0.30082083],[0.56760252 0.29698756],[0.58813351 0.30078852],[0.60189134 0.30697113],[0.58133304 0.31114969],[0.56137145 0.3073048 ],1663671835391
1053,0.21579317728543013,0.28669579744243895,0.25124448736393457,[0.54591697 0.29948318],[0.56743681 0.29598624],[0.58765537 0.29936489],[0.60152662 0.30511457],[0.58085966 0.30968058],[0.56141263 0.30609792],1663671835415
1054,0.23263110999399453,0.2582612132734515,0.24544616163372301,[0.54996163 0.29816377],[0.57143021 0.29402411],[0.59128982 0.29789984],[0.60477924 0.30445611],[0.58434016 0.30885851],[0.56511754 0.30503893],1663671835436
1055,0.22821440223882314,0.28412030444512315,0.25616735334197316,[0.55153614 0.29924533],[0.57168978 0.29512757],[0.59073675 0.29895285],[0.60442084 0.30552101],[0.58375174 0.3090755 ],[0.56548733 0.30541053],1663671835461
1056,0.21834500593526143,0.24074858439872027,0.22954679516699084,[0.55150026 0.30057517],[0.57265508 0.29683059],[0.59244454 0.30076218],[0.6062333 0.3071332],[0.58560503 0.31079921],[0.56656635 0.30708578],1663671835487
1057,0.23744662405153572,0.24905970434416444,0.2432531641978501,[0.54168195 0.30142263],[0.56261516 0.29665571],[0.58203703 0.30032095],[0.59582317 0.3069365 ],[0.57447052 0.31109816],[0.55586994 0.30738822],1663671835510
1058,0.22334238646880436,0.2761152515283539,0.24972881899857913,[0.53524786 0.30143568],[0.55627066 0.29737392],[0.575867   0.30081707],[0.58961356 0.3065511 ],[0.56867313 0.31105119],[0.54998887 0.30745965],1663671835532
1059,0.22723057614157438,0.24964928970049574,0.23843993292103505,[0.53757799 0.30098274],[0.55833119 0.29671916],[0.57794732 0.30001703],[0.59173876 0.30588278],[0.57073021 0.31051028],[0.55209005 0.30694377],1663671835555
1060,0.2294032359482505,0.24363570398364573,0.2365194699659481,[0.55197608 0.29685932],[0.5713985  0.29203427],[0.58967054 0.29485014],[0.60319537 0.30080241],[0.58350205 0.30517262],[0.56579077 0.30212489],1663671835580
1061,0.2359560551694513,0.23414213756597,0.23504909636771065,[0.55413878 0.29660031],[0.57266939 0.2913745 ],[0.59043753 0.29438242],[0.60404861 0.30057937],[0.5843128  0.30464911],[0.5671804  0.30167642],1663671835602
1062,0.2314486973716506,0.21697471473878516,0.2242117060552179,[0.54951006 0.29155797],[0.56840229 0.28699839],[0.58638954 0.29093105],[0.59987211 0.29789251],[0.57954204 0.30061457],[0.56243289 0.29698673],1663671835628
1063,0.24139757920553268,0.20592345708565876,0.22366051814559573,[0.53977501 0.29512146],[0.5583207  0.29013452],[0.57689571 0.2932902 ],[0.59150732 0.30064058],[0.5706054  0.30447894],[0.55319726 0.30129698],1663671835648
1064,0.22133446639522852,0.25911602865079564,0.24022524752301208,[0.53226954 0.29757985],[0.55213529 0.29255989],[0.57087457 0.29558942],[0.58498847 0.30198711],[0.56476104 0.30574098],[0.54665959 0.30275002],1663671835667
1065,0.2080905871585635,0.18485192520024288,0.1964712561794032,[0.53469002 0.29877722],[0.55360729 0.29373509],[0.5723685  0.29596254],[0.58683813 0.30183521],[0.56735402 0.30592883],[0.54935527 0.30342704],1663671835687
1066,0.21920183885269784,0.2556397340359596,0.2374207864443287,[0.54310638 0.29974273],[0.56352091 0.29514429],[0.58317894 0.29779178],[0.59731418 0.30363616],[0.5778904  0.30870244],[0.55878103 0.30584261],1663671835706
1067,0.22591221257665917,0.23987030210871765,0.2328912573426884,[0.54481989 0.29899335],[0.56564194 0.29419056],[0.58522499 0.29693621],[0.59944022 0.30305502],[0.57972765 0.30820248],[0.56055212 0.30529022],1663671835726
1068,0.21455236640932016,0.24009772254314127,0.2273250444762307,[0.5451178  0.29933468],[0.56613237 0.2956908 ],[0.58588141 0.29936719],[0.59996462 0.30580595],[0.57984352 0.30974358],[0.56059152 0.30598772],1663671835749
1069,0.21716784528017458,0.18654997138223148,0.201858908331203,[0.54510117 0.30000001],[0.5644297  0.29570377],[0.58300096 0.29838198],[0.59685016 0.30425262],[0.5779711  0.30859134],[0.55989271 0.30591202],1663671835774
1070,0.21885634036445464,0.2555721401764779,0.23721424027046628,[0.55289215 0.29918757],[0.57169276 0.29413769],[0.59006184 0.2968218 ],[0.60430354 0.30322996],[0.58498454 0.30697891],[0.56714815 0.30439329],1663671835796
1071,0.23322478790757636,0.25202870451092246,0.2426267462092494,[0.55923522 0.29650831],[0.57893765 0.29173464],[0.59759462 0.29486191],[0.61115801 0.30131996],[0.59148026 0.30556858],[0.57346821 0.30240849],1663671835817
1072,0.2260213073795179,0.21545100059265637,0.22073615398608715,[0.5604521  0.29944408],[0.58153874 0.29561573],[0.60072351 0.29973432],[0.61398673 0.30651879],[0.5939455  0.30996615],[0.57520252 0.30596766],1663671835838
1073,0.2099820397896213,0.2398181577457871,0.2249000987677042,[0.56024432 0.30105567],[0.58023363 0.29739827],[0.59895098 0.30129397],[0.61255741 0.30806646],[0.59290332 0.31060496],[0.57473856 0.30700049],1663671835857
1074,0.20468342798280673,0.2527203025216925,0.22870186525224961,[0.56355506 0.30521885],[0.58244026 0.30140677],[0.60088599 0.30515081],[0.61503994 0.31149989],[0.59510428 0.31411111],[0.57732815 0.31065688],1663671835880
1075,0.23209445952573654,0.24113310797992857,0.23661378375283254,[0.56355518 0.30420822],[0.58498514 0.29948905],[0.60473412 0.30321276],[0.61849755 0.3101173 ],[0.59800547 0.31428456],[0.57884008 0.31059727],1663671835901
1076,0.22421977644531899,0.2479520463070294,0.23608591137617418,[0.56149071 0.30712071],[0.58219838 0.3033846 ],[0.60135341 0.30784804],[0.61458904 0.31502575],[0.59471667 0.31785738],[0.57627809 0.31389615],1663671835922
1077,0.2244891776054904,0.20429377129844256,0.2143914744519665,[0.55580002 0.3082031 ],[0.57528037 0.30353397],[0.59379816 0.30746499],[0.60744488 0.31471291],[0.58745152 0.31727979],[0.56969088 0.31379297],1663671835941
1078,0.20937315558638422,0.19815061776731835,0.2037618866768513,[0.5521462  0.31101632],[0.57188392 0.30718875],[0.5907287  0.31090918],[0.60431772 0.31704935],[0.58433658 0.32002708],[0.56628954 0.31649333],1663671835962
1079,0.2137554681824127,0.22953157097295704,0.22164351957768486,[0.55104113 0.30980864],[0.57222056 0.30535775],[0.59222001 0.30869776],[0.60628909 0.31495517],[0.58589458 0.31888962],[0.56660056 0.31564942],1663671835987
1080,0.2004095842887551,0.24888503562698117,0.22464730995786814,[0.54685736 0.30160761],[0.56810111 0.29814231],[0.58821291 0.30143961],[0.60266018 0.30704069],[0.58160031 0.31079939],[0.5619635  0.30728599],1663671836008
1081,0.22264984124950585,0.2221489499345939,0.22239939559204985,[0.5433296  0.29843837],[0.56379366 0.29438725],[0.5831961  0.29792777],[0.59726322 0.30479211],[0.57658374 0.30832922],[0.55796528 0.30471331],1663671836032
1082,0.22178955540534012,0.2562855874851818,0.23903757144526097,[0.53377253 0.29930028],[0.5536505  0.29447344],[0.57255566 0.29763809],[0.58672827 0.3042267 ],[0.56655735 0.30789039],[0.54827368 0.30487984],1663671836056
1083,0.20856400530534572,0.2849746921849055,0.24676934874512563,[0.52376062 0.30213016],[0.54442084 0.29758412],[0.5642851 0.3004407],[0.57871747 0.3064363 ],[0.55826217 0.31048524],[0.53921103 0.30759165],1663671836076
1084,0.2093204586983072,0.2367574461042006,0.2230389524012539,[0.51752537 0.29988894],[0.53842402 0.29427794],[0.55859947 0.29647377],[0.57358712 0.30215147],[0.55280858 0.30692288],[0.53323168 0.30458647],1663671836099
1085,0.21317398233362259,0.28429717012327643,0.2487355762284495,[0.51639056 0.29959005],[0.53613067 0.29371226],[0.55573797 0.29555702],[0.57099205 0.30099002],[0.55067348 0.30628285],[0.53149915 0.30415693],1663671836119
1086,0.2187636394294223,0.3002366626169884,0.25950015102320534,[0.51321799 0.29912159],[0.53353363 0.2932601 ],[0.55331498 0.29519653],[0.56832916 0.30050564],[0.54791987 0.30619445],[0.52860045 0.30405673],1663671836138
1087,0.2166845176730241,0.27895189401528975,0.24781820584415692,[0.51030409 0.2973634 ],[0.53034127 0.2916103 ],[0.55006522 0.29367504],[0.56501406 0.29897416],[0.5443266 0.3042576],[0.52528888 0.30214268],1663671836162
1088,0.218090932878572,0.2964184290828779,0.25725468098072496,[0.50589418 0.29657266],[0.52503878 0.29009262],[0.54442841 0.29182309],[0.55971324 0.29721713],[0.53920603 0.30251658],[0.5205301  0.30075449],1663671836182
1089,0.21649466278815668,0.28769074927607774,0.2520927060321172,[0.50884807 0.30033389],[0.52822924 0.29414865],[0.54806542 0.29516363],[0.56334037 0.2999807 ],[0.54393798 0.30648109],[0.52470046 0.30514479],1663671836204
1090,0.20259897874590088,0.28886359583499455,0.24573128729044771,[0.50830144 0.30148524],[0.52835864 0.29582423],[0.54849005 0.29708827],[0.56381482 0.30169678],[0.54409152 0.30770463],[0.52432007 0.30605882],1663671836225
1091,0.2007136213238818,0.28687034518814586,0.2437919832560138,[0.50795168 0.30160797],[0.52840912 0.29575527],[0.5488897  0.29698592],[0.56446886 0.30186391],[0.54458374 0.3077468 ],[0.52446306 0.30612734],1663671836250
1092,0.21247371000052084,0.29093858142801143,0.25170614571426614,[0.5098151  0.30296788],[0.52976048 0.29701185],[0.5493958  0.29823545],[0.56433564 0.30293608],[0.54461908 0.30901384],[0.52553415 0.30757681],1663671836270
1093,0.2056953183157262,0.2330198457432002,0.2193575820294632,[0.51104432 0.30229732],[0.53075737 0.29710707],[0.55053961 0.2988683 ],[0.56569612 0.30377924],[0.5456171  0.30920529],[0.52658015 0.30732876],1663671836293
1094,0.21369361650309465,0.21854117175648538,0.21611739412979003,[0.5133664  0.30443251],[0.53323823 0.29974675],[0.55326188 0.30189225],[0.56823003 0.30706769],[0.54773569 0.31259263],[0.52856958 0.31018192],1663671836316
1095,0.21870749779394785,0.25109448079742197,0.23490098929568493,[0.5144369  0.30644578],[0.53407949 0.30133426],[0.5539887  0.30334246],[0.56916255 0.30855548],[0.54854435 0.3143318 ],[0.52955496 0.31211486],1663671836339
1096,0.21396977869632197,0.22846984879277527,0.22121981374454863,[0.51466507 0.30559969],[0.53492939 0.29981405],[0.55503148 0.30147496],[0.57015628 0.30656895],[0.5496403  0.31234467],[0.53030533 0.31047139],1663671836363
1097,0.23071672751154718,0.2555497454818719,0.24313323649670954,[0.51707333 0.30438545],[0.53756326 0.29827821],[0.55800515 0.300111  ],[0.57304251 0.30532604],[0.55202353 0.31195185],[0.53237653 0.30972135],1663671836384
1098,0.21640652758225012,0.26864740060827763,0.24252696409526386,[0.51585418 0.30922526],[0.53661978 0.30419642],[0.55715251 0.30639631],[0.57202691 0.31176999],[0.55144119 0.317462  ],[0.53184825 0.31508106],1663671836403
1099,0.2187590596001644,0.2272471596230966,0.2230031096116305,[0.51449114 0.30836344],[0.53511453 0.30247378],[0.55562896 0.30465725],[0.57044101 0.30981198],[0.54982859 0.31569836],[0.53019917 0.31343767],1663671836427
1100,0.21207001027131284,0.28284121109834387,0.24745561068482835,[0.51171774 0.3072584 ],[0.53284234 0.3015756 ],[0.55360007 0.30354059],[0.56845701 0.30849868],[0.54793501 0.31441462],[0.52795905 0.31232864],1663671836448
1101,0.2139816116070762,0.24257024216067727,0.22827592688387674,[0.5095675  0.30761638],[0.52912903 0.30243424],[0.5488252  0.30470115],[0.5634762  0.30958322],[0.54312271 0.31500012],[0.52440524 0.3127149 ],1663671836470
1102,0.21527307718690733,0.28541976188093116,0.25034641953391923,[0.50728899 0.30752611],[0.52870864 0.30202675],[0.54945213 0.30368406],[0.56460375 0.30843329],[0.54385883 0.31502512],[0.52371329 0.31297541],1663671836493
1103,0.2335071395615129,0.2627103050508392,0.24810872230617603,[0.50519192 0.30725887],[0.52597857 0.30041984],[0.54644811 0.30205101],[0.56174153 0.30701521],[0.54076087 0.31425256],[0.52086198 0.31231382],1663671836512
1104,0.20631027297470655,0.2848586055570648,0.2455844392658857,[0.50439596 0.30792663],[0.52556026 0.301557  ],[0.54673904 0.30246845],[0.56230468 0.30678314],[0.54161018 0.31360674],[0.52105492 0.31228602],1663671836534
1105,0.19449000034824754,0.2620026207371497,0.22824631054269862,[0.50837862 0.30708122],[0.5281899  0.30130285],[0.54859084 0.30219907],[0.56425005 0.30615938],[0.54410303 0.31238687],[0.52431065 0.31117111],1663671836554
1106,0.22860060523370015,0.28855640418250866,0.2585785047081044,[0.51376337 0.30720735],[0.533189   0.30086288],[0.55263263 0.30217075],[0.56803155 0.30712789],[0.54789084 0.31387296],[0.52872503 0.31220084],1663671836577
1107,0.20772023076907298,0.2624762306762519,0.23509823072266245,[0.51289749 0.31109807],[0.53190148 0.30557662],[0.55157053 0.30684525],[0.56661475 0.31138423],[0.54720777 0.31736138],[0.52835292 0.31591606],1663671836600
1108,0.21472039248454994,0.28768792014608435,0.2512041563153171,[0.51450044 0.31206954],[0.53465557 0.30577961],[0.55514985 0.30690426],[0.57020199 0.31142539],[0.55047202 0.3181572 ],[0.53066623 0.31681636],1663671836621
1109,0.217851758342715,0.20411132854630698,0.21098154344451098,[0.51855427 0.31324732],[0.54019129 0.30688235],[0.56108391 0.30852586],[0.57631308 0.31362134],[0.55562228 0.32007736],[0.53502578 0.31814274],1663671836642
1110,0.22491157072221116,0.28622206073139667,0.2555668157268039,[0.51632267 0.31257433],[0.53704226 0.3062543 ],[0.55768234 0.30779326],[0.57295412 0.31299263],[0.55201459 0.31954396],[0.53204155 0.31763256],1663671836667
1111,0.2103889035356916,0.29338077057607165,0.2518848370558816,[0.5146699  0.31489268],[0.53513169 0.30813161],[0.55581707 0.30911124],[0.57141978 0.31389347],[0.55078989 0.32018226],[0.53059542 0.31894228],1663671836687
1112,0.21085275533134537,0.28495571313305224,0.24790423423219882,[0.51183778 0.3153508 ],[0.53225732 0.30916926],[0.55269909 0.31044385],[0.56809843 0.31530899],[0.54769737 0.32144722],[0.52784622 0.31993955],1663671836709
1113,0.21732772189653138,0.2783910520666812,0.24785938698160628,[0.51411253 0.31521732],[0.53424394 0.30816865],[0.5545761  0.30898404],[0.57004547 0.31351233],[0.54967779 0.32035136],[0.52980924 0.31926   ],1663671836734
1114,0.22549455630225732,0.23619683772072886,0.2308456970114931,[0.51906073 0.31479669],[0.54009807 0.30867398],[0.56069541 0.31030262],[0.57591152 0.31518701],[0.55492043 0.32210514],[0.53484309 0.32001579],1663671836754
1115,0.22012161748779183,0.28860879715252763,0.2543652073201597,[0.51820278 0.32065332],[0.53894353 0.31456849],[0.55958712 0.31642491],[0.57520735 0.32207137],[0.55387682 0.32796121],[0.533898   0.32571077],1663671836777
1116,0.21432689828508578,0.3223810027422219,0.26835395051365385,[0.51346278 0.32455257],[0.53340858 0.31792352],[0.55348796 0.31958303],[0.56881285 0.32493499],[0.54816335 0.33033574],[0.52875936 0.32869035],1663671836800
1117,0.22872697035993872,0.3004430098873963,0.26458499012366754,[0.51094812 0.32232469],[0.5316211  0.31530499],[0.55242163 0.31673452],[0.56717205 0.32179356],[0.54657221 0.32847369],[0.52660316 0.32686839],1663671836822
1118,0.22434711778534794,0.31317704328161994,0.26876208053348394,[0.51601028 0.32050219],[0.53601223 0.31348339],[0.55605811 0.31487277],[0.57077777 0.31992838],[0.55083722 0.32615736],[0.53153384 0.32476866],1663671836846
1119,0.21924952924272728,0.26941444926125224,0.24433198925198976,[0.52593809 0.31696537],[0.54606563 0.31089592],[0.56625402 0.31259206],[0.58075458 0.3175275 ],[0.5608893  0.32352725],[0.54152369 0.32184958],1663671836872
1120,0.2329940883128912,0.19036788632066456,0.21168098731677787,[0.5291816  0.31284457],[0.55016142 0.30573016],[0.5707556  0.30740476],[0.58561838 0.31284675],[0.5657385  0.31959856],[0.54570645 0.3180635 ],1663671836897
1121,0.2307166079030725,0.23875119337591338,0.23473390063949295,[0.53572881 0.31026539],[0.5561195  0.30332461],[0.57602733 0.30533433],[0.59063691 0.3108983 ],[0.57054168 0.31680787],[0.55115974 0.31492981],1663671836921
1122,0.2224333064153549,0.2612607600949672,0.24184703325516105,[0.53637016 0.30780491],[0.55760723 0.30259302],[0.57787442 0.30520988],[0.59201872 0.31044397],[0.57100266 0.31583419],[0.55140561 0.31301907],1663671836940
1123,0.18478722844768286,0.2621511313060495,0.22346917987686618,[0.53724009 0.30997917],[0.55850804 0.30672145],[0.57912517 0.30993941],[0.59348422 0.3146669 ],[0.57288319 0.31857198],[0.55308855 0.31536919],1663671836958
1124,0.22410637448315096,0.2631430538299191,0.24362471415653503,[0.5359984  0.31384918],[0.55702454 0.30845153],[0.57692355 0.3113839 ],[0.59082675 0.31730473],[0.57049012 0.32205305],[0.55135804 0.31921598],1663671836980
1125,0.2265810000646317,0.29000756455099025,0.258294282307811,[0.53804696 0.31239918],[0.55967236 0.30674955],[0.58017522 0.30933192],[0.59438443 0.3150031 ],[0.57338071 0.320445  ],[0.55350238 0.31765708],1663671837002
1126,0.23006265624116237,0.23797286270851215,0.23401775947483727,[0.54312772 0.31137288],[0.56504869 0.30519396],[0.58561802 0.30787757],[0.59966457 0.31352541],[0.57898092 0.31918657],[0.55889213 0.31655294],1663671837022
1127,0.2163704506051814,0.23663854723302155,0.22650449891910146,[0.54811174 0.31270817],[0.56911135 0.30811599],[0.5890007  0.31127331],[0.60267949 0.31671387],[0.58241761 0.32128829],[0.56320566 0.31820729],1663671837042
1128,0.23233820560243817,0.2783031857393104,0.2553206956708743,[0.54948014 0.30724341],[0.5710094  0.30183759],[0.59143567 0.30525842],[0.60569566 0.31178087],[0.58477092 0.31668252],[0.56498957 0.31333828],1663671837060
1129,0.2181834696685059,0.259862239414468,0.23902285454148697,[0.5510695  0.30792585],[0.57233846 0.30371937],[0.59227979 0.30753371],[0.60607046 0.31416288],[0.58591163 0.31779984],[0.56655854 0.31431955],1663671837081
1130,0.2537040328298837,0.2987142885293697,0.2762091606796267,[0.55005652 0.31268948],[0.57022476 0.30626526],[0.58973634 0.30977118],[0.60376453 0.31687161],[0.58220661 0.32142204],[0.56385446 0.31812477],1663671837103
1131,0.23435467032790175,0.21720231832074394,0.22577849432432284,[0.54870558 0.3125681 ],[0.57062876 0.30708024],[0.59109396 0.31089261],[0.60493118 0.31769091],[0.58413249 0.32218012],[0.56440938 0.31872439],1663671837122
1132,0.23222349515959734,0.2779312702486469,0.2550773827041221,[0.54489112 0.31350848],[0.56503189 0.30750898],[0.58451957 0.31035861],[0.59868944 0.31654122],[0.57796907 0.32119918],[0.55941659 0.31851998],1663671837141
1133,0.23457258925157737,0.2955471374086506,0.265059863330114,[0.53879786 0.31461033],[0.56030428 0.30800864],[0.58091134 0.31084162],[0.59535027 0.31736583],[0.5738005  0.32230026],[0.55413723 0.3195402 ],1663671837165
1134,0.23311788128838154,0.2452462322756095,0.2391820567819955,[0.53615552 0.31632879],[0.55661339 0.31021273],[0.57651496 0.31291318],[0.59080911 0.31901243],[0.57012093 0.32416853],[0.55119056 0.32154995],1663671837187
1135,0.21080265175279378,0.23164102886229823,0.221221840307546,[0.53507364 0.31586653],[0.55613697 0.31050453],[0.57660431 0.31323278],[0.59120005 0.31914431],[0.57075286 0.3236976 ],[0.55114698 0.32110238],1663671837209
1136,0.21435174778862548,0.2603627971149301,0.2373572724517778,[0.53480363 0.31690019],[0.55565327 0.31163123],[0.57595807 0.31424767],[0.59055901 0.32003382],[0.57006818 0.32488036],[0.55065721 0.32230505],1663671837242
1137,0.22147315720985436,0.24363154934859432,0.23255235327922436,[0.53712636 0.31427556],[0.55866802 0.308146  ],[0.57959944 0.31071144],[0.59465486 0.31686953],[0.57376218 0.32226065],[0.55347484 0.31959021],1663671837263
1138,0.22058648252074006,0.26428131947473477,0.24243390099773743,[0.54025108 0.31323054],[0.56186229 0.30796853],[0.58241248 0.31053507],[0.59708023 0.31630921],[0.57640314 0.32175934],[0.55629575 0.3190226 ],1663671837290
1139,0.21360661362206043,0.2733286652443488,0.2434676394332046,[0.54171497 0.31225374],[0.56355643 0.30742413],[0.58420491 0.31010386],[0.59892619 0.31565329],[0.57815057 0.32095629],[0.55785853 0.31805038],1663671837311
1140,0.21669347432816413,0.29189999567555935,0.25429673500186173,[0.5391233  0.31314045],[0.56025821 0.30814236],[0.58044773 0.31100696],[0.59485263 0.31668994],[0.57455981 0.32166928],[0.55499494 0.31895021],1663671837334
1141,0.23068761796426943,0.25100183158615985,0.24084472477521462,[0.53615969 0.31825113],[0.55752015 0.3126387 ],[0.57840496 0.31529033],[0.59323722 0.32148114],[0.57212102 0.32724571],[0.5519942  0.32426202],1663671837355
1142,0.21541215748585107,0.3041774731700781,0.25979481532796456,[0.52949345 0.32055765],[0.55051923 0.31540489],[0.57089126 0.31762773],[0.5853492  0.32275081],[0.56510085 0.32842404],[0.54536051 0.32605249],1663671837382
1143,0.2108401673993777,0.268403181596365,0.23962167449787136,[0.53030604 0.32074103],[0.55070513 0.31471232],[0.57091886 0.31641617],[0.58576238 0.32160816],[0.56589317 0.32717255],[0.54622895 0.32532188],1663671837404
1144,0.20588397893621802,0.26908383412930686,0.23748390653276244,[0.53402179 0.31570733],[0.55551976 0.31043717],[0.57635796 0.31236154],[0.59144616 0.31714326],[0.57055086 0.3229892 ],[0.55014277 0.3206504 ],1663671837424
1145,0.22384679864013476,0.26656429437456214,0.24520554650734844,[0.53462297 0.30960414],[0.55602098 0.30369958],[0.57667971 0.30608708],[0.59123993 0.31176376],[0.57053506 0.31747523],[0.55057621 0.31486848],1663671837441
1146,0.21212903836624947,0.23552033326635688,0.22382468581630316,[0.53589308 0.30701712],[0.55713063 0.30284336],[0.57760495 0.30556667],[0.59193945 0.31055292],[0.57121414 0.31601447],[0.55142063 0.31291538],1663671837461
1147,0.21058204991533835,0.24548640504154853,0.22803422747844343,[0.53631598 0.30681202],[0.55787212 0.30261895],[0.57863945 0.30531958],[0.59304607 0.31049126],[0.57221889 0.31583446],[0.55222785 0.31277916],1663671837485
1148,0.2262876132124232,0.2322842774962143,0.22928594535431873,[0.53466415 0.30428717],[0.55404311 0.29885778],[0.57299811 0.30120739],[0.58733541 0.30705658],[0.56750315 0.31201306],[0.54925573 0.30958614],1663671837506
1149,0.22603974411091754,0.20967634829423332,0.21785804620257543,[0.53140211 0.30704421],[0.55063331 0.30184159],[0.56959677 0.30462751],[0.58373773 0.31085292],[0.56398135 0.3152236 ],[0.54585165 0.31255311],1663671837524
1150,0.2077619475255272,0.2839902692783305,0.24587610840192886,[0.52835089 0.31371024],[0.54813552 0.30928582],[0.56775415 0.31185952],[0.58217597 0.31741828],[0.56225312 0.3219426 ],[0.54349917 0.31918657],1663671837545
1151,0.21744673526214403,0.297719113972677,0.2575829246174105,[0.52631313 0.31849438],[0.54550982 0.31316215],[0.56473172 0.31529739],[0.57931554 0.32074174],[0.55994076 0.32595646],[0.5414055  0.32378143],1663671837565
1152,0.2096135979767072,0.3155493542502843,0.26258147611349575,[0.52579582 0.31709689],[0.545304  0.3117145],[0.56510752 0.31352481],[0.58019447 0.31887776],[0.56031591 0.32420337],[0.54124045 0.32205823],1663671837584
1153,0.21160651701890795,0.2610061021528722,0.23630630958589005,[0.5275231  0.31389084],[0.54686457 0.30843258],[0.56597114 0.31043252],[0.58074594 0.31522712],[0.56070256 0.32054824],[0.54213679 0.31850433],1663671837603
1154,0.21927683847502635,0.25593913083556796,0.23760798465529714,[0.52987516 0.30916482],[0.55029923 0.3031317 ],[0.57004178 0.30440518],[0.58522481 0.30891278],[0.56475502 0.31559053],[0.54521191 0.31389192],1663671837623
1155,0.22677243176300038,0.2485071334527894,0.2376397826078949,[0.52849525 0.30732194],[0.54843801 0.30125594],[0.56805915 0.30359197],[0.58279443 0.30952716],[0.56307644 0.31488481],[0.54404974 0.31275097],1663671837641
1156,0.21548652399317497,0.27689727721639396,0.24619190060478446,[0.52744204 0.30965924],[0.54634094 0.30476618],[0.56502432 0.30715862],[0.57966948 0.31260899],[0.55957383 0.3172752 ],[0.54157162 0.31473732],1663671837659
1157,0.20479357138424603,0.28992833684646696,0.2473609541153565,[0.52609134 0.31288713],[0.54492897 0.30832213],[0.56406856 0.31051689],[0.5792796  0.31579828],[0.55896032 0.32046512],[0.54059136 0.31803209],1663671837682
1158,0.22285513080215474,0.2604675857138597,0.24166135825800722,[0.52396202 0.31188712],[0.5440641  0.30743927],[0.5638755  0.30969924],[0.57856297 0.31510863],[0.55834156 0.32093248],[0.53917116 0.31823868],1663671837702
1159,0.21646504549727758,0.2699723940574877,0.24321871977738263,[0.52423948 0.31187552],[0.54451364 0.30707705],[0.56416357 0.30923769],[0.57889837 0.31432351],[0.55854249 0.31995377],[0.53935796 0.31745309],1663671837721
1160,0.19991089595039568,0.2515298750006501,0.2257203854755229,[0.52833802 0.31317061],[0.54954338 0.30903476],[0.57003921 0.3109605 ],[0.58519828 0.31561434],[0.56503129 0.3214843 ],[0.54478914 0.31906548],1663671837740
1161,0.2093666417420934,0.25611711627403644,0.23274187900806492,[0.534262   0.31073624],[0.55550581 0.30592266],[0.57552582 0.30809298],[0.59006786 0.31270346],[0.56950617 0.31833339],[0.54966199 0.31583142],1663671837758
1162,0.2125037962765102,0.2612157343935206,0.2368597653350154,[0.53331482 0.30951187],[0.55517322 0.30489254],[0.57591981 0.30767444],[0.59055388 0.31335446],[0.57011598 0.3185823 ],[0.54973513 0.31561875],1663671837776
1163,0.22394822757359578,0.17047057440402896,0.19720940098881237,[0.53025717 0.30857244],[0.5507409  0.30460545],[0.56992489 0.30703902],[0.5839631  0.31218293],[0.56412071 0.31791064],[0.54532319 0.31507134],1663671837797
1164,0.21270381134164873,0.18742563846224333,0.20006472490194604,[0.52347147 0.30823001],[0.54350275 0.30435273],[0.56246674 0.306474  ],[0.5769667  0.31146663],[0.55704099 0.31677246],[0.53827518 0.31421104],1663671837817
1165,0.17449968876150257,0.2292558369164454,0.201877762838974,[0.51712692 0.31074145],[0.53769511 0.30829027],[0.55791575 0.31013381],[0.57363462 0.31364924],[0.5532766  0.31911927],[0.53330028 0.31686443],1663671837837
1166,0.1862133149971023,0.2864699828006292,0.23634164889886575,[0.50906199 0.30746141],[0.52883136 0.30320096],[0.54892629 0.30434531],[0.56443328 0.30783302],[0.54459143 0.31407455],[0.52496785 0.31239298],1663671837862
1167,0.19824065804232502,0.26842995102345324,0.23333530453288914,[0.49939579 0.30657405],[0.51993728 0.30119383],[0.54065025 0.30253494],[0.55624849 0.30700707],[0.53594017 0.31314895],[0.51586622 0.31133687],1663671837883
1168,0.19751105355990087,0.294568029269842,0.24603954141487144,[0.49539962 0.3067193 ],[0.51484388 0.30092174],[0.53438449 0.30175075],[0.54947096 0.30569649],[0.53042865 0.31183547],[0.51134723 0.31085461],1663671837904
1169,0.19913711263161968,0.2618567265567288,0.23049691959417423,[0.49548069 0.30214584],[0.51519763 0.29620305],[0.53505224 0.29689687],[0.55065012 0.30091789],[0.53141093 0.30744553],[0.51186198 0.30649453],1663671837924
1170,0.2087764421394714,0.27424617072748253,0.24151130643347696,[0.49691111 0.29883596],[0.51738346 0.2920357 ],[0.53776574 0.29243389],[0.55355233 0.29673827],[0.53381085 0.30377313],[0.51368541 0.30309138],1663671837942
1171,0.2099164824587815,0.24929314030239574,0.22960481138058864,[0.49976474 0.29822969],[0.52045387 0.29148579],[0.54075944 0.29238591],[0.5565995  0.29738054],[0.53676701 0.30375904],[0.51649421 0.30261245],1663671837963
1172,0.2133951237296822,0.2418572917040699,0.22762620771687603,[0.50015765 0.29764476],[0.52090371 0.29126212],[0.54148751 0.29222798],[0.55742866 0.29709369],[0.53717601 0.30392885],[0.51679456 0.30250886],1663671837985
1173,0.2250112177536571,0.26750302523346414,0.2462571214935606,[0.50081718 0.29880497],[0.52177292 0.29202291],[0.54258019 0.29299977],[0.55834728 0.29774567],[0.53759348 0.30534968],[0.5172559  0.30375922],1663671838005
1174,0.21363879601792235,0.262779886924251,0.2382093414710867,[0.50085253 0.30070025],[0.52187872 0.29396909],[0.54243737 0.29497793],[0.55850339 0.29986507],[0.53784519 0.30657595],[0.51738465 0.30526972],1663671838025
1175,0.2108214663911663,0.2868429332098751,0.24883219980052068,[0.49725711 0.29989415],[0.51704901 0.2928569 ],[0.53684783 0.29352632],[0.55274951 0.29810914],[0.53260362 0.30459362],[0.51306129 0.30370399],1663671838050
1176,0.21926194787332287,0.26447115690991685,0.24186655239161986,[0.50004798 0.29638276],[0.51961929 0.28995341],[0.53907245 0.29103231],[0.55451322 0.29571307],[0.53435194 0.30221373],[0.51530534 0.30088186],1663671838072
1177,0.2511853292214996,0.27696196329215406,0.26407364625682683,[0.50615776 0.2985191 ],[0.52451491 0.29025343],[0.54344678 0.29180661],[0.55873388 0.29807159],[0.53856152 0.30412072],[0.52032912 0.30273622],1663671838091
1178,0.2526838433835737,0.29905247152176706,0.27586815745267035,[0.51323402 0.30134448],[0.53224522 0.29295295],[0.55199075 0.29454115],[0.56699604 0.30097347],[0.54667646 0.30714488],[0.52796596 0.30574828],1663671838112
1179,0.2548070679540112,0.2759858182503592,0.26539644310218524,[0.51868671 0.30047515],[0.5392555 0.292501 ],[0.55993491 0.29487497],[0.57442248 0.30217457],[0.5532769  0.30761799],[0.53375846 0.30541947],1663671838137
1180,0.2556099658934702,0.2648635593006211,0.26023676259704565,[0.5187189 0.2932964],[0.53958368 0.28618866],[0.56001651 0.28964728],[0.57435048 0.29776654],[0.5523026  0.30181316],[0.53304487 0.29871053],1663671838156
1181,0.22614527449312766,0.19241528612022313,0.2092802803066754,[0.51865864 0.29157323],[0.53843343 0.28533292],[0.55844563 0.28811818],[0.57369602 0.29606253],[0.55234796 0.29910171],[0.53333473 0.29665035],1663671838175
1182,0.2098776046552558,0.2577592623704406,0.2338184335128482,[0.51934063 0.28819472],[0.53668571 0.28245661],[0.55597997 0.28461748],[0.5715993  0.29054564],[0.55087644 0.29451808],[0.53297365 0.29261935],1663671838196
1183,0.18566518546759708,0.2630242261285302,0.22434470579806365,[0.5205977  0.28740895],[0.536744   0.28255981],[0.55492711 0.28419626],[0.57040226 0.28864399],[0.55114949 0.29266563],[0.53392023 0.29134303],1663671838217
1184,0.19946891842915476,0.23739049699185727,0.21842970771050602,[0.52240032 0.28825113],[0.53978544 0.28251919],[0.55807424 0.28398004],[0.57297277 0.28877324],[0.55422425 0.29324088],[0.53652215 0.29212725],1663671838236
1185,0.19814744548468713,0.22773306369674182,0.21294025459071447,[0.52321643 0.28864148],[0.54090893 0.2832222 ],[0.55925834 0.28467444],[0.57424051 0.28944236],[0.55521822 0.29393423],[0.5373615  0.29270038],1663671838258
1186,0.18200682573806173,0.25556392215361634,0.21878537394583902,[0.5258376 0.2846716],[0.54291153 0.28004605],[0.56154013 0.28174329],[0.57695436 0.28594992],[0.55781353 0.2902078 ],[0.53999305 0.28894413],1663671838280
1187,0.20338142153303115,0.20044599322715975,0.20191370738009545,[0.52555335 0.28829831],[0.5430305  0.28329948],[0.56095529 0.28461325],[0.57580686 0.28933454],[0.55771548 0.29422799],[0.5401718 0.2931945],1663671838302
1188,0.18893631209698297,0.13145693988501858,0.16019662599100076,[0.52649409 0.29158545],[0.54399592 0.28824207],[0.56141663 0.28926381],[0.57617837 0.29238057],[0.55757326 0.29802415],[0.54028141 0.29667023],1663671838322
1189,0.17664142799168567,0.19752473515775476,0.1870830815747202,[0.52322555 0.28756922],[0.54075092 0.28526875],[0.5583117  0.28623945],[0.57315469 0.288551  ],[0.55450773 0.29448602],[0.53709263 0.29300863],1663671838342
1190,0.20399025574559188,0.15504192339346307,0.17951608956952747,[0.51823479 0.28903878],[0.53658557 0.28422073],[0.55464917 0.28479806],[0.56983125 0.28875104],[0.55094266 0.29487577],[0.53290707 0.29385534],1663671838365
1191,0.20705646905122313,0.21569945441841107,0.2113779617348171,[0.5138523  0.28894135],[0.53368706 0.28296554],[0.55314243 0.2833164 ],[0.5687893  0.28741142],[0.54955876 0.29437524],[0.53014839 0.29352218],1663671838387
1192,0.20186036273627056,0.1837779561968741,0.19281915946657233,[0.51376963 0.29134351],[0.5314548  0.28618097],[0.55000228 0.28678882],[0.56578737 0.2910645 ],[0.54698384 0.2970984 ],[0.52876633 0.29608101],1663671838408
1193,0.220548334318288,0.24023921866173964,0.2303937764900138,[0.51073897 0.29438797],[0.52917749 0.28829077],[0.54772544 0.28921986],[0.56288153 0.2938731 ],[0.5436967 0.3001613],[0.5254364  0.29899743],1663671838430
1194,0.2151144305356707,0.2561197821315889,0.2356171063336298,[0.51402193 0.29579705],[0.5331561  0.28963682],[0.55264866 0.29061419],[0.5681361  0.29517707],[0.54877168 0.3016741 ],[0.5297159  0.30067647],1663671838450
1195,0.21029702131905997,0.242210304757897,0.2262536630384785,[0.51391536 0.29874423],[0.5336526  0.29288602],[0.55320013 0.29392633],[0.56878352 0.29861382],[0.54921663 0.30495092],[0.52992994 0.30361354],1663671838471
1196,0.21198911393140746,0.2574860799074536,0.23473759691943052,[0.51258618 0.30316114],[0.53344017 0.29776862],[0.55386257 0.29941636],[0.56927794 0.30445594],[0.54916555 0.31066138],[0.52919686 0.30883902],1663671838489
1197,0.20549933061250103,0.306628102067142,0.2560637163398215,[0.50873047 0.30654818],[0.5285694  0.30014208],[0.54875618 0.30118093],[0.56436104 0.3059065 ],[0.5447138  0.31208929],[0.52501124 0.31079593],1663671838507
1198,0.20999277744406533,0.30776987141831796,0.25888132443119166,[0.50678849 0.30690414],[0.5270741  0.30040431],[0.54737592 0.30158335],[0.56297517 0.30637118],[0.54325837 0.31279355],[0.52328765 0.31142834],1663671838524
1199,0.2153183329105353,0.3165369126392408,0.265927622774888,[0.50502884 0.30726594],[0.52354306 0.30020139],[0.54284495 0.30110079],[0.5580942  0.30577931],[0.53897095 0.31189683],[0.5203284  0.31112915],1663671838543
1200,0.20736275067717766,0.29846580856161786,0.2529142796193978,[0.50626367 0.3058373 ],[0.52608502 0.29966685],[0.54616845 0.30076346],[0.56175399 0.30568081],[0.54218304 0.31170863],[0.5225479  0.31046757],1663671838564
